time,Measurement,DA_1,DA_2,DA_3,HA,RT,HA_ub,HA_lb
1989-01-01 00:00:00,4.7404,4.7404,0,0,0,0,0,0
1989-01-01 01:00:00,4.6367,4.6367,0,0,0,0,0,0
1989-01-01 02:00:00,4.5643,4.5643,0,0,0,0,0,0
1989-01-01 03:00:00,4.2459,4.2459,0,0,0,0,0,0
1989-01-01 04:00:00,4.0312,4.0312,0,0,0,0,0,0
1989-01-01 05:00:00,3.9393,3.9393,0,0,0,0,0,0
1989-01-01 06:00:00,3.7418,3.7418,0,0,0,0,0,0
1989-01-01 07:00:00,3.3116,3.3116,0,0,0,0,0,0
1989-01-01 08:00:00,2.9966,2.9966,0,0,0,0,0,0
1989-01-01 09:00:00,2.8128,2.8128,0,0,0,0,0,0
1989-01-01 10:00:00,2.5809,2.5809,0,0,0,0,0,0
1989-01-01 11:00:00,1.9632,1.9632,0,0,0,0,0,0
1989-01-01 12:00:00,1.4161,1.4161,0,0,0,0,0,0
1989-01-01 13:00:00,1.138,1.138,0,0,0,0,0,0
1989-01-01 14:00:00,1.4565,1.4565,0,0,0,0,0,0
1989-01-01 15:00:00,1.8393,1.8393,0,0,0,0,0,0
1989-01-01 16:00:00,2.4164,2.4164,0,0,0,0,0,0
1989-01-01 17:00:00,2.8466,2.8466,0,0,0,0,0,0
1989-01-01 18:00:00,3.2509,3.2509,0,0,0,0,0,0
1989-01-01 19:00:00,3.4865,3.4865,0,0,0,0,0,0
1989-01-01 20:00:00,3.6313,3.6313,0,0,0,0,0,0
1989-01-01 21:00:00,3.5606,3.5606,0,0,0,0,0,0
1989-01-01 22:00:00,3.118,3.118,0,0,0,0,0,0
1989-01-01 23:00:00,2.8035,2.8035,0,0,0,0,0,0
1989-01-02 00:00:00,2.6529,2.6529,0,0,0,0,0,0
1989-01-02 01:00:00,2.7177,2.7177,0,0,0,0,0,0
1989-01-02 02:00:00,2.723,2.723,0,0,0,0,0,0
1989-01-02 03:00:00,2.6804,2.6804,0,0,0,0,0,0
1989-01-02 04:00:00,2.5875,2.5875,0,0,0,0,0,0
1989-01-02 05:00:00,2.4732,2.4732,0,0,0,0,0,0
1989-01-02 06:00:00,2.4773,2.4773,0,0,0,0,0,0
1989-01-02 07:00:00,2.5174,2.5174,0,0,0,0,0,0
1989-01-02 08:00:00,2.5967,2.5967,0,0,0,0,0,0
1989-01-02 09:00:00,2.4121,2.4121,0,0,0,0,0,0
1989-01-02 10:00:00,2.4338,2.4338,0,0,0,0,0,0
1989-01-02 11:00:00,1.8311,1.8311,0,0,0,0,0,0
1989-01-02 12:00:00,1.4181,1.4181,0,0,0,0,0,0
1989-01-02 13:00:00,1.4319,1.4319,0,0,0,0,0,0
1989-01-02 14:00:00,1.512,1.512,0,0,0,0,0,0
1989-01-02 15:00:00,1.49,1.49,0,0,0,0,0,0
1989-01-02 16:00:00,1.2881,1.2881,0,0,0,0,0,0
1989-01-02 17:00:00,1.1157,1.1157,0,0,0,0,0,0
1989-01-02 18:00:00,0.9596,0.9596,0,0,0,0,0,0
1989-01-02 19:00:00,0.6633,0.6633,0,0,0,0,0,0
1989-01-02 20:00:00,1.0149,1.0149,0,0,0,0,0,0
1989-01-02 21:00:00,1.5711,1.5711,0,0,0,0,0,0
1989-01-02 22:00:00,2.2274,2.2274,0,0,0,0,0,0
1989-01-02 23:00:00,2.3355,2.3355,0,0,0,0,0,0
1989-01-03 00:00:00,2.3487,2.3487,0,0,0,0,0,0
1989-01-03 01:00:00,2.3694,2.3694,0,0,0,0,0,0
1989-01-03 02:00:00,2.4107,2.4107,0,0,0,0,0,0
1989-01-03 03:00:00,2.5609,2.5609,0,0,0,0,0,0
1989-01-03 04:00:00,3.0347,3.0347,0,0,0,0,0,0
1989-01-03 05:00:00,3.7469,3.7469,0,0,0,0,0,0
1989-01-03 06:00:00,4.165,4.165,0,0,0,0,0,0
1989-01-03 07:00:00,4.4005,4.4005,0,0,0,0,0,0
1989-01-03 08:00:00,4.3733,4.3733,0,0,0,0,0,0
1989-01-03 09:00:00,4.2045,4.2045,0,0,0,0,0,0
1989-01-03 10:00:00,4.094,4.094,0,0,0,0,0,0
1989-01-03 11:00:00,3.768,3.768,0,0,0,0,0,0
1989-01-03 12:00:00,3.224,3.224,0,0,0,0,0,0
1989-01-03 13:00:00,2.4908,2.4908,0,0,0,0,0,0
1989-01-03 14:00:00,1.7425,1.7425,0,0,0,0,0,0
1989-01-03 15:00:00,1.1962,1.1962,0,0,0,0,0,0
1989-01-03 16:00:00,1.286,1.286,0,0,0,0,0,0
1989-01-03 17:00:00,1.158,1.158,0,0,0,0,0,0
1989-01-03 18:00:00,1.0843,1.0843,0,0,0,0,0,0
1989-01-03 19:00:00,1.5145,1.5145,0,0,0,0,0,0
1989-01-03 20:00:00,1.8511,1.8511,0,0,0,0,0,0
1989-01-03 21:00:00,2.0901,2.0901,0,0,0,0,0,0
1989-01-03 22:00:00,1.8661,1.8661,0,0,0,0,0,0
1989-01-03 23:00:00,2.0269,2.0269,0,0,0,0,0,0
1989-01-04 00:00:00,2.0938,2.0938,0,0,0,0,0,0
1989-01-04 01:00:00,2.0423,2.0423,0,0,0,0,0,0
1989-01-04 02:00:00,2.3052,2.3052,0,0,0,0,0,0
1989-01-04 03:00:00,2.7624,2.7624,0,0,0,0,0,0
1989-01-04 04:00:00,3.5049,3.5049,0,0,0,0,0,0
1989-01-04 05:00:00,4.3803,4.3803,0,0,0,0,0,0
1989-01-04 06:00:00,5.3559,5.3559,0,0,0,0,0,0
1989-01-04 07:00:00,6.5878,6.5878,0,0,0,0,0,0
1989-01-04 08:00:00,7.7162,7.7162,0,0,0,0,0,0
1989-01-04 09:00:00,8.6779,8.6779,0,0,0,0,0,0
1989-01-04 10:00:00,9.4034,9.4034,0,0,0,0,0,0
1989-01-04 11:00:00,9.5802,9.5802,0,0,0,0,0,0
1989-01-04 12:00:00,9.6349,9.6349,0,0,0,0,0,0
1989-01-04 13:00:00,9.8015,9.8015,0,0,0,0,0,0
1989-01-04 14:00:00,10.2909,10.2909,0,0,0,0,0,0
1989-01-04 15:00:00,11.2001,11.2001,0,0,0,0,0,0
1989-01-04 16:00:00,12.1671,12.1671,0,0,0,0,0,0
1989-01-04 17:00:00,12.5048,12.5048,0,0,0,0,0,0
1989-01-04 18:00:00,12.173,12.173,0,0,0,0,0,0
1989-01-04 19:00:00,11.5193,11.5193,0,0,0,0,0,0
1989-01-04 20:00:00,10.9487,10.9487,0,0,0,0,0,0
1989-01-04 21:00:00,10.683,10.683,0,0,0,0,0,0
1989-01-04 22:00:00,9.956,9.956,0,0,0,0,0,0
1989-01-04 23:00:00,9.7858,9.7858,0,0,0,0,0,0
1989-01-05 00:00:00,9.7894,9.7894,0,0,0,0,0,0
1989-01-05 01:00:00,9.7091,9.7091,0,0,0,0,0,0
1989-01-05 02:00:00,9.5177,9.5177,0,0,0,0,0,0
1989-01-05 03:00:00,9.12,9.12,0,0,0,0,0,0
1989-01-05 04:00:00,8.5421,8.5421,0,0,0,0,0,0
1989-01-05 05:00:00,8.09,8.09,0,0,0,0,0,0
1989-01-05 06:00:00,7.5426,7.5426,0,0,0,0,0,0
1989-01-05 07:00:00,6.807,6.807,0,0,0,0,0,0
1989-01-05 08:00:00,6.3762,6.3762,0,0,0,0,0,0
1989-01-05 09:00:00,5.9918,5.9918,0,0,0,0,0,0
1989-01-05 10:00:00,6.3208,6.3208,0,0,0,0,0,0
1989-01-05 11:00:00,5.7194,5.7194,0,0,0,0,0,0
1989-01-05 12:00:00,4.787,4.787,0,0,0,0,0,0
1989-01-05 13:00:00,3.9364,3.9364,0,0,0,0,0,0
1989-01-05 14:00:00,3.2331,3.2331,0,0,0,0,0,0
1989-01-05 15:00:00,2.7929,2.7929,0,0,0,0,0,0
1989-01-05 16:00:00,2.7892,2.7892,0,0,0,0,0,0
1989-01-05 17:00:00,2.9938,2.9938,0,0,0,0,0,0
1989-01-05 18:00:00,3.1631,3.1631,0,0,0,0,0,0
1989-01-05 19:00:00,3.5153,3.5153,0,0,0,0,0,0
1989-01-05 20:00:00,3.8776,3.8776,0,0,0,0,0,0
1989-01-05 21:00:00,4.0272,4.0272,0,0,0,0,0,0
1989-01-05 22:00:00,3.2378,3.2378,0,0,0,0,0,0
1989-01-05 23:00:00,2.9141,2.9141,0,0,0,0,0,0
1989-01-06 00:00:00,2.8465,2.8465,0,0,0,0,0,0
1989-01-06 01:00:00,2.8906,2.8906,0,0,0,0,0,0
1989-01-06 02:00:00,2.9355,2.9355,0,0,0,0,0,0
1989-01-06 03:00:00,3.1094,3.1094,0,0,0,0,0,0
1989-01-06 04:00:00,3.4389,3.4389,0,0,0,0,0,0
1989-01-06 05:00:00,3.8039,3.8039,0,0,0,0,0,0
1989-01-06 06:00:00,4.1302,4.1302,0,0,0,0,0,0
1989-01-06 07:00:00,4.3245,4.3245,0,0,0,0,0,0
1989-01-06 08:00:00,4.1502,4.1502,0,0,0,0,0,0
1989-01-06 09:00:00,4.0512,4.0512,0,0,0,0,0,0
1989-01-06 10:00:00,3.8793,3.8793,0,0,0,0,0,0
1989-01-06 11:00:00,3.1717,3.1717,0,0,0,0,0,0
1989-01-06 12:00:00,2.7298,2.7298,0,0,0,0,0,0
1989-01-06 13:00:00,3.8376,3.8376,0,0,0,0,0,0
1989-01-06 14:00:00,5.2897,5.2897,0,0,0,0,0,0
1989-01-06 15:00:00,6.3667,6.3667,0,0,0,0,0,0
1989-01-06 16:00:00,7.1464,7.1464,0,0,0,0,0,0
1989-01-06 17:00:00,7.8077,7.8077,0,0,0,0,0,0
1989-01-06 18:00:00,8.1842,8.1842,0,0,0,0,0,0
1989-01-06 19:00:00,8.1517,8.1517,0,0,0,0,0,0
1989-01-06 20:00:00,7.5318,7.5318,0,0,0,0,0,0
1989-01-06 21:00:00,6.5881,6.5881,0,0,0,0,0,0
1989-01-06 22:00:00,5.7886,5.7886,0,0,0,0,0,0
1989-01-06 23:00:00,6.3085,6.3085,0,0,0,0,0,0
1989-01-07 00:00:00,6.3297,6.3297,0,0,0,0,0,0
1989-01-07 01:00:00,5.7498,5.7498,0,0,0,0,0,0
1989-01-07 02:00:00,5.3405,5.3405,0,0,0,0,0,0
1989-01-07 03:00:00,5.131,5.131,0,0,0,0,0,0
1989-01-07 04:00:00,5.2656,5.2656,0,0,0,0,0,0
1989-01-07 05:00:00,5.5166,5.5166,0,0,0,0,0,0
1989-01-07 06:00:00,5.5169,5.5169,0,0,0,0,0,0
1989-01-07 07:00:00,5.322,5.322,0,0,0,0,0,0
1989-01-07 08:00:00,5.2655,5.2655,0,0,0,0,0,0
1989-01-07 09:00:00,5.1708,5.1708,0,0,0,0,0,0
1989-01-07 10:00:00,5.4733,5.4733,0,0,0,0,0,0
1989-01-07 11:00:00,6.3344,6.3344,0,0,0,0,0,0
1989-01-07 12:00:00,7.6481,7.6481,0,0,0,0,0,0
1989-01-07 13:00:00,8.7874,8.7874,0,0,0,0,0,0
1989-01-07 14:00:00,9.6774,9.6774,0,0,0,0,0,0
1989-01-07 15:00:00,9.8099,9.8099,0,0,0,0,0,0
1989-01-07 16:00:00,9.8857,9.8857,0,0,0,0,0,0
1989-01-07 17:00:00,9.6515,9.6515,0,0,0,0,0,0
1989-01-07 18:00:00,9.0344,9.0344,0,0,0,0,0,0
1989-01-07 19:00:00,8.8426,8.8426,0,0,0,0,0,0
1989-01-07 20:00:00,9.2295,9.2295,0,0,0,0,0,0
1989-01-07 21:00:00,9.8109,9.8109,0,0,0,0,0,0
1989-01-07 22:00:00,10.2801,10.2801,0,0,0,0,0,0
1989-01-07 23:00:00,10.7674,10.7674,0,0,0,0,0,0
1989-01-08 00:00:00,12.267,12.267,0,0,0,0,0,0
1989-01-08 01:00:00,12.9305,12.9305,0,0,0,0,0,0
1989-01-08 02:00:00,12.6736,12.6736,0,0,0,0,0,0
1989-01-08 03:00:00,12.6835,12.6835,0,0,0,0,0,0
1989-01-08 04:00:00,12.5036,12.5036,0,0,0,0,0,0
1989-01-08 05:00:00,12.03,12.03,0,0,0,0,0,0
1989-01-08 06:00:00,11.2549,11.2549,0,0,0,0,0,0
1989-01-08 07:00:00,10.4659,10.4659,0,0,0,0,0,0
1989-01-08 08:00:00,10.0429,10.0429,0,0,0,0,0,0
1989-01-08 09:00:00,9.5319,9.5319,0,0,0,0,0,0
1989-01-08 10:00:00,8.7307,8.7307,0,0,0,0,0,0
1989-01-08 11:00:00,8.9198,8.9198,0,0,0,0,0,0
1989-01-08 12:00:00,9.5031,9.5031,0,0,0,0,0,0
1989-01-08 13:00:00,9.5508,9.5508,0,0,0,0,0,0
1989-01-08 14:00:00,9.3383,9.3383,0,0,0,0,0,0
1989-01-08 15:00:00,8.7068,8.7068,0,0,0,0,0,0
1989-01-08 16:00:00,8.3607,8.3607,0,0,0,0,0,0
1989-01-08 17:00:00,8.1577,8.1577,0,0,0,0,0,0
1989-01-08 18:00:00,7.9148,7.9148,0,0,0,0,0,0
1989-01-08 19:00:00,7.9787,7.9787,0,0,0,0,0,0
1989-01-08 20:00:00,8.079,8.079,0,0,0,0,0,0
1989-01-08 21:00:00,8.0612,8.0612,0,0,0,0,0,0
1989-01-08 22:00:00,8.1188,8.1188,0,0,0,0,0,0
1989-01-08 23:00:00,7.9033,7.9033,0,0,0,0,0,0
1989-01-09 00:00:00,7.713,7.713,0,0,0,0,0,0
1989-01-09 01:00:00,7.306,7.306,0,0,0,0,0,0
1989-01-09 02:00:00,6.8619,6.8619,0,0,0,0,0,0
1989-01-09 03:00:00,6.3916,6.3916,0,0,0,0,0,0
1989-01-09 04:00:00,6.1524,6.1524,0,0,0,0,0,0
1989-01-09 05:00:00,5.9659,5.9659,0,0,0,0,0,0
1989-01-09 06:00:00,5.8707,5.8707,0,0,0,0,0,0
1989-01-09 07:00:00,5.9134,5.9134,0,0,0,0,0,0
1989-01-09 08:00:00,5.9844,5.9844,0,0,0,0,0,0
1989-01-09 09:00:00,6.078,6.078,0,0,0,0,0,0
1989-01-09 10:00:00,6.4767,6.4767,0,0,0,0,0,0
1989-01-09 11:00:00,6.6255,6.6255,0,0,0,0,0,0
1989-01-09 12:00:00,6.7651,6.7651,0,0,0,0,0,0
1989-01-09 13:00:00,7.2957,7.2957,0,0,0,0,0,0
1989-01-09 14:00:00,7.9271,7.9271,0,0,0,0,0,0
1989-01-09 15:00:00,8.2794,8.2794,0,0,0,0,0,0
1989-01-09 16:00:00,8.283,8.283,0,0,0,0,0,0
1989-01-09 17:00:00,7.7868,7.7868,0,0,0,0,0,0
1989-01-09 18:00:00,6.9381,6.9381,0,0,0,0,0,0
1989-01-09 19:00:00,5.8363,5.8363,0,0,0,0,0,0
1989-01-09 20:00:00,4.6652,4.6652,0,0,0,0,0,0
1989-01-09 21:00:00,3.7165,3.7165,0,0,0,0,0,0
1989-01-09 22:00:00,4.1961,4.1961,0,0,0,0,0,0
1989-01-09 23:00:00,4.1057,4.1057,0,0,0,0,0,0
1989-01-10 00:00:00,3.8557,3.8557,0,0,0,0,0,0
1989-01-10 01:00:00,3.6041,3.6041,0,0,0,0,0,0
1989-01-10 02:00:00,3.3479,3.3479,0,0,0,0,0,0
1989-01-10 03:00:00,3.1123,3.1123,0,0,0,0,0,0
1989-01-10 04:00:00,2.6343,2.6343,0,0,0,0,0,0
1989-01-10 05:00:00,2.1404,2.1404,0,0,0,0,0,0
1989-01-10 06:00:00,1.5361,1.5361,0,0,0,0,0,0
1989-01-10 07:00:00,1.0915,1.0915,0,0,0,0,0,0
1989-01-10 08:00:00,0.682,0.682,0,0,0,0,0,0
1989-01-10 09:00:00,1.3343,1.3343,0,0,0,0,0,0
1989-01-10 10:00:00,2.6327,2.6327,0,0,0,0,0,0
1989-01-10 11:00:00,3.364,3.364,0,0,0,0,0,0
1989-01-10 12:00:00,3.8739,3.8739,0,0,0,0,0,0
1989-01-10 13:00:00,4.1803,4.1803,0,0,0,0,0,0
1989-01-10 14:00:00,4.5059,4.5059,0,0,0,0,0,0
1989-01-10 15:00:00,4.8943,4.8943,0,0,0,0,0,0
1989-01-10 16:00:00,5.2072,5.2072,0,0,0,0,0,0
1989-01-10 17:00:00,5.5206,5.5206,0,0,0,0,0,0
1989-01-10 18:00:00,5.7193,5.7193,0,0,0,0,0,0
1989-01-10 19:00:00,5.6964,5.6964,0,0,0,0,0,0
1989-01-10 20:00:00,5.4079,5.4079,0,0,0,0,0,0
1989-01-10 21:00:00,5.1791,5.1791,0,0,0,0,0,0
1989-01-10 22:00:00,5.1402,5.1402,0,0,0,0,0,0
1989-01-10 23:00:00,5.4789,5.4789,0,0,0,0,0,0
1989-01-11 00:00:00,6.0175,6.0175,0,0,0,0,0,0
1989-01-11 01:00:00,6.1839,6.1839,0,0,0,0,0,0
1989-01-11 02:00:00,5.9912,5.9912,0,0,0,0,0,0
1989-01-11 03:00:00,5.7685,5.7685,0,0,0,0,0,0
1989-01-11 04:00:00,5.8207,5.8207,0,0,0,0,0,0
1989-01-11 05:00:00,5.9747,5.9747,0,0,0,0,0,0
1989-01-11 06:00:00,5.9115,5.9115,0,0,0,0,0,0
1989-01-11 07:00:00,5.6557,5.6557,0,0,0,0,0,0
1989-01-11 08:00:00,5.3255,5.3255,0,0,0,0,0,0
1989-01-11 09:00:00,4.8965,4.8965,0,0,0,0,0,0
1989-01-11 10:00:00,4.7268,4.7268,0,0,0,0,0,0
1989-01-11 11:00:00,4.4692,4.4692,0,0,0,0,0,0
1989-01-11 12:00:00,4.0287,4.0287,0,0,0,0,0,0
1989-01-11 13:00:00,3.6759,3.6759,0,0,0,0,0,0
1989-01-11 14:00:00,3.5766,3.5766,0,0,0,0,0,0
1989-01-11 15:00:00,3.647,3.647,0,0,0,0,0,0
1989-01-11 16:00:00,3.6743,3.6743,0,0,0,0,0,0
1989-01-11 17:00:00,3.6691,3.6691,0,0,0,0,0,0
1989-01-11 18:00:00,3.5519,3.5519,0,0,0,0,0,0
1989-01-11 19:00:00,3.297,3.297,0,0,0,0,0,0
1989-01-11 20:00:00,2.957,2.957,0,0,0,0,0,0
1989-01-11 21:00:00,2.6746,2.6746,0,0,0,0,0,0
1989-01-11 22:00:00,2.4125,2.4125,0,0,0,0,0,0
1989-01-11 23:00:00,2.2854,2.2854,0,0,0,0,0,0
1989-01-12 00:00:00,2.179,2.179,0,0,0,0,0,0
1989-01-12 01:00:00,2.1468,2.1468,0,0,0,0,0,0
1989-01-12 02:00:00,2.1214,2.1214,0,0,0,0,0,0
1989-01-12 03:00:00,2.2004,2.2004,0,0,0,0,0,0
1989-01-12 04:00:00,2.3134,2.3134,0,0,0,0,0,0
1989-01-12 05:00:00,2.3132,2.3132,0,0,0,0,0,0
1989-01-12 06:00:00,2.3578,2.3578,0,0,0,0,0,0
1989-01-12 07:00:00,2.6296,2.6296,0,0,0,0,0,0
1989-01-12 08:00:00,3.2024,3.2024,0,0,0,0,0,0
1989-01-12 09:00:00,3.6301,3.6301,0,0,0,0,0,0
1989-01-12 10:00:00,3.8731,3.8731,0,0,0,0,0,0
1989-01-12 11:00:00,3.8568,3.8568,0,0,0,0,0,0
1989-01-12 12:00:00,3.7835,3.7835,0,0,0,0,0,0
1989-01-12 13:00:00,3.7422,3.7422,0,0,0,0,0,0
1989-01-12 14:00:00,3.626,3.626,0,0,0,0,0,0
1989-01-12 15:00:00,3.5775,3.5775,0,0,0,0,0,0
1989-01-12 16:00:00,3.5772,3.5772,0,0,0,0,0,0
1989-01-12 17:00:00,3.5258,3.5258,0,0,0,0,0,0
1989-01-12 18:00:00,3.3679,3.3679,0,0,0,0,0,0
1989-01-12 19:00:00,3.0531,3.0531,0,0,0,0,0,0
1989-01-12 20:00:00,2.9759,2.9759,0,0,0,0,0,0
1989-01-12 21:00:00,3.096,3.096,0,0,0,0,0,0
1989-01-12 22:00:00,3.8245,3.8245,0,0,0,0,0,0
1989-01-12 23:00:00,4.0409,4.0409,0,0,0,0,0,0
1989-01-13 00:00:00,3.9499,3.9499,0,0,0,0,0,0
1989-01-13 01:00:00,3.8712,3.8712,0,0,0,0,0,0
1989-01-13 02:00:00,3.5187,3.5187,0,0,0,0,0,0
1989-01-13 03:00:00,2.8734,2.8734,0,0,0,0,0,0
1989-01-13 04:00:00,2.3241,2.3241,0,0,0,0,0,0
1989-01-13 05:00:00,2.265,2.265,0,0,0,0,0,0
1989-01-13 06:00:00,2.461,2.461,0,0,0,0,0,0
1989-01-13 07:00:00,2.2563,2.2563,0,0,0,0,0,0
1989-01-13 08:00:00,1.8278,1.8278,0,0,0,0,0,0
1989-01-13 09:00:00,1.4579,1.4579,0,0,0,0,0,0
1989-01-13 10:00:00,1.6691,1.6691,0,0,0,0,0,0
1989-01-13 11:00:00,1.1178,1.1178,0,0,0,0,0,0
1989-01-13 12:00:00,0.8836,0.8836,0,0,0,0,0,0
1989-01-13 13:00:00,1.2362,1.2362,0,0,0,0,0,0
1989-01-13 14:00:00,1.8204,1.8204,0,0,0,0,0,0
1989-01-13 15:00:00,2.6368,2.6368,0,0,0,0,0,0
1989-01-13 16:00:00,3.7339,3.7339,0,0,0,0,0,0
1989-01-13 17:00:00,4.4718,4.4718,0,0,0,0,0,0
1989-01-13 18:00:00,4.4571,4.4571,0,0,0,0,0,0
1989-01-13 19:00:00,3.9337,3.9337,0,0,0,0,0,0
1989-01-13 20:00:00,3.1921,3.1921,0,0,0,0,0,0
1989-01-13 21:00:00,2.7734,2.7734,0,0,0,0,0,0
1989-01-13 22:00:00,2.6825,2.6825,0,0,0,0,0,0
1989-01-13 23:00:00,2.5407,2.5407,0,0,0,0,0,0
1989-01-14 00:00:00,2.4602,2.4602,0,0,0,0,0,0
1989-01-14 01:00:00,2.609,2.609,0,0,0,0,0,0
1989-01-14 02:00:00,2.6015,2.6015,0,0,0,0,0,0
1989-01-14 03:00:00,2.6215,2.6215,0,0,0,0,0,0
1989-01-14 04:00:00,2.4902,2.4902,0,0,0,0,0,0
1989-01-14 05:00:00,2.2193,2.2193,0,0,0,0,0,0
1989-01-14 06:00:00,1.9484,1.9484,0,0,0,0,0,0
1989-01-14 07:00:00,1.7194,1.7194,0,0,0,0,0,0
1989-01-14 08:00:00,1.6212,1.6212,0,0,0,0,0,0
1989-01-14 09:00:00,1.1722,1.1722,0,0,0,0,0,0
1989-01-14 10:00:00,0.7384,0.7384,0,0,0,0,0,0
1989-01-14 11:00:00,0.4204,0.4204,0,0,0,0,0,0
1989-01-14 12:00:00,1.447,1.447,0,0,0,0,0,0
1989-01-14 13:00:00,2.4625,2.4625,0,0,0,0,0,0
1989-01-14 14:00:00,3.1468,3.1468,0,0,0,0,0,0
1989-01-14 15:00:00,3.4786,3.4786,0,0,0,0,0,0
1989-01-14 16:00:00,3.8008,3.8008,0,0,0,0,0,0
1989-01-14 17:00:00,4.0519,4.0519,0,0,0,0,0,0
1989-01-14 18:00:00,4.089,4.089,0,0,0,0,0,0
1989-01-14 19:00:00,3.6549,3.6549,0,0,0,0,0,0
1989-01-14 20:00:00,2.911,2.911,0,0,0,0,0,0
1989-01-14 21:00:00,2.1614,2.1614,0,0,0,0,0,0
1989-01-14 22:00:00,1.6948,1.6948,0,0,0,0,0,0
1989-01-14 23:00:00,1.8739,1.8739,0,0,0,0,0,0
1989-01-15 00:00:00,1.7551,1.7551,0,0,0,0,0,0
1989-01-15 01:00:00,1.0942,1.0942,0,0,0,0,0,0
1989-01-15 02:00:00,0.6584,0.6584,0,0,0,0,0,0
1989-01-15 03:00:00,0.7125,0.7125,0,0,0,0,0,0
1989-01-15 04:00:00,0.9571,0.9571,0,0,0,0,0,0
1989-01-15 05:00:00,1.5894,1.5894,0,0,0,0,0,0
1989-01-15 06:00:00,2.0103,2.0103,0,0,0,0,0,0
1989-01-15 07:00:00,2.4884,2.4884,0,0,0,0,0,0
1989-01-15 08:00:00,2.7598,2.7598,0,0,0,0,0,0
1989-01-15 09:00:00,2.3893,2.3893,0,0,0,0,0,0
1989-01-15 10:00:00,2.1352,2.1352,0,0,0,0,0,0
1989-01-15 11:00:00,0.7086,0.7086,0,0,0,0,0,0
1989-01-15 12:00:00,0.4502,0.4502,0,0,0,0,0,0
1989-01-15 13:00:00,0.8426,0.8426,0,0,0,0,0,0
1989-01-15 14:00:00,0.7569,0.7569,0,0,0,0,0,0
1989-01-15 15:00:00,2.0341,2.0341,0,0,0,0,0,0
1989-01-15 16:00:00,3.5641,3.5641,0,0,0,0,0,0
1989-01-15 17:00:00,3.6573,3.6573,0,0,0,0,0,0
1989-01-15 18:00:00,3.0423,3.0423,0,0,0,0,0,0
1989-01-15 19:00:00,2.3695,2.3695,0,0,0,0,0,0
1989-01-15 20:00:00,1.5026,1.5026,0,0,0,0,0,0
1989-01-15 21:00:00,0.6448,0.6448,0,0,0,0,0,0
1989-01-15 22:00:00,0.4576,0.4576,0,0,0,0,0,0
1989-01-15 23:00:00,0.8337,0.8337,0,0,0,0,0,0
1989-01-16 00:00:00,0.9626,0.9626,0,0,0,0,0,0
1989-01-16 01:00:00,1.1567,1.1567,0,0,0,0,0,0
1989-01-16 02:00:00,1.1872,1.1872,0,0,0,0,0,0
1989-01-16 03:00:00,0.9842,0.9842,0,0,0,0,0,0
1989-01-16 04:00:00,0.9566,0.9566,0,0,0,0,0,0
1989-01-16 05:00:00,1.2086,1.2086,0,0,0,0,0,0
1989-01-16 06:00:00,1.3146,1.3146,0,0,0,0,0,0
1989-01-16 07:00:00,1.3844,1.3844,0,0,0,0,0,0
1989-01-16 08:00:00,1.4632,1.4632,0,0,0,0,0,0
1989-01-16 09:00:00,1.562,1.562,0,0,0,0,0,0
1989-01-16 10:00:00,1.3939,1.3939,0,0,0,0,0,0
1989-01-16 11:00:00,1.1792,1.1792,0,0,0,0,0,0
1989-01-16 12:00:00,1.2746,1.2746,0,0,0,0,0,0
1989-01-16 13:00:00,1.6934,1.6934,0,0,0,0,0,0
1989-01-16 14:00:00,1.9875,1.9875,0,0,0,0,0,0
1989-01-16 15:00:00,2.018,2.018,0,0,0,0,0,0
1989-01-16 16:00:00,1.7225,1.7225,0,0,0,0,0,0
1989-01-16 17:00:00,1.4491,1.4491,0,0,0,0,0,0
1989-01-16 18:00:00,1.4368,1.4368,0,0,0,0,0,0
1989-01-16 19:00:00,1.6385,1.6385,0,0,0,0,0,0
1989-01-16 20:00:00,2.063,2.063,0,0,0,0,0,0
1989-01-16 21:00:00,2.2417,2.2417,0,0,0,0,0,0
1989-01-16 22:00:00,1.6791,1.6791,0,0,0,0,0,0
1989-01-16 23:00:00,0.987,0.987,0,0,0,0,0,0
1989-01-17 00:00:00,0.5315,0.5315,0,0,0,0,0,0
1989-01-17 01:00:00,0.557,0.557,0,0,0,0,0,0
1989-01-17 02:00:00,0.4074,0.4074,0,0,0,0,0,0
1989-01-17 03:00:00,0.3709,0.3709,0,0,0,0,0,0
1989-01-17 04:00:00,0.5816,0.5816,0,0,0,0,0,0
1989-01-17 05:00:00,0.8961,0.8961,0,0,0,0,0,0
1989-01-17 06:00:00,1.2392,1.2392,0,0,0,0,0,0
1989-01-17 07:00:00,1.4466,1.4466,0,0,0,0,0,0
1989-01-17 08:00:00,1.4352,1.4352,0,0,0,0,0,0
1989-01-17 09:00:00,1.3582,1.3582,0,0,0,0,0,0
1989-01-17 10:00:00,1.1797,1.1797,0,0,0,0,0,0
1989-01-17 11:00:00,0.898,0.898,0,0,0,0,0,0
1989-01-17 12:00:00,0.4421,0.4421,0,0,0,0,0,0
1989-01-17 13:00:00,0.5916,0.5916,0,0,0,0,0,0
1989-01-17 14:00:00,0.7002,0.7002,0,0,0,0,0,0
1989-01-17 15:00:00,0.711,0.711,0,0,0,0,0,0
1989-01-17 16:00:00,0.7185,0.7185,0,0,0,0,0,0
1989-01-17 17:00:00,0.7949,0.7949,0,0,0,0,0,0
1989-01-17 18:00:00,0.7998,0.7998,0,0,0,0,0,0
1989-01-17 19:00:00,0.9681,0.9681,0,0,0,0,0,0
1989-01-17 20:00:00,1.0896,1.0896,0,0,0,0,0,0
1989-01-17 21:00:00,1.1271,1.1271,0,0,0,0,0,0
1989-01-17 22:00:00,1.3333,1.3333,0,0,0,0,0,0
1989-01-17 23:00:00,1.4968,1.4968,0,0,0,0,0,0
1989-01-18 00:00:00,1.5431,1.5431,0,0,0,0,0,0
1989-01-18 01:00:00,1.178,1.178,0,0,0,0,0,0
1989-01-18 02:00:00,0.7057,0.7057,0,0,0,0,0,0
1989-01-18 03:00:00,0.7376,0.7376,0,0,0,0,0,0
1989-01-18 04:00:00,1.2772,1.2772,0,0,0,0,0,0
1989-01-18 05:00:00,1.424,1.424,0,0,0,0,0,0
1989-01-18 06:00:00,1.0186,1.0186,0,0,0,0,0,0
1989-01-18 07:00:00,0.8382,0.8382,0,0,0,0,0,0
1989-01-18 08:00:00,1.2871,1.2871,0,0,0,0,0,0
1989-01-18 09:00:00,1.746,1.746,0,0,0,0,0,0
1989-01-18 10:00:00,0.8946,0.8946,0,0,0,0,0,0
1989-01-18 11:00:00,0.5278,0.5278,0,0,0,0,0,0
1989-01-18 12:00:00,0.8743,0.8743,0,0,0,0,0,0
1989-01-18 13:00:00,0.8814,0.8814,0,0,0,0,0,0
1989-01-18 14:00:00,0.6882,0.6882,0,0,0,0,0,0
1989-01-18 15:00:00,1.2423,1.2423,0,0,0,0,0,0
1989-01-18 16:00:00,2.0335,2.0335,0,0,0,0,0,0
1989-01-18 17:00:00,2.3277,2.3277,0,0,0,0,0,0
1989-01-18 18:00:00,2.4496,2.4496,0,0,0,0,0,0
1989-01-18 19:00:00,2.0386,2.0386,0,0,0,0,0,0
1989-01-18 20:00:00,1.3705,1.3705,0,0,0,0,0,0
1989-01-18 21:00:00,1.0258,1.0258,0,0,0,0,0,0
1989-01-18 22:00:00,0.3917,0.3917,0,0,0,0,0,0
1989-01-18 23:00:00,0.3731,0.3731,0,0,0,0,0,0
1989-01-19 00:00:00,1.2116,1.2116,0,0,0,0,0,0
1989-01-19 01:00:00,1.719,1.719,0,0,0,0,0,0
1989-01-19 02:00:00,2.0843,2.0843,0,0,0,0,0,0
1989-01-19 03:00:00,2.6545,2.6545,0,0,0,0,0,0
1989-01-19 04:00:00,2.9671,2.9671,0,0,0,0,0,0
1989-01-19 05:00:00,2.9472,2.9472,0,0,0,0,0,0
1989-01-19 06:00:00,3.1632,3.1632,0,0,0,0,0,0
1989-01-19 07:00:00,3.569,3.569,0,0,0,0,0,0
1989-01-19 08:00:00,3.6589,3.6589,0,0,0,0,0,0
1989-01-19 09:00:00,3.3295,3.3295,0,0,0,0,0,0
1989-01-19 10:00:00,2.5786,2.5786,0,0,0,0,0,0
1989-01-19 11:00:00,2.3207,2.3207,0,0,0,0,0,0
1989-01-19 12:00:00,1.9865,1.9865,0,0,0,0,0,0
1989-01-19 13:00:00,1.4106,1.4106,0,0,0,0,0,0
1989-01-19 14:00:00,0.907,0.907,0,0,0,0,0,0
1989-01-19 15:00:00,1.1579,1.1579,0,0,0,0,0,0
1989-01-19 16:00:00,1.3335,1.3335,0,0,0,0,0,0
1989-01-19 17:00:00,1.1684,1.1684,0,0,0,0,0,0
1989-01-19 18:00:00,0.8428,0.8428,0,0,0,0,0,0
1989-01-19 19:00:00,0.8959,0.8959,0,0,0,0,0,0
1989-01-19 20:00:00,1.1502,1.1502,0,0,0,0,0,0
1989-01-19 21:00:00,1.1881,1.1881,0,0,0,0,0,0
1989-01-19 22:00:00,0.7139,0.7139,0,0,0,0,0,0
1989-01-19 23:00:00,0.7174,0.7174,0,0,0,0,0,0
1989-01-20 00:00:00,1.4759,1.4759,0,0,0,0,0,0
1989-01-20 01:00:00,1.9706,1.9706,0,0,0,0,0,0
1989-01-20 02:00:00,2.3345,2.3345,0,0,0,0,0,0
1989-01-20 03:00:00,2.4685,2.4685,0,0,0,0,0,0
1989-01-20 04:00:00,2.9343,2.9343,0,0,0,0,0,0
1989-01-20 05:00:00,3.2118,3.2118,0,0,0,0,0,0
1989-01-20 06:00:00,3.2644,3.2644,0,0,0,0,0,0
1989-01-20 07:00:00,3.3818,3.3818,0,0,0,0,0,0
1989-01-20 08:00:00,3.6431,3.6431,0,0,0,0,0,0
1989-01-20 09:00:00,3.7029,3.7029,0,0,0,0,0,0
1989-01-20 10:00:00,4.6044,4.6044,0,0,0,0,0,0
1989-01-20 11:00:00,5.0343,5.0343,0,0,0,0,0,0
1989-01-20 12:00:00,5.0903,5.0903,0,0,0,0,0,0
1989-01-20 13:00:00,4.8172,4.8172,0,0,0,0,0,0
1989-01-20 14:00:00,4.6653,4.6653,0,0,0,0,0,0
1989-01-20 15:00:00,4.7616,4.7616,0,0,0,0,0,0
1989-01-20 16:00:00,4.9586,4.9586,0,0,0,0,0,0
1989-01-20 17:00:00,5.1497,5.1497,0,0,0,0,0,0
1989-01-20 18:00:00,5.1004,5.1004,0,0,0,0,0,0
1989-01-20 19:00:00,5.0419,5.0419,0,0,0,0,0,0
1989-01-20 20:00:00,4.9356,4.9356,0,0,0,0,0,0
1989-01-20 21:00:00,4.7876,4.7876,0,0,0,0,0,0
1989-01-20 22:00:00,4.9855,4.9855,0,0,0,0,0,0
1989-01-20 23:00:00,5.0502,5.0502,0,0,0,0,0,0
1989-01-21 00:00:00,4.9113,4.9113,0,0,0,0,0,0
1989-01-21 01:00:00,5.3172,5.3172,0,0,0,0,0,0
1989-01-21 02:00:00,6.3968,6.3968,0,0,0,0,0,0
1989-01-21 03:00:00,6.5791,6.5791,0,0,0,0,0,0
1989-01-21 04:00:00,6.813,6.813,0,0,0,0,0,0
1989-01-21 05:00:00,6.5988,6.5988,0,0,0,0,0,0
1989-01-21 06:00:00,6.4808,6.4808,0,0,0,0,0,0
1989-01-21 07:00:00,6.9476,6.9476,0,0,0,0,0,0
1989-01-21 08:00:00,7.222,7.222,0,0,0,0,0,0
1989-01-21 09:00:00,7.0928,7.0928,0,0,0,0,0,0
1989-01-21 10:00:00,7.4017,7.4017,0,0,0,0,0,0
1989-01-21 11:00:00,8.0435,8.0435,0,0,0,0,0,0
1989-01-21 12:00:00,7.5175,7.5175,0,0,0,0,0,0
1989-01-21 13:00:00,6.6907,6.6907,0,0,0,0,0,0
1989-01-21 14:00:00,5.79,5.79,0,0,0,0,0,0
1989-01-21 15:00:00,4.9673,4.9673,0,0,0,0,0,0
1989-01-21 16:00:00,4.1991,4.1991,0,0,0,0,0,0
1989-01-21 17:00:00,3.2623,3.2623,0,0,0,0,0,0
1989-01-21 18:00:00,3.8109,3.8109,0,0,0,0,0,0
1989-01-21 19:00:00,5.3099,5.3099,0,0,0,0,0,0
1989-01-21 20:00:00,6.1488,6.1488,0,0,0,0,0,0
1989-01-21 21:00:00,6.1163,6.1163,0,0,0,0,0,0
1989-01-21 22:00:00,4.2234,4.2234,0,0,0,0,0,0
1989-01-21 23:00:00,3.9197,3.9197,0,0,0,0,0,0
1989-01-22 00:00:00,3.4228,3.4228,0,0,0,0,0,0
1989-01-22 01:00:00,2.8257,2.8257,0,0,0,0,0,0
1989-01-22 02:00:00,2.4031,2.4031,0,0,0,0,0,0
1989-01-22 03:00:00,2.1202,2.1202,0,0,0,0,0,0
1989-01-22 04:00:00,1.9271,1.9271,0,0,0,0,0,0
1989-01-22 05:00:00,1.6914,1.6914,0,0,0,0,0,0
1989-01-22 06:00:00,1.6533,1.6533,0,0,0,0,0,0
1989-01-22 07:00:00,1.7033,1.7033,0,0,0,0,0,0
1989-01-22 08:00:00,1.4497,1.4497,0,0,0,0,0,0
1989-01-22 09:00:00,2.6041,2.6041,0,0,0,0,0,0
1989-01-22 10:00:00,3.3665,3.3665,0,0,0,0,0,0
1989-01-22 11:00:00,3.0805,3.0805,0,0,0,0,0,0
1989-01-22 12:00:00,3.2209,3.2209,0,0,0,0,0,0
1989-01-22 13:00:00,4.3591,4.3591,0,0,0,0,0,0
1989-01-22 14:00:00,5.0349,5.0349,0,0,0,0,0,0
1989-01-22 15:00:00,5.242,5.242,0,0,0,0,0,0
1989-01-22 16:00:00,4.9017,4.9017,0,0,0,0,0,0
1989-01-22 17:00:00,4.5841,4.5841,0,0,0,0,0,0
1989-01-22 18:00:00,4.8583,4.8583,0,0,0,0,0,0
1989-01-22 19:00:00,5.1254,5.1254,0,0,0,0,0,0
1989-01-22 20:00:00,5.7644,5.7644,0,0,0,0,0,0
1989-01-22 21:00:00,5.59,5.59,0,0,0,0,0,0
1989-01-22 22:00:00,4.4902,4.4902,0,0,0,0,0,0
1989-01-22 23:00:00,4.0693,4.0693,0,0,0,0,0,0
1989-01-23 00:00:00,3.5048,3.5048,0,0,0,0,0,0
1989-01-23 01:00:00,2.5417,2.5417,0,0,0,0,0,0
1989-01-23 02:00:00,1.5555,1.5555,0,0,0,0,0,0
1989-01-23 03:00:00,1.0876,1.0876,0,0,0,0,0,0
1989-01-23 04:00:00,1.0371,1.0371,0,0,0,0,0,0
1989-01-23 05:00:00,1.8332,1.8332,0,0,0,0,0,0
1989-01-23 06:00:00,1.8038,1.8038,0,0,0,0,0,0
1989-01-23 07:00:00,1.9267,1.9267,0,0,0,0,0,0
1989-01-23 08:00:00,2.8027,2.8027,0,0,0,0,0,0
1989-01-23 09:00:00,4.2687,4.2687,0,0,0,0,0,0
1989-01-23 10:00:00,5.2132,5.2132,0,0,0,0,0,0
1989-01-23 11:00:00,5.1863,5.1863,0,0,0,0,0,0
1989-01-23 12:00:00,5.0385,5.0385,0,0,0,0,0,0
1989-01-23 13:00:00,4.8804,4.8804,0,0,0,0,0,0
1989-01-23 14:00:00,4.6799,4.6799,0,0,0,0,0,0
1989-01-23 15:00:00,4.4182,4.4182,0,0,0,0,0,0
1989-01-23 16:00:00,4.0375,4.0375,0,0,0,0,0,0
1989-01-23 17:00:00,3.4338,3.4338,0,0,0,0,0,0
1989-01-23 18:00:00,3.4811,3.4811,0,0,0,0,0,0
1989-01-23 19:00:00,3.9819,3.9819,0,0,0,0,0,0
1989-01-23 20:00:00,4.5605,4.5605,0,0,0,0,0,0
1989-01-23 21:00:00,5.0189,5.0189,0,0,0,0,0,0
1989-01-23 22:00:00,3.8147,3.8147,0,0,0,0,0,0
1989-01-23 23:00:00,3.4515,3.4515,0,0,0,0,0,0
1989-01-24 00:00:00,2.8409,2.8409,0,0,0,0,0,0
1989-01-24 01:00:00,1.7959,1.7959,0,0,0,0,0,0
1989-01-24 02:00:00,1.7967,1.7967,0,0,0,0,0,0
1989-01-24 03:00:00,2.4171,2.4171,0,0,0,0,0,0
1989-01-24 04:00:00,2.4165,2.4165,0,0,0,0,0,0
1989-01-24 05:00:00,2.3074,2.3074,0,0,0,0,0,0
1989-01-24 06:00:00,2.3475,2.3475,0,0,0,0,0,0
1989-01-24 07:00:00,2.6936,2.6936,0,0,0,0,0,0
1989-01-24 08:00:00,2.8639,2.8639,0,0,0,0,0,0
1989-01-24 09:00:00,2.6192,2.6192,0,0,0,0,0,0
1989-01-24 10:00:00,2.8725,2.8725,0,0,0,0,0,0
1989-01-24 11:00:00,3.1987,3.1987,0,0,0,0,0,0
1989-01-24 12:00:00,3.6949,3.6949,0,0,0,0,0,0
1989-01-24 13:00:00,4.1754,4.1754,0,0,0,0,0,0
1989-01-24 14:00:00,3.8796,3.8796,0,0,0,0,0,0
1989-01-24 15:00:00,3.0187,3.0187,0,0,0,0,0,0
1989-01-24 16:00:00,5.0959,5.0959,0,0,0,0,0,0
1989-01-24 17:00:00,6.9448,6.9448,0,0,0,0,0,0
1989-01-24 18:00:00,6.0225,6.0225,0,0,0,0,0,0
1989-01-24 19:00:00,3.5226,3.5226,0,0,0,0,0,0
1989-01-24 20:00:00,1.9351,1.9351,0,0,0,0,0,0
1989-01-24 21:00:00,2.7229,2.7229,0,0,0,0,0,0
1989-01-24 22:00:00,2.7918,2.7918,0,0,0,0,0,0
1989-01-24 23:00:00,4.1348,4.1348,0,0,0,0,0,0
1989-01-25 00:00:00,4.6459,4.6459,0,0,0,0,0,0
1989-01-25 01:00:00,4.4217,4.4217,0,0,0,0,0,0
1989-01-25 02:00:00,3.7635,3.7635,0,0,0,0,0,0
1989-01-25 03:00:00,3.0619,3.0619,0,0,0,0,0,0
1989-01-25 04:00:00,2.5292,2.5292,0,0,0,0,0,0
1989-01-25 05:00:00,2.0291,2.0291,0,0,0,0,0,0
1989-01-25 06:00:00,1.7326,1.7326,0,0,0,0,0,0
1989-01-25 07:00:00,1.6757,1.6757,0,0,0,0,0,0
1989-01-25 08:00:00,1.6761,1.6761,0,0,0,0,0,0
1989-01-25 09:00:00,1.7229,1.7229,0,0,0,0,0,0
1989-01-25 10:00:00,1.6994,1.6994,0,0,0,0,0,0
1989-01-25 11:00:00,0.5581,0.5581,0,0,0,0,0,0
1989-01-25 12:00:00,0.7227,0.7227,0,0,0,0,0,0
1989-01-25 13:00:00,2.2247,2.2247,0,0,0,0,0,0
1989-01-25 14:00:00,3.2648,3.2648,0,0,0,0,0,0
1989-01-25 15:00:00,3.8836,3.8836,0,0,0,0,0,0
1989-01-25 16:00:00,4.1654,4.1654,0,0,0,0,0,0
1989-01-25 17:00:00,4.2724,4.2724,0,0,0,0,0,0
1989-01-25 18:00:00,4.2086,4.2086,0,0,0,0,0,0
1989-01-25 19:00:00,4.1788,4.1788,0,0,0,0,0,0
1989-01-25 20:00:00,4.0233,4.0233,0,0,0,0,0,0
1989-01-25 21:00:00,3.7139,3.7139,0,0,0,0,0,0
1989-01-25 22:00:00,4.5757,4.5757,0,0,0,0,0,0
1989-01-25 23:00:00,4.5522,4.5522,0,0,0,0,0,0
1989-01-26 00:00:00,4.5439,4.5439,0,0,0,0,0,0
1989-01-26 01:00:00,4.2742,4.2742,0,0,0,0,0,0
1989-01-26 02:00:00,3.6088,3.6088,0,0,0,0,0,0
1989-01-26 03:00:00,3.0947,3.0947,0,0,0,0,0,0
1989-01-26 04:00:00,3.2221,3.2221,0,0,0,0,0,0
1989-01-26 05:00:00,3.4845,3.4845,0,0,0,0,0,0
1989-01-26 06:00:00,3.2808,3.2808,0,0,0,0,0,0
1989-01-26 07:00:00,3.0779,3.0779,0,0,0,0,0,0
1989-01-26 08:00:00,2.738,2.738,0,0,0,0,0,0
1989-01-26 09:00:00,2.4552,2.4552,0,0,0,0,0,0
1989-01-26 10:00:00,1.372,1.372,0,0,0,0,0,0
1989-01-26 11:00:00,1.0713,1.0713,0,0,0,0,0,0
1989-01-26 12:00:00,0.9375,0.9375,0,0,0,0,0,0
1989-01-26 13:00:00,1.1961,1.1961,0,0,0,0,0,0
1989-01-26 14:00:00,1.3211,1.3211,0,0,0,0,0,0
1989-01-26 15:00:00,1.0384,1.0384,0,0,0,0,0,0
1989-01-26 16:00:00,0.814,0.814,0,0,0,0,0,0
1989-01-26 17:00:00,1.1492,1.1492,0,0,0,0,0,0
1989-01-26 18:00:00,2.6192,2.6192,0,0,0,0,0,0
1989-01-26 19:00:00,4.0534,4.0534,0,0,0,0,0,0
1989-01-26 20:00:00,5.1147,5.1147,0,0,0,0,0,0
1989-01-26 21:00:00,5.6321,5.6321,0,0,0,0,0,0
1989-01-26 22:00:00,4.7896,4.7896,0,0,0,0,0,0
1989-01-26 23:00:00,5.3941,5.3941,0,0,0,0,0,0
1989-01-27 00:00:00,5.9215,5.9215,0,0,0,0,0,0
1989-01-27 01:00:00,6.0973,6.0973,0,0,0,0,0,0
1989-01-27 02:00:00,6.1846,6.1846,0,0,0,0,0,0
1989-01-27 03:00:00,6.2026,6.2026,0,0,0,0,0,0
1989-01-27 04:00:00,6.2639,6.2639,0,0,0,0,0,0
1989-01-27 05:00:00,6.2546,6.2546,0,0,0,0,0,0
1989-01-27 06:00:00,6.4042,6.4042,0,0,0,0,0,0
1989-01-27 07:00:00,6.7165,6.7165,0,0,0,0,0,0
1989-01-27 08:00:00,6.9095,6.9095,0,0,0,0,0,0
1989-01-27 09:00:00,7.1379,7.1379,0,0,0,0,0,0
1989-01-27 10:00:00,6.9969,6.9969,0,0,0,0,0,0
1989-01-27 11:00:00,6.8174,6.8174,0,0,0,0,0,0
1989-01-27 12:00:00,6.3707,6.3707,0,0,0,0,0,0
1989-01-27 13:00:00,5.7292,5.7292,0,0,0,0,0,0
1989-01-27 14:00:00,5.0368,5.0368,0,0,0,0,0,0
1989-01-27 15:00:00,4.6061,4.6061,0,0,0,0,0,0
1989-01-27 16:00:00,4.2329,4.2329,0,0,0,0,0,0
1989-01-27 17:00:00,3.8572,3.8572,0,0,0,0,0,0
1989-01-27 18:00:00,3.3503,3.3503,0,0,0,0,0,0
1989-01-27 19:00:00,3.13,3.13,0,0,0,0,0,0
1989-01-27 20:00:00,3.4316,3.4316,0,0,0,0,0,0
1989-01-27 21:00:00,3.9263,3.9263,0,0,0,0,0,0
1989-01-27 22:00:00,4.5099,4.5099,0,0,0,0,0,0
1989-01-27 23:00:00,4.9235,4.9235,0,0,0,0,0,0
1989-01-28 00:00:00,5.1425,5.1425,0,0,0,0,0,0
1989-01-28 01:00:00,4.9314,4.9314,0,0,0,0,0,0
1989-01-28 02:00:00,4.4446,4.4446,0,0,0,0,0,0
1989-01-28 03:00:00,3.8366,3.8366,0,0,0,0,0,0
1989-01-28 04:00:00,3.4669,3.4669,0,0,0,0,0,0
1989-01-28 05:00:00,3.5952,3.5952,0,0,0,0,0,0
1989-01-28 06:00:00,3.9407,3.9407,0,0,0,0,0,0
1989-01-28 07:00:00,4.1276,4.1276,0,0,0,0,0,0
1989-01-28 08:00:00,4.1678,4.1678,0,0,0,0,0,0
1989-01-28 09:00:00,3.9731,3.9731,0,0,0,0,0,0
1989-01-28 10:00:00,4.231,4.231,0,0,0,0,0,0
1989-01-28 11:00:00,3.8211,3.8211,0,0,0,0,0,0
1989-01-28 12:00:00,3.1069,3.1069,0,0,0,0,0,0
1989-01-28 13:00:00,2.5515,2.5515,0,0,0,0,0,0
1989-01-28 14:00:00,2.1746,2.1746,0,0,0,0,0,0
1989-01-28 15:00:00,1.8125,1.8125,0,0,0,0,0,0
1989-01-28 16:00:00,1.5832,1.5832,0,0,0,0,0,0
1989-01-28 17:00:00,1.1587,1.1587,0,0,0,0,0,0
1989-01-28 18:00:00,0.868,0.868,0,0,0,0,0,0
1989-01-28 19:00:00,0.931,0.931,0,0,0,0,0,0
1989-01-28 20:00:00,1.0936,1.0936,0,0,0,0,0,0
1989-01-28 21:00:00,1.7225,1.7225,0,0,0,0,0,0
1989-01-28 22:00:00,1.871,1.871,0,0,0,0,0,0
1989-01-28 23:00:00,2.6267,2.6267,0,0,0,0,0,0
1989-01-29 00:00:00,2.878,2.878,0,0,0,0,0,0
1989-01-29 01:00:00,2.9664,2.9664,0,0,0,0,0,0
1989-01-29 02:00:00,3.3255,3.3255,0,0,0,0,0,0
1989-01-29 03:00:00,3.7347,3.7347,0,0,0,0,0,0
1989-01-29 04:00:00,3.7063,3.7063,0,0,0,0,0,0
1989-01-29 05:00:00,3.5039,3.5039,0,0,0,0,0,0
1989-01-29 06:00:00,3.3631,3.3631,0,0,0,0,0,0
1989-01-29 07:00:00,3.395,3.395,0,0,0,0,0,0
1989-01-29 08:00:00,3.6324,3.6324,0,0,0,0,0,0
1989-01-29 09:00:00,3.8335,3.8335,0,0,0,0,0,0
1989-01-29 10:00:00,3.4776,3.4776,0,0,0,0,0,0
1989-01-29 11:00:00,2.984,2.984,0,0,0,0,0,0
1989-01-29 12:00:00,1.7857,1.7857,0,0,0,0,0,0
1989-01-29 13:00:00,1.0477,1.0477,0,0,0,0,0,0
1989-01-29 14:00:00,1.6694,1.6694,0,0,0,0,0,0
1989-01-29 15:00:00,1.6506,1.6506,0,0,0,0,0,0
1989-01-29 16:00:00,0.8377,0.8377,0,0,0,0,0,0
1989-01-29 17:00:00,1.9614,1.9614,0,0,0,0,0,0
1989-01-29 18:00:00,2.6302,2.6302,0,0,0,0,0,0
1989-01-29 19:00:00,2.8195,2.8195,0,0,0,0,0,0
1989-01-29 20:00:00,2.6372,2.6372,0,0,0,0,0,0
1989-01-29 21:00:00,2.3714,2.3714,0,0,0,0,0,0
1989-01-29 22:00:00,1.8881,1.8881,0,0,0,0,0,0
1989-01-29 23:00:00,1.7448,1.7448,0,0,0,0,0,0
1989-01-30 00:00:00,1.6765,1.6765,0,0,0,0,0,0
1989-01-30 01:00:00,1.8643,1.8643,0,0,0,0,0,0
1989-01-30 02:00:00,2.2594,2.2594,0,0,0,0,0,0
1989-01-30 03:00:00,2.4963,2.4963,0,0,0,0,0,0
1989-01-30 04:00:00,2.6352,2.6352,0,0,0,0,0,0
1989-01-30 05:00:00,2.6903,2.6903,0,0,0,0,0,0
1989-01-30 06:00:00,2.7573,2.7573,0,0,0,0,0,0
1989-01-30 07:00:00,2.8521,2.8521,0,0,0,0,0,0
1989-01-30 08:00:00,2.9506,2.9506,0,0,0,0,0,0
1989-01-30 09:00:00,2.8918,2.8918,0,0,0,0,0,0
1989-01-30 10:00:00,2.285,2.285,0,0,0,0,0,0
1989-01-30 11:00:00,1.5916,1.5916,0,0,0,0,0,0
1989-01-30 12:00:00,0.1169,0.1169,0,0,0,0,0,0
1989-01-30 13:00:00,0.7143,0.7143,0,0,0,0,0,0
1989-01-30 14:00:00,1.2151,1.2151,0,0,0,0,0,0
1989-01-30 15:00:00,2.5861,2.5861,0,0,0,0,0,0
1989-01-30 16:00:00,3.9098,3.9098,0,0,0,0,0,0
1989-01-30 17:00:00,4.5156,4.5156,0,0,0,0,0,0
1989-01-30 18:00:00,4.5165,4.5165,0,0,0,0,0,0
1989-01-30 19:00:00,4.1291,4.1291,0,0,0,0,0,0
1989-01-30 20:00:00,3.663,3.663,0,0,0,0,0,0
1989-01-30 21:00:00,3.3061,3.3061,0,0,0,0,0,0
1989-01-30 22:00:00,2.0951,2.0951,0,0,0,0,0,0
1989-01-30 23:00:00,2.1163,2.1163,0,0,0,0,0,0
1989-01-31 00:00:00,2.1699,2.1699,0,0,0,0,0,0
1989-01-31 01:00:00,2.3897,2.3897,0,0,0,0,0,0
1989-01-31 02:00:00,2.424,2.424,0,0,0,0,0,0
1989-01-31 03:00:00,2.4187,2.4187,0,0,0,0,0,0
1989-01-31 04:00:00,2.3499,2.3499,0,0,0,0,0,0
1989-01-31 05:00:00,2.5408,2.5408,0,0,0,0,0,0
1989-01-31 06:00:00,2.777,2.777,0,0,0,0,0,0
1989-01-31 07:00:00,2.8772,2.8772,0,0,0,0,0,0
1989-01-31 08:00:00,2.9769,2.9769,0,0,0,0,0,0
1989-01-31 09:00:00,3.0268,3.0268,0,0,0,0,0,0
1989-01-31 10:00:00,3.0718,3.0718,0,0,0,0,0,0
1989-01-31 11:00:00,2.5371,2.5371,0,0,0,0,0,0
1989-01-31 12:00:00,2.1114,2.1114,0,0,0,0,0,0
1989-01-31 13:00:00,1.6366,1.6366,0,0,0,0,0,0
1989-01-31 14:00:00,1.6999,1.6999,0,0,0,0,0,0
1989-01-31 15:00:00,2.3043,2.3043,0,0,0,0,0,0
1989-01-31 16:00:00,2.8818,2.8818,0,0,0,0,0,0
1989-01-31 17:00:00,3.2071,3.2071,0,0,0,0,0,0
1989-01-31 18:00:00,3.3307,3.3307,0,0,0,0,0,0
1989-01-31 19:00:00,3.3029,3.3029,0,0,0,0,0,0
1989-01-31 20:00:00,3.2613,3.2613,0,0,0,0,0,0
1989-01-31 21:00:00,3.2876,3.2876,0,0,0,0,0,0
1989-01-31 22:00:00,2.2717,2.2717,0,0,0,0,0,0
1989-01-31 23:00:00,2.2836,2.2836,0,0,0,0,0,0
1989-02-01 00:00:00,1.9289,1.9289,0,0,0,0,0,0
1989-02-01 01:00:00,1.4467,1.4467,0,0,0,0,0,0
1989-02-01 02:00:00,1.4441,1.4441,0,0,0,0,0,0
1989-02-01 03:00:00,1.9964,1.9964,0,0,0,0,0,0
1989-02-01 04:00:00,2.2652,2.2652,0,0,0,0,0,0
1989-02-01 05:00:00,2.4104,2.4104,0,0,0,0,0,0
1989-02-01 06:00:00,2.5572,2.5572,0,0,0,0,0,0
1989-02-01 07:00:00,2.6867,2.6867,0,0,0,0,0,0
1989-02-01 08:00:00,2.5533,2.5533,0,0,0,0,0,0
1989-02-01 09:00:00,2.1686,2.1686,0,0,0,0,0,0
1989-02-01 10:00:00,1.701,1.701,0,0,0,0,0,0
1989-02-01 11:00:00,1.721,1.721,0,0,0,0,0,0
1989-02-01 12:00:00,2.3809,2.3809,0,0,0,0,0,0
1989-02-01 13:00:00,3.1016,3.1016,0,0,0,0,0,0
1989-02-01 14:00:00,3.749,3.749,0,0,0,0,0,0
1989-02-01 15:00:00,4.2528,4.2528,0,0,0,0,0,0
1989-02-01 16:00:00,4.9048,4.9048,0,0,0,0,0,0
1989-02-01 17:00:00,5.399,5.399,0,0,0,0,0,0
1989-02-01 18:00:00,5.3145,5.3145,0,0,0,0,0,0
1989-02-01 19:00:00,4.8451,4.8451,0,0,0,0,0,0
1989-02-01 20:00:00,4.3243,4.3243,0,0,0,0,0,0
1989-02-01 21:00:00,3.9169,3.9169,0,0,0,0,0,0
1989-02-01 22:00:00,2.8963,2.8963,0,0,0,0,0,0
1989-02-01 23:00:00,2.2256,2.2256,0,0,0,0,0,0
1989-02-02 00:00:00,1.496,1.496,0,0,0,0,0,0
1989-02-02 01:00:00,0.9135,0.9135,0,0,0,0,0,0
1989-02-02 02:00:00,0.7202,0.7202,0,0,0,0,0,0
1989-02-02 03:00:00,0.6258,0.6258,0,0,0,0,0,0
1989-02-02 04:00:00,0.5618,0.5618,0,0,0,0,0,0
1989-02-02 05:00:00,0.5744,0.5744,0,0,0,0,0,0
1989-02-02 06:00:00,0.6551,0.6551,0,0,0,0,0,0
1989-02-02 07:00:00,0.725,0.725,0,0,0,0,0,0
1989-02-02 08:00:00,0.8468,0.8468,0,0,0,0,0,0
1989-02-02 09:00:00,0.8845,0.8845,0,0,0,0,0,0
1989-02-02 10:00:00,1.3613,1.3613,0,0,0,0,0,0
1989-02-02 11:00:00,1.5613,1.5613,0,0,0,0,0,0
1989-02-02 12:00:00,1.6782,1.6782,0,0,0,0,0,0
1989-02-02 13:00:00,1.9458,1.9458,0,0,0,0,0,0
1989-02-02 14:00:00,2.2142,2.2142,0,0,0,0,0,0
1989-02-02 15:00:00,2.1449,2.1449,0,0,0,0,0,0
1989-02-02 16:00:00,2.096,2.096,0,0,0,0,0,0
1989-02-02 17:00:00,2.2928,2.2928,0,0,0,0,0,0
1989-02-02 18:00:00,2.4425,2.4425,0,0,0,0,0,0
1989-02-02 19:00:00,2.4479,2.4479,0,0,0,0,0,0
1989-02-02 20:00:00,2.5351,2.5351,0,0,0,0,0,0
1989-02-02 21:00:00,2.5583,2.5583,0,0,0,0,0,0
1989-02-02 22:00:00,2.4488,2.4488,0,0,0,0,0,0
1989-02-02 23:00:00,2.3312,2.3312,0,0,0,0,0,0
1989-02-03 00:00:00,2.0065,2.0065,0,0,0,0,0,0
1989-02-03 01:00:00,1.8188,1.8188,0,0,0,0,0,0
1989-02-03 02:00:00,1.6314,1.6314,0,0,0,0,0,0
1989-02-03 03:00:00,1.6471,1.6471,0,0,0,0,0,0
1989-02-03 04:00:00,1.623,1.623,0,0,0,0,0,0
1989-02-03 05:00:00,1.6485,1.6485,0,0,0,0,0,0
1989-02-03 06:00:00,1.6031,1.6031,0,0,0,0,0,0
1989-02-03 07:00:00,1.643,1.643,0,0,0,0,0,0
1989-02-03 08:00:00,1.8721,1.8721,0,0,0,0,0,0
1989-02-03 09:00:00,1.8904,1.8904,0,0,0,0,0,0
1989-02-03 10:00:00,1.315,1.315,0,0,0,0,0,0
1989-02-03 11:00:00,0.8618,0.8618,0,0,0,0,0,0
1989-02-03 12:00:00,0.7846,0.7846,0,0,0,0,0,0
1989-02-03 13:00:00,1.1266,1.1266,0,0,0,0,0,0
1989-02-03 14:00:00,1.4758,1.4758,0,0,0,0,0,0
1989-02-03 15:00:00,1.9092,1.9092,0,0,0,0,0,0
1989-02-03 16:00:00,2.3799,2.3799,0,0,0,0,0,0
1989-02-03 17:00:00,2.9649,2.9649,0,0,0,0,0,0
1989-02-03 18:00:00,3.2712,3.2712,0,0,0,0,0,0
1989-02-03 19:00:00,3.2626,3.2626,0,0,0,0,0,0
1989-02-03 20:00:00,3.0268,3.0268,0,0,0,0,0,0
1989-02-03 21:00:00,2.8513,2.8513,0,0,0,0,0,0
1989-02-03 22:00:00,2.4172,2.4172,0,0,0,0,0,0
1989-02-03 23:00:00,2.0485,2.0485,0,0,0,0,0,0
1989-02-04 00:00:00,2.0678,2.0678,0,0,0,0,0,0
1989-02-04 01:00:00,2.2299,2.2299,0,0,0,0,0,0
1989-02-04 02:00:00,2.3541,2.3541,0,0,0,0,0,0
1989-02-04 03:00:00,2.5191,2.5191,0,0,0,0,0,0
1989-02-04 04:00:00,2.2945,2.2945,0,0,0,0,0,0
1989-02-04 05:00:00,1.9426,1.9426,0,0,0,0,0,0
1989-02-04 06:00:00,1.5458,1.5458,0,0,0,0,0,0
1989-02-04 07:00:00,1.0757,1.0757,0,0,0,0,0,0
1989-02-04 08:00:00,0.8265,0.8265,0,0,0,0,0,0
1989-02-04 09:00:00,0.7061,0.7061,0,0,0,0,0,0
1989-02-04 10:00:00,1.4869,1.4869,0,0,0,0,0,0
1989-02-04 11:00:00,1.8065,1.8065,0,0,0,0,0,0
1989-02-04 12:00:00,2.2576,2.2576,0,0,0,0,0,0
1989-02-04 13:00:00,3.018,3.018,0,0,0,0,0,0
1989-02-04 14:00:00,3.3043,3.3043,0,0,0,0,0,0
1989-02-04 15:00:00,3.0995,3.0995,0,0,0,0,0,0
1989-02-04 16:00:00,2.6829,2.6829,0,0,0,0,0,0
1989-02-04 17:00:00,2.2715,2.2715,0,0,0,0,0,0
1989-02-04 18:00:00,1.9285,1.9285,0,0,0,0,0,0
1989-02-04 19:00:00,1.6383,1.6383,0,0,0,0,0,0
1989-02-04 20:00:00,1.2506,1.2506,0,0,0,0,0,0
1989-02-04 21:00:00,1.0373,1.0373,0,0,0,0,0,0
1989-02-04 22:00:00,0.837,0.837,0,0,0,0,0,0
1989-02-04 23:00:00,0.5304,0.5304,0,0,0,0,0,0
1989-02-05 00:00:00,0.6699,0.6699,0,0,0,0,0,0
1989-02-05 01:00:00,1.0684,1.0684,0,0,0,0,0,0
1989-02-05 02:00:00,0.9455,0.9455,0,0,0,0,0,0
1989-02-05 03:00:00,0.815,0.815,0,0,0,0,0,0
1989-02-05 04:00:00,0.8336,0.8336,0,0,0,0,0,0
1989-02-05 05:00:00,1.1346,1.1346,0,0,0,0,0,0
1989-02-05 06:00:00,1.5295,1.5295,0,0,0,0,0,0
1989-02-05 07:00:00,1.94,1.94,0,0,0,0,0,0
1989-02-05 08:00:00,2.3825,2.3825,0,0,0,0,0,0
1989-02-05 09:00:00,2.3802,2.3802,0,0,0,0,0,0
1989-02-05 10:00:00,2.1319,2.1319,0,0,0,0,0,0
1989-02-05 11:00:00,1.5288,1.5288,0,0,0,0,0,0
1989-02-05 12:00:00,1.1044,1.1044,0,0,0,0,0,0
1989-02-05 13:00:00,1.2844,1.2844,0,0,0,0,0,0
1989-02-05 14:00:00,1.5994,1.5994,0,0,0,0,0,0
1989-02-05 15:00:00,1.7065,1.7065,0,0,0,0,0,0
1989-02-05 16:00:00,1.8325,1.8325,0,0,0,0,0,0
1989-02-05 17:00:00,2.3106,2.3106,0,0,0,0,0,0
1989-02-05 18:00:00,2.7182,2.7182,0,0,0,0,0,0
1989-02-05 19:00:00,2.93,2.93,0,0,0,0,0,0
1989-02-05 20:00:00,2.8891,2.8891,0,0,0,0,0,0
1989-02-05 21:00:00,2.6895,2.6895,0,0,0,0,0,0
1989-02-05 22:00:00,1.4993,1.4993,0,0,0,0,0,0
1989-02-05 23:00:00,1.2938,1.2938,0,0,0,0,0,0
1989-02-06 00:00:00,1.3932,1.3932,0,0,0,0,0,0
1989-02-06 01:00:00,1.777,1.777,0,0,0,0,0,0
1989-02-06 02:00:00,2.206,2.206,0,0,0,0,0,0
1989-02-06 03:00:00,2.3294,2.3294,0,0,0,0,0,0
1989-02-06 04:00:00,2.4365,2.4365,0,0,0,0,0,0
1989-02-06 05:00:00,2.3869,2.3869,0,0,0,0,0,0
1989-02-06 06:00:00,2.3805,2.3805,0,0,0,0,0,0
1989-02-06 07:00:00,2.4341,2.4341,0,0,0,0,0,0
1989-02-06 08:00:00,2.5802,2.5802,0,0,0,0,0,0
1989-02-06 09:00:00,2.4835,2.4835,0,0,0,0,0,0
1989-02-06 10:00:00,2.2139,2.2139,0,0,0,0,0,0
1989-02-06 11:00:00,1.8662,1.8662,0,0,0,0,0,0
1989-02-06 12:00:00,1.2277,1.2277,0,0,0,0,0,0
1989-02-06 13:00:00,0.9798,0.9798,0,0,0,0,0,0
1989-02-06 14:00:00,1.3402,1.3402,0,0,0,0,0,0
1989-02-06 15:00:00,1.9197,1.9197,0,0,0,0,0,0
1989-02-06 16:00:00,2.6263,2.6263,0,0,0,0,0,0
1989-02-06 17:00:00,3.0775,3.0775,0,0,0,0,0,0
1989-02-06 18:00:00,3.0995,3.0995,0,0,0,0,0,0
1989-02-06 19:00:00,2.8844,2.8844,0,0,0,0,0,0
1989-02-06 20:00:00,2.5744,2.5744,0,0,0,0,0,0
1989-02-06 21:00:00,2.523,2.523,0,0,0,0,0,0
1989-02-06 22:00:00,2.257,2.257,0,0,0,0,0,0
1989-02-06 23:00:00,2.3553,2.3553,0,0,0,0,0,0
1989-02-07 00:00:00,2.2097,2.2097,0,0,0,0,0,0
1989-02-07 01:00:00,2.0841,2.0841,0,0,0,0,0,0
1989-02-07 02:00:00,2.2499,2.2499,0,0,0,0,0,0
1989-02-07 03:00:00,2.5699,2.5699,0,0,0,0,0,0
1989-02-07 04:00:00,3.1069,3.1069,0,0,0,0,0,0
1989-02-07 05:00:00,3.5273,3.5273,0,0,0,0,0,0
1989-02-07 06:00:00,3.7754,3.7754,0,0,0,0,0,0
1989-02-07 07:00:00,3.9767,3.9767,0,0,0,0,0,0
1989-02-07 08:00:00,4.0167,4.0167,0,0,0,0,0,0
1989-02-07 09:00:00,3.8899,3.8899,0,0,0,0,0,0
1989-02-07 10:00:00,3.1639,3.1639,0,0,0,0,0,0
1989-02-07 11:00:00,2.6639,2.6639,0,0,0,0,0,0
1989-02-07 12:00:00,2.1253,2.1253,0,0,0,0,0,0
1989-02-07 13:00:00,2.3524,2.3524,0,0,0,0,0,0
1989-02-07 14:00:00,3.0492,3.0492,0,0,0,0,0,0
1989-02-07 15:00:00,3.4352,3.4352,0,0,0,0,0,0
1989-02-07 16:00:00,3.153,3.153,0,0,0,0,0,0
1989-02-07 17:00:00,2.5602,2.5602,0,0,0,0,0,0
1989-02-07 18:00:00,1.903,1.903,0,0,0,0,0,0
1989-02-07 19:00:00,1.3721,1.3721,0,0,0,0,0,0
1989-02-07 20:00:00,0.5892,0.5892,0,0,0,0,0,0
1989-02-07 21:00:00,1.1983,1.1983,0,0,0,0,0,0
1989-02-07 22:00:00,1.4555,1.4555,0,0,0,0,0,0
1989-02-07 23:00:00,2.1012,2.1012,0,0,0,0,0,0
1989-02-08 00:00:00,2.3766,2.3766,0,0,0,0,0,0
1989-02-08 01:00:00,2.6234,2.6234,0,0,0,0,0,0
1989-02-08 02:00:00,2.9153,2.9153,0,0,0,0,0,0
1989-02-08 03:00:00,3.1946,3.1946,0,0,0,0,0,0
1989-02-08 04:00:00,3.3813,3.3813,0,0,0,0,0,0
1989-02-08 05:00:00,3.5842,3.5842,0,0,0,0,0,0
1989-02-08 06:00:00,3.7052,3.7052,0,0,0,0,0,0
1989-02-08 07:00:00,3.7173,3.7173,0,0,0,0,0,0
1989-02-08 08:00:00,3.6326,3.6326,0,0,0,0,0,0
1989-02-08 09:00:00,3.2103,3.2103,0,0,0,0,0,0
1989-02-08 10:00:00,2.1704,2.1704,0,0,0,0,0,0
1989-02-08 11:00:00,1.2259,1.2259,0,0,0,0,0,0
1989-02-08 12:00:00,1.4497,1.4497,0,0,0,0,0,0
1989-02-08 13:00:00,1.916,1.916,0,0,0,0,0,0
1989-02-08 14:00:00,2.2382,2.2382,0,0,0,0,0,0
1989-02-08 15:00:00,2.611,2.611,0,0,0,0,0,0
1989-02-08 16:00:00,2.9877,2.9877,0,0,0,0,0,0
1989-02-08 17:00:00,3.017,3.017,0,0,0,0,0,0
1989-02-08 18:00:00,3.1651,3.1651,0,0,0,0,0,0
1989-02-08 19:00:00,3.4678,3.4678,0,0,0,0,0,0
1989-02-08 20:00:00,3.756,3.756,0,0,0,0,0,0
1989-02-08 21:00:00,3.9521,3.9521,0,0,0,0,0,0
1989-02-08 22:00:00,4.6267,4.6267,0,0,0,0,0,0
1989-02-08 23:00:00,4.5111,4.5111,0,0,0,0,0,0
1989-02-09 00:00:00,4.3057,4.3057,0,0,0,0,0,0
1989-02-09 01:00:00,4.124,4.124,0,0,0,0,0,0
1989-02-09 02:00:00,3.9504,3.9504,0,0,0,0,0,0
1989-02-09 03:00:00,3.8561,3.8561,0,0,0,0,0,0
1989-02-09 04:00:00,3.8672,3.8672,0,0,0,0,0,0
1989-02-09 05:00:00,3.8449,3.8449,0,0,0,0,0,0
1989-02-09 06:00:00,3.7304,3.7304,0,0,0,0,0,0
1989-02-09 07:00:00,3.4849,3.4849,0,0,0,0,0,0
1989-02-09 08:00:00,3.0806,3.0806,0,0,0,0,0,0
1989-02-09 09:00:00,2.6208,2.6208,0,0,0,0,0,0
1989-02-09 10:00:00,2.9127,2.9127,0,0,0,0,0,0
1989-02-09 11:00:00,2.6206,2.6206,0,0,0,0,0,0
1989-02-09 12:00:00,2.4497,2.4497,0,0,0,0,0,0
1989-02-09 13:00:00,2.6993,2.6993,0,0,0,0,0,0
1989-02-09 14:00:00,3.4212,3.4212,0,0,0,0,0,0
1989-02-09 15:00:00,3.7246,3.7246,0,0,0,0,0,0
1989-02-09 16:00:00,3.6409,3.6409,0,0,0,0,0,0
1989-02-09 17:00:00,3.3291,3.3291,0,0,0,0,0,0
1989-02-09 18:00:00,2.5493,2.5493,0,0,0,0,0,0
1989-02-09 19:00:00,0.9079,0.9079,0,0,0,0,0,0
1989-02-09 20:00:00,1.3419,1.3419,0,0,0,0,0,0
1989-02-09 21:00:00,3.2044,3.2044,0,0,0,0,0,0
1989-02-09 22:00:00,5.1705,5.1705,0,0,0,0,0,0
1989-02-09 23:00:00,6.5668,6.5668,0,0,0,0,0,0
1989-02-10 00:00:00,7.2528,7.2528,0,0,0,0,0,0
1989-02-10 01:00:00,7.9417,7.9417,0,0,0,0,0,0
1989-02-10 02:00:00,7.8347,7.8347,0,0,0,0,0,0
1989-02-10 03:00:00,7.3319,7.3319,0,0,0,0,0,0
1989-02-10 04:00:00,7.0324,7.0324,0,0,0,0,0,0
1989-02-10 05:00:00,6.8989,6.8989,0,0,0,0,0,0
1989-02-10 06:00:00,6.8656,6.8656,0,0,0,0,0,0
1989-02-10 07:00:00,6.8514,6.8514,0,0,0,0,0,0
1989-02-10 08:00:00,6.8876,6.8876,0,0,0,0,0,0
1989-02-10 09:00:00,7.007,7.007,0,0,0,0,0,0
1989-02-10 10:00:00,6.8376,6.8376,0,0,0,0,0,0
1989-02-10 11:00:00,6.6274,6.6274,0,0,0,0,0,0
1989-02-10 12:00:00,7.1139,7.1139,0,0,0,0,0,0
1989-02-10 13:00:00,6.9994,6.9994,0,0,0,0,0,0
1989-02-10 14:00:00,6.6137,6.6137,0,0,0,0,0,0
1989-02-10 15:00:00,6.3225,6.3225,0,0,0,0,0,0
1989-02-10 16:00:00,6.6733,6.6733,0,0,0,0,0,0
1989-02-10 17:00:00,7.0253,7.0253,0,0,0,0,0,0
1989-02-10 18:00:00,7.4755,7.4755,0,0,0,0,0,0
1989-02-10 19:00:00,7.8674,7.8674,0,0,0,0,0,0
1989-02-10 20:00:00,7.7473,7.7473,0,0,0,0,0,0
1989-02-10 21:00:00,7.6231,7.6231,0,0,0,0,0,0
1989-02-10 22:00:00,8.397,8.397,0,0,0,0,0,0
1989-02-10 23:00:00,8.2437,8.2437,0,0,0,0,0,0
1989-02-11 00:00:00,8.0457,8.0457,0,0,0,0,0,0
1989-02-11 01:00:00,8.0664,8.0664,0,0,0,0,0,0
1989-02-11 02:00:00,8.0488,8.0488,0,0,0,0,0,0
1989-02-11 03:00:00,7.8018,7.8018,0,0,0,0,0,0
1989-02-11 04:00:00,7.7473,7.7473,0,0,0,0,0,0
1989-02-11 05:00:00,7.7592,7.7592,0,0,0,0,0,0
1989-02-11 06:00:00,7.7749,7.7749,0,0,0,0,0,0
1989-02-11 07:00:00,7.7713,7.7713,0,0,0,0,0,0
1989-02-11 08:00:00,7.4006,7.4006,0,0,0,0,0,0
1989-02-11 09:00:00,7.3033,7.3033,0,0,0,0,0,0
1989-02-11 10:00:00,8.0854,8.0854,0,0,0,0,0,0
1989-02-11 11:00:00,8.0923,8.0923,0,0,0,0,0,0
1989-02-11 12:00:00,7.8586,7.8586,0,0,0,0,0,0
1989-02-11 13:00:00,7.3926,7.3926,0,0,0,0,0,0
1989-02-11 14:00:00,6.8083,6.8083,0,0,0,0,0,0
1989-02-11 15:00:00,6.5281,6.5281,0,0,0,0,0,0
1989-02-11 16:00:00,6.426,6.426,0,0,0,0,0,0
1989-02-11 17:00:00,6.2494,6.2494,0,0,0,0,0,0
1989-02-11 18:00:00,6.0866,6.0866,0,0,0,0,0,0
1989-02-11 19:00:00,6.0312,6.0312,0,0,0,0,0,0
1989-02-11 20:00:00,5.7729,5.7729,0,0,0,0,0,0
1989-02-11 21:00:00,5.5494,5.5494,0,0,0,0,0,0
1989-02-11 22:00:00,5.4537,5.4537,0,0,0,0,0,0
1989-02-11 23:00:00,5.6079,5.6079,0,0,0,0,0,0
1989-02-12 00:00:00,5.5397,5.5397,0,0,0,0,0,0
1989-02-12 01:00:00,5.2692,5.2692,0,0,0,0,0,0
1989-02-12 02:00:00,4.842,4.842,0,0,0,0,0,0
1989-02-12 03:00:00,4.2055,4.2055,0,0,0,0,0,0
1989-02-12 04:00:00,3.6331,3.6331,0,0,0,0,0,0
1989-02-12 05:00:00,3.1284,3.1284,0,0,0,0,0,0
1989-02-12 06:00:00,2.7296,2.7296,0,0,0,0,0,0
1989-02-12 07:00:00,2.2174,2.2174,0,0,0,0,0,0
1989-02-12 08:00:00,1.8043,1.8043,0,0,0,0,0,0
1989-02-12 09:00:00,1.1951,1.1951,0,0,0,0,0,0
1989-02-12 10:00:00,0.8284,0.8284,0,0,0,0,0,0
1989-02-12 11:00:00,1.1239,1.1239,0,0,0,0,0,0
1989-02-12 12:00:00,2.0083,2.0083,0,0,0,0,0,0
1989-02-12 13:00:00,3.404,3.404,0,0,0,0,0,0
1989-02-12 14:00:00,4.3945,4.3945,0,0,0,0,0,0
1989-02-12 15:00:00,5.0269,5.0269,0,0,0,0,0,0
1989-02-12 16:00:00,5.4753,5.4753,0,0,0,0,0,0
1989-02-12 17:00:00,5.7364,5.7364,0,0,0,0,0,0
1989-02-12 18:00:00,5.6042,5.6042,0,0,0,0,0,0
1989-02-12 19:00:00,5.4823,5.4823,0,0,0,0,0,0
1989-02-12 20:00:00,5.2516,5.2516,0,0,0,0,0,0
1989-02-12 21:00:00,5.0676,5.0676,0,0,0,0,0,0
1989-02-12 22:00:00,5.4736,5.4736,0,0,0,0,0,0
1989-02-12 23:00:00,5.1466,5.1466,0,0,0,0,0,0
1989-02-13 00:00:00,5.1561,5.1561,0,0,0,0,0,0
1989-02-13 01:00:00,5.4343,5.4343,0,0,0,0,0,0
1989-02-13 02:00:00,6.1951,6.1951,0,0,0,0,0,0
1989-02-13 03:00:00,7.0686,7.0686,0,0,0,0,0,0
1989-02-13 04:00:00,7.3803,7.3803,0,0,0,0,0,0
1989-02-13 05:00:00,7.2662,7.2662,0,0,0,0,0,0
1989-02-13 06:00:00,6.7355,6.7355,0,0,0,0,0,0
1989-02-13 07:00:00,6.7109,6.7109,0,0,0,0,0,0
1989-02-13 08:00:00,7.1462,7.1462,0,0,0,0,0,0
1989-02-13 09:00:00,7.8954,7.8954,0,0,0,0,0,0
1989-02-13 10:00:00,8.5131,8.5131,0,0,0,0,0,0
1989-02-13 11:00:00,9.6496,9.6496,0,0,0,0,0,0
1989-02-13 12:00:00,10.8796,10.8796,0,0,0,0,0,0
1989-02-13 13:00:00,11.6698,11.6698,0,0,0,0,0,0
1989-02-13 14:00:00,11.8413,11.8413,0,0,0,0,0,0
1989-02-13 15:00:00,11.8733,11.8733,0,0,0,0,0,0
1989-02-13 16:00:00,12.3507,12.3507,0,0,0,0,0,0
1989-02-13 17:00:00,12.4779,12.4779,0,0,0,0,0,0
1989-02-13 18:00:00,11.4111,11.4111,0,0,0,0,0,0
1989-02-13 19:00:00,11.0744,11.0744,0,0,0,0,0,0
1989-02-13 20:00:00,10.5972,10.5972,0,0,0,0,0,0
1989-02-13 21:00:00,10.6422,10.6422,0,0,0,0,0,0
1989-02-13 22:00:00,10.1885,10.1885,0,0,0,0,0,0
1989-02-13 23:00:00,10.1487,10.1487,0,0,0,0,0,0
1989-02-14 00:00:00,10.4888,10.4888,0,0,0,0,0,0
1989-02-14 01:00:00,10.6547,10.6547,0,0,0,0,0,0
1989-02-14 02:00:00,10.6757,10.6757,0,0,0,0,0,0
1989-02-14 03:00:00,10.9488,10.9488,0,0,0,0,0,0
1989-02-14 04:00:00,11.1487,11.1487,0,0,0,0,0,0
1989-02-14 05:00:00,11.0972,11.0972,0,0,0,0,0,0
1989-02-14 06:00:00,10.4336,10.4336,0,0,0,0,0,0
1989-02-14 07:00:00,10.2406,10.2406,0,0,0,0,0,0
1989-02-14 08:00:00,9.8589,9.8589,0,0,0,0,0,0
1989-02-14 09:00:00,8.949,8.949,0,0,0,0,0,0
1989-02-14 10:00:00,8.3621,8.3621,0,0,0,0,0,0
1989-02-14 11:00:00,8.0017,8.0017,0,0,0,0,0,0
1989-02-14 12:00:00,8.1844,8.1844,0,0,0,0,0,0
1989-02-14 13:00:00,8.9507,8.9507,0,0,0,0,0,0
1989-02-14 14:00:00,9.6381,9.6381,0,0,0,0,0,0
1989-02-14 15:00:00,9.4988,9.4988,0,0,0,0,0,0
1989-02-14 16:00:00,7.7802,7.7802,0,0,0,0,0,0
1989-02-14 17:00:00,6.7085,6.7085,0,0,0,0,0,0
1989-02-14 18:00:00,7.1067,7.1067,0,0,0,0,0,0
1989-02-14 19:00:00,8.4272,8.4272,0,0,0,0,0,0
1989-02-14 20:00:00,9.1045,9.1045,0,0,0,0,0,0
1989-02-14 21:00:00,8.0642,8.0642,0,0,0,0,0,0
1989-02-14 22:00:00,7.2961,7.2961,0,0,0,0,0,0
1989-02-14 23:00:00,5.7163,5.7163,0,0,0,0,0,0
1989-02-15 00:00:00,4.6221,4.6221,0,0,0,0,0,0
1989-02-15 01:00:00,4.7977,4.7977,0,0,0,0,0,0
1989-02-15 02:00:00,4.5747,4.5747,0,0,0,0,0,0
1989-02-15 03:00:00,3.915,3.915,0,0,0,0,0,0
1989-02-15 04:00:00,2.7902,2.7902,0,0,0,0,0,0
1989-02-15 05:00:00,2.4137,2.4137,0,0,0,0,0,0
1989-02-15 06:00:00,3.4655,3.4655,0,0,0,0,0,0
1989-02-15 07:00:00,5.4011,5.4011,0,0,0,0,0,0
1989-02-15 08:00:00,7.3532,7.3532,0,0,0,0,0,0
1989-02-15 09:00:00,9.5123,9.5123,0,0,0,0,0,0
1989-02-15 10:00:00,11.2529,11.2529,0,0,0,0,0,0
1989-02-15 11:00:00,11.7265,11.7265,0,0,0,0,0,0
1989-02-15 12:00:00,11.459,11.459,0,0,0,0,0,0
1989-02-15 13:00:00,10.8543,10.8543,0,0,0,0,0,0
1989-02-15 14:00:00,9.8971,9.8971,0,0,0,0,0,0
1989-02-15 15:00:00,9.0118,9.0118,0,0,0,0,0,0
1989-02-15 16:00:00,7.8801,7.8801,0,0,0,0,0,0
1989-02-15 17:00:00,6.5972,6.5972,0,0,0,0,0,0
1989-02-15 18:00:00,5.7314,5.7314,0,0,0,0,0,0
1989-02-15 19:00:00,5.3231,5.3231,0,0,0,0,0,0
1989-02-15 20:00:00,4.9319,4.9319,0,0,0,0,0,0
1989-02-15 21:00:00,4.7351,4.7351,0,0,0,0,0,0
1989-02-15 22:00:00,4.7758,4.7758,0,0,0,0,0,0
1989-02-15 23:00:00,5.6129,5.6129,0,0,0,0,0,0
1989-02-16 00:00:00,6.3911,6.3911,0,0,0,0,0,0
1989-02-16 01:00:00,6.6275,6.6275,0,0,0,0,0,0
1989-02-16 02:00:00,6.7061,6.7061,0,0,0,0,0,0
1989-02-16 03:00:00,6.62,6.62,0,0,0,0,0,0
1989-02-16 04:00:00,6.6933,6.6933,0,0,0,0,0,0
1989-02-16 05:00:00,6.5219,6.5219,0,0,0,0,0,0
1989-02-16 06:00:00,6.6958,6.6958,0,0,0,0,0,0
1989-02-16 07:00:00,6.9905,6.9905,0,0,0,0,0,0
1989-02-16 08:00:00,6.8892,6.8892,0,0,0,0,0,0
1989-02-16 09:00:00,6.6239,6.6239,0,0,0,0,0,0
1989-02-16 10:00:00,7.3681,7.3681,0,0,0,0,0,0
1989-02-16 11:00:00,6.5867,6.5867,0,0,0,0,0,0
1989-02-16 12:00:00,5.4482,5.4482,0,0,0,0,0,0
1989-02-16 13:00:00,3.912,3.912,0,0,0,0,0,0
1989-02-16 14:00:00,2.4968,2.4968,0,0,0,0,0,0
1989-02-16 15:00:00,2.0051,2.0051,0,0,0,0,0,0
1989-02-16 16:00:00,2.2923,2.2923,0,0,0,0,0,0
1989-02-16 17:00:00,2.9426,2.9426,0,0,0,0,0,0
1989-02-16 18:00:00,3.7564,3.7564,0,0,0,0,0,0
1989-02-16 19:00:00,4.4544,4.4544,0,0,0,0,0,0
1989-02-16 20:00:00,4.6693,4.6693,0,0,0,0,0,0
1989-02-16 21:00:00,4.4433,4.4433,0,0,0,0,0,0
1989-02-16 22:00:00,4.0353,4.0353,0,0,0,0,0,0
1989-02-16 23:00:00,4.6829,4.6829,0,0,0,0,0,0
1989-02-17 00:00:00,5.7844,5.7844,0,0,0,0,0,0
1989-02-17 01:00:00,6.1676,6.1676,0,0,0,0,0,0
1989-02-17 02:00:00,6.3604,6.3604,0,0,0,0,0,0
1989-02-17 03:00:00,6.3125,6.3125,0,0,0,0,0,0
1989-02-17 04:00:00,6.2912,6.2912,0,0,0,0,0,0
1989-02-17 05:00:00,6.6333,6.6333,0,0,0,0,0,0
1989-02-17 06:00:00,6.5532,6.5532,0,0,0,0,0,0
1989-02-17 07:00:00,6.6264,6.6264,0,0,0,0,0,0
1989-02-17 08:00:00,6.1071,6.1071,0,0,0,0,0,0
1989-02-17 09:00:00,6.2117,6.2117,0,0,0,0,0,0
1989-02-17 10:00:00,7.249,7.249,0,0,0,0,0,0
1989-02-17 11:00:00,8.2698,8.2698,0,0,0,0,0,0
1989-02-17 12:00:00,8.7361,8.7361,0,0,0,0,0,0
1989-02-17 13:00:00,8.9183,8.9183,0,0,0,0,0,0
1989-02-17 14:00:00,9.3277,9.3277,0,0,0,0,0,0
1989-02-17 15:00:00,9.7435,9.7435,0,0,0,0,0,0
1989-02-17 16:00:00,10.1229,10.1229,0,0,0,0,0,0
1989-02-17 17:00:00,10.4111,10.4111,0,0,0,0,0,0
1989-02-17 18:00:00,10.2698,10.2698,0,0,0,0,0,0
1989-02-17 19:00:00,9.6847,9.6847,0,0,0,0,0,0
1989-02-17 20:00:00,9.15,9.15,0,0,0,0,0,0
1989-02-17 21:00:00,8.5184,8.5184,0,0,0,0,0,0
1989-02-17 22:00:00,7.9609,7.9609,0,0,0,0,0,0
1989-02-17 23:00:00,7.563,7.563,0,0,0,0,0,0
1989-02-18 00:00:00,7.2461,7.2461,0,0,0,0,0,0
1989-02-18 01:00:00,6.5334,6.5334,0,0,0,0,0,0
1989-02-18 02:00:00,6.021,6.021,0,0,0,0,0,0
1989-02-18 03:00:00,5.882,5.882,0,0,0,0,0,0
1989-02-18 04:00:00,5.9991,5.9991,0,0,0,0,0,0
1989-02-18 05:00:00,5.5759,5.5759,0,0,0,0,0,0
1989-02-18 06:00:00,5.308,5.308,0,0,0,0,0,0
1989-02-18 07:00:00,5.66,5.66,0,0,0,0,0,0
1989-02-18 08:00:00,5.2458,5.2458,0,0,0,0,0,0
1989-02-18 09:00:00,5.0279,5.0279,0,0,0,0,0,0
1989-02-18 10:00:00,5.145,5.145,0,0,0,0,0,0
1989-02-18 11:00:00,5.1654,5.1654,0,0,0,0,0,0
1989-02-18 12:00:00,5.3702,5.3702,0,0,0,0,0,0
1989-02-18 13:00:00,6.0336,6.0336,0,0,0,0,0,0
1989-02-18 14:00:00,6.6081,6.6081,0,0,0,0,0,0
1989-02-18 15:00:00,7.2333,7.2333,0,0,0,0,0,0
1989-02-18 16:00:00,7.5149,7.5149,0,0,0,0,0,0
1989-02-18 17:00:00,7.7126,7.7126,0,0,0,0,0,0
1989-02-18 18:00:00,7.6059,7.6059,0,0,0,0,0,0
1989-02-18 19:00:00,7.3467,7.3467,0,0,0,0,0,0
1989-02-18 20:00:00,6.6125,6.6125,0,0,0,0,0,0
1989-02-18 21:00:00,6.3382,6.3382,0,0,0,0,0,0
1989-02-18 22:00:00,5.8689,5.8689,0,0,0,0,0,0
1989-02-18 23:00:00,5.6602,5.6602,0,0,0,0,0,0
1989-02-19 00:00:00,5.3783,5.3783,0,0,0,0,0,0
1989-02-19 01:00:00,4.6099,4.6099,0,0,0,0,0,0
1989-02-19 02:00:00,3.8954,3.8954,0,0,0,0,0,0
1989-02-19 03:00:00,3.6327,3.6327,0,0,0,0,0,0
1989-02-19 04:00:00,3.5403,3.5403,0,0,0,0,0,0
1989-02-19 05:00:00,3.7857,3.7857,0,0,0,0,0,0
1989-02-19 06:00:00,3.4655,3.4655,0,0,0,0,0,0
1989-02-19 07:00:00,3.3418,3.3418,0,0,0,0,0,0
1989-02-19 08:00:00,3.1351,3.1351,0,0,0,0,0,0
1989-02-19 09:00:00,2.61,2.61,0,0,0,0,0,0
1989-02-19 10:00:00,2.5088,2.5088,0,0,0,0,0,0
1989-02-19 11:00:00,1.9511,1.9511,0,0,0,0,0,0
1989-02-19 12:00:00,1.8234,1.8234,0,0,0,0,0,0
1989-02-19 13:00:00,1.5394,1.5394,0,0,0,0,0,0
1989-02-19 14:00:00,1.6187,1.6187,0,0,0,0,0,0
1989-02-19 15:00:00,1.8785,1.8785,0,0,0,0,0,0
1989-02-19 16:00:00,2.1314,2.1314,0,0,0,0,0,0
1989-02-19 17:00:00,2.553,2.553,0,0,0,0,0,0
1989-02-19 18:00:00,2.7795,2.7795,0,0,0,0,0,0
1989-02-19 19:00:00,2.7652,2.7652,0,0,0,0,0,0
1989-02-19 20:00:00,2.4325,2.4325,0,0,0,0,0,0
1989-02-19 21:00:00,1.7546,1.7546,0,0,0,0,0,0
1989-02-19 22:00:00,1.2749,1.2749,0,0,0,0,0,0
1989-02-19 23:00:00,1.003,1.003,0,0,0,0,0,0
1989-02-20 00:00:00,1.2629,1.2629,0,0,0,0,0,0
1989-02-20 01:00:00,1.3904,1.3904,0,0,0,0,0,0
1989-02-20 02:00:00,1.594,1.594,0,0,0,0,0,0
1989-02-20 03:00:00,1.7131,1.7131,0,0,0,0,0,0
1989-02-20 04:00:00,2.0834,2.0834,0,0,0,0,0,0
1989-02-20 05:00:00,1.9639,1.9639,0,0,0,0,0,0
1989-02-20 06:00:00,0.9439,0.9439,0,0,0,0,0,0
1989-02-20 07:00:00,0.4166,0.4166,0,0,0,0,0,0
1989-02-20 08:00:00,1.0853,1.0853,0,0,0,0,0,0
1989-02-20 09:00:00,1.3119,1.3119,0,0,0,0,0,0
1989-02-20 10:00:00,2.3009,2.3009,0,0,0,0,0,0
1989-02-20 11:00:00,2.647,2.647,0,0,0,0,0,0
1989-02-20 12:00:00,2.8209,2.8209,0,0,0,0,0,0
1989-02-20 13:00:00,3.0731,3.0731,0,0,0,0,0,0
1989-02-20 14:00:00,3.1974,3.1974,0,0,0,0,0,0
1989-02-20 15:00:00,3.1129,3.1129,0,0,0,0,0,0
1989-02-20 16:00:00,2.7895,2.7895,0,0,0,0,0,0
1989-02-20 17:00:00,2.5627,2.5627,0,0,0,0,0,0
1989-02-20 18:00:00,2.4973,2.4973,0,0,0,0,0,0
1989-02-20 19:00:00,2.2901,2.2901,0,0,0,0,0,0
1989-02-20 20:00:00,2.2275,2.2275,0,0,0,0,0,0
1989-02-20 21:00:00,2.1711,2.1711,0,0,0,0,0,0
1989-02-20 22:00:00,1.6494,1.6494,0,0,0,0,0,0
1989-02-20 23:00:00,1.4437,1.4437,0,0,0,0,0,0
1989-02-21 00:00:00,1.5623,1.5623,0,0,0,0,0,0
1989-02-21 01:00:00,1.5636,1.5636,0,0,0,0,0,0
1989-02-21 02:00:00,1.431,1.431,0,0,0,0,0,0
1989-02-21 03:00:00,1.3072,1.3072,0,0,0,0,0,0
1989-02-21 04:00:00,1.3957,1.3957,0,0,0,0,0,0
1989-02-21 05:00:00,1.5965,1.5965,0,0,0,0,0,0
1989-02-21 06:00:00,1.72,1.72,0,0,0,0,0,0
1989-02-21 07:00:00,1.9744,1.9744,0,0,0,0,0,0
1989-02-21 08:00:00,2.4254,2.4254,0,0,0,0,0,0
1989-02-21 09:00:00,3.051,3.051,0,0,0,0,0,0
1989-02-21 10:00:00,3.1188,3.1188,0,0,0,0,0,0
1989-02-21 11:00:00,3.2911,3.2911,0,0,0,0,0,0
1989-02-21 12:00:00,3.2702,3.2702,0,0,0,0,0,0
1989-02-21 13:00:00,3.4556,3.4556,0,0,0,0,0,0
1989-02-21 14:00:00,3.9413,3.9413,0,0,0,0,0,0
1989-02-21 15:00:00,4.0963,4.0963,0,0,0,0,0,0
1989-02-21 16:00:00,4.2241,4.2241,0,0,0,0,0,0
1989-02-21 17:00:00,4.1887,4.1887,0,0,0,0,0,0
1989-02-21 18:00:00,4.3547,4.3547,0,0,0,0,0,0
1989-02-21 19:00:00,4.47,4.47,0,0,0,0,0,0
1989-02-21 20:00:00,4.5458,4.5458,0,0,0,0,0,0
1989-02-21 21:00:00,4.6526,4.6526,0,0,0,0,0,0
1989-02-21 22:00:00,5.0255,5.0255,0,0,0,0,0,0
1989-02-21 23:00:00,5.1868,5.1868,0,0,0,0,0,0
1989-02-22 00:00:00,5.597,5.597,0,0,0,0,0,0
1989-02-22 01:00:00,5.7059,5.7059,0,0,0,0,0,0
1989-02-22 02:00:00,5.3397,5.3397,0,0,0,0,0,0
1989-02-22 03:00:00,5.3852,5.3852,0,0,0,0,0,0
1989-02-22 04:00:00,5.5999,5.5999,0,0,0,0,0,0
1989-02-22 05:00:00,5.6278,5.6278,0,0,0,0,0,0
1989-02-22 06:00:00,5.7798,5.7798,0,0,0,0,0,0
1989-02-22 07:00:00,5.9787,5.9787,0,0,0,0,0,0
1989-02-22 08:00:00,5.8933,5.8933,0,0,0,0,0,0
1989-02-22 09:00:00,5.4868,5.4868,0,0,0,0,0,0
1989-02-22 10:00:00,5.3482,5.3482,0,0,0,0,0,0
1989-02-22 11:00:00,5.4435,5.4435,0,0,0,0,0,0
1989-02-22 12:00:00,5.7408,5.7408,0,0,0,0,0,0
1989-02-22 13:00:00,6.2356,6.2356,0,0,0,0,0,0
1989-02-22 14:00:00,6.7532,6.7532,0,0,0,0,0,0
1989-02-22 15:00:00,6.8722,6.8722,0,0,0,0,0,0
1989-02-22 16:00:00,6.5363,6.5363,0,0,0,0,0,0
1989-02-22 17:00:00,5.8926,5.8926,0,0,0,0,0,0
1989-02-22 18:00:00,5.4306,5.4306,0,0,0,0,0,0
1989-02-22 19:00:00,5.3326,5.3326,0,0,0,0,0,0
1989-02-22 20:00:00,5.3527,5.3527,0,0,0,0,0,0
1989-02-22 21:00:00,5.3184,5.3184,0,0,0,0,0,0
1989-02-22 22:00:00,5.092,5.092,0,0,0,0,0,0
1989-02-22 23:00:00,5.168,5.168,0,0,0,0,0,0
1989-02-23 00:00:00,5.0255,5.0255,0,0,0,0,0,0
1989-02-23 01:00:00,5.1291,5.1291,0,0,0,0,0,0
1989-02-23 02:00:00,5.0621,5.0621,0,0,0,0,0,0
1989-02-23 03:00:00,4.9296,4.9296,0,0,0,0,0,0
1989-02-23 04:00:00,4.6536,4.6536,0,0,0,0,0,0
1989-02-23 05:00:00,4.3546,4.3546,0,0,0,0,0,0
1989-02-23 06:00:00,4.4031,4.4031,0,0,0,0,0,0
1989-02-23 07:00:00,4.5838,4.5838,0,0,0,0,0,0
1989-02-23 08:00:00,4.4873,4.4873,0,0,0,0,0,0
1989-02-23 09:00:00,4.5745,4.5745,0,0,0,0,0,0
1989-02-23 10:00:00,4.8678,4.8678,0,0,0,0,0,0
1989-02-23 11:00:00,4.9802,4.9802,0,0,0,0,0,0
1989-02-23 12:00:00,5.1995,5.1995,0,0,0,0,0,0
1989-02-23 13:00:00,5.6309,5.6309,0,0,0,0,0,0
1989-02-23 14:00:00,6.1131,6.1131,0,0,0,0,0,0
1989-02-23 15:00:00,6.6269,6.6269,0,0,0,0,0,0
1989-02-23 16:00:00,6.9484,6.9484,0,0,0,0,0,0
1989-02-23 17:00:00,7.3537,7.3537,0,0,0,0,0,0
1989-02-23 18:00:00,7.3407,7.3407,0,0,0,0,0,0
1989-02-23 19:00:00,7.0543,7.0543,0,0,0,0,0,0
1989-02-23 20:00:00,7.2178,7.2178,0,0,0,0,0,0
1989-02-23 21:00:00,8.4897,8.4897,0,0,0,0,0,0
1989-02-23 22:00:00,9.1578,9.1578,0,0,0,0,0,0
1989-02-23 23:00:00,9.5415,9.5415,0,0,0,0,0,0
1989-02-24 00:00:00,10.2345,10.2345,0,0,0,0,0,0
1989-02-24 01:00:00,10.9737,10.9737,0,0,0,0,0,0
1989-02-24 02:00:00,11.4702,11.4702,0,0,0,0,0,0
1989-02-24 03:00:00,10.2969,10.2969,0,0,0,0,0,0
1989-02-24 04:00:00,9.3091,9.3091,0,0,0,0,0,0
1989-02-24 05:00:00,9.6509,9.6509,0,0,0,0,0,0
1989-02-24 06:00:00,10.578,10.578,0,0,0,0,0,0
1989-02-24 07:00:00,11.3025,11.3025,0,0,0,0,0,0
1989-02-24 08:00:00,12.2878,12.2878,0,0,0,0,0,0
1989-02-24 09:00:00,12.3522,12.3522,0,0,0,0,0,0
1989-02-24 10:00:00,12.0203,12.0203,0,0,0,0,0,0
1989-02-24 11:00:00,11.9091,11.9091,0,0,0,0,0,0
1989-02-24 12:00:00,10.9867,10.9867,0,0,0,0,0,0
1989-02-24 13:00:00,9.3612,9.3612,0,0,0,0,0,0
1989-02-24 14:00:00,7.5088,7.5088,0,0,0,0,0,0
1989-02-24 15:00:00,6.737,6.737,0,0,0,0,0,0
1989-02-24 16:00:00,6.1056,6.1056,0,0,0,0,0,0
1989-02-24 17:00:00,4.8108,4.8108,0,0,0,0,0,0
1989-02-24 18:00:00,3.2809,3.2809,0,0,0,0,0,0
1989-02-24 19:00:00,2.0784,2.0784,0,0,0,0,0,0
1989-02-24 20:00:00,3.2277,3.2277,0,0,0,0,0,0
1989-02-24 21:00:00,5.7118,5.7118,0,0,0,0,0,0
1989-02-24 22:00:00,6.3078,6.3078,0,0,0,0,0,0
1989-02-24 23:00:00,7.3611,7.3611,0,0,0,0,0,0
1989-02-25 00:00:00,8.5398,8.5398,0,0,0,0,0,0
1989-02-25 01:00:00,8.8545,8.8545,0,0,0,0,0,0
1989-02-25 02:00:00,8.8447,8.8447,0,0,0,0,0,0
1989-02-25 03:00:00,8.5799,8.5799,0,0,0,0,0,0
1989-02-25 04:00:00,8.2295,8.2295,0,0,0,0,0,0
1989-02-25 05:00:00,8.7034,8.7034,0,0,0,0,0,0
1989-02-25 06:00:00,9.2566,9.2566,0,0,0,0,0,0
1989-02-25 07:00:00,9.8087,9.8087,0,0,0,0,0,0
1989-02-25 08:00:00,11.0184,11.0184,0,0,0,0,0,0
1989-02-25 09:00:00,12.4024,12.4024,0,0,0,0,0,0
1989-02-25 10:00:00,11.5586,11.5586,0,0,0,0,0,0
1989-02-25 11:00:00,12.5958,12.5958,0,0,0,0,0,0
1989-02-25 12:00:00,11.5372,11.5372,0,0,0,0,0,0
1989-02-25 13:00:00,10.3981,10.3981,0,0,0,0,0,0
1989-02-25 14:00:00,12.0458,12.0458,0,0,0,0,0,0
1989-02-25 15:00:00,12.8131,12.8131,0,0,0,0,0,0
1989-02-25 16:00:00,13.3963,13.3963,0,0,0,0,0,0
1989-02-25 17:00:00,12.9488,12.9488,0,0,0,0,0,0
1989-02-25 18:00:00,11.4125,11.4125,0,0,0,0,0,0
1989-02-25 19:00:00,8.3349,8.3349,0,0,0,0,0,0
1989-02-25 20:00:00,6.2837,6.2837,0,0,0,0,0,0
1989-02-25 21:00:00,8.0582,8.0582,0,0,0,0,0,0
1989-02-25 22:00:00,9.8911,9.8911,0,0,0,0,0,0
1989-02-25 23:00:00,12.1241,12.1241,0,0,0,0,0,0
1989-02-26 00:00:00,12.0195,12.0195,0,0,0,0,0,0
1989-02-26 01:00:00,12.2011,12.2011,0,0,0,0,0,0
1989-02-26 02:00:00,14.2104,14.2104,0,0,0,0,0,0
1989-02-26 03:00:00,14.6764,14.6764,0,0,0,0,0,0
1989-02-26 04:00:00,14.0677,14.0677,0,0,0,0,0,0
1989-02-26 05:00:00,15.2159,15.2159,0,0,0,0,0,0
1989-02-26 06:00:00,16.1487,16.1487,0,0,0,0,0,0
1989-02-26 07:00:00,15.538,15.538,0,0,0,0,0,0
1989-02-26 08:00:00,14.937,14.937,0,0,0,0,0,0
1989-02-26 09:00:00,14.4832,14.4832,0,0,0,0,0,0
1989-02-26 10:00:00,13.8313,13.8313,0,0,0,0,0,0
1989-02-26 11:00:00,15.1835,15.1835,0,0,0,0,0,0
1989-02-26 12:00:00,18.1851,18.1851,0,0,0,0,0,0
1989-02-26 13:00:00,14.8862,14.8862,0,0,0,0,0,0
1989-02-26 14:00:00,13.1666,13.1666,0,0,0,0,0,0
1989-02-26 15:00:00,13.0894,13.0894,0,0,0,0,0,0
1989-02-26 16:00:00,13.0806,13.0806,0,0,0,0,0,0
1989-02-26 17:00:00,12.7365,12.7365,0,0,0,0,0,0
1989-02-26 18:00:00,11.67,11.67,0,0,0,0,0,0
1989-02-26 19:00:00,11.3978,11.3978,0,0,0,0,0,0
1989-02-26 20:00:00,12.8527,12.8527,0,0,0,0,0,0
1989-02-26 21:00:00,11.2568,11.2568,0,0,0,0,0,0
1989-02-26 22:00:00,11.6068,11.6068,0,0,0,0,0,0
1989-02-26 23:00:00,9.3059,9.3059,0,0,0,0,0,0
1989-02-27 00:00:00,8.3759,8.3759,0,0,0,0,0,0
1989-02-27 01:00:00,8.1901,8.1901,0,0,0,0,0,0
1989-02-27 02:00:00,9.4705,9.4705,0,0,0,0,0,0
1989-02-27 03:00:00,10.9189,10.9189,0,0,0,0,0,0
1989-02-27 04:00:00,12.0593,12.0593,0,0,0,0,0,0
1989-02-27 05:00:00,14.0973,14.0973,0,0,0,0,0,0
1989-02-27 06:00:00,14.6137,14.6137,0,0,0,0,0,0
1989-02-27 07:00:00,14.0207,14.0207,0,0,0,0,0,0
1989-02-27 08:00:00,14.7466,14.7466,0,0,0,0,0,0
1989-02-27 09:00:00,16.4777,16.4777,0,0,0,0,0,0
1989-02-27 10:00:00,18.0076,18.0076,0,0,0,0,0,0
1989-02-27 11:00:00,18.5187,18.5187,0,0,0,0,0,0
1989-02-27 12:00:00,18.6365,18.6365,0,0,0,0,0,0
1989-02-27 13:00:00,19.208,19.208,0,0,0,0,0,0
1989-02-27 14:00:00,19.6921,19.6921,0,0,0,0,0,0
1989-02-27 15:00:00,19.8252,19.8252,0,0,0,0,0,0
1989-02-27 16:00:00,19.7128,19.7128,0,0,0,0,0,0
1989-02-27 17:00:00,18.5145,18.5145,0,0,0,0,0,0
1989-02-27 18:00:00,17.5032,17.5032,0,0,0,0,0,0
1989-02-27 19:00:00,16.8611,16.8611,0,0,0,0,0,0
1989-02-27 20:00:00,16.5121,16.5121,0,0,0,0,0,0
1989-02-27 21:00:00,16.4152,16.4152,0,0,0,0,0,0
1989-02-27 22:00:00,16.0429,16.0429,0,0,0,0,0,0
1989-02-27 23:00:00,15.7828,15.7828,0,0,0,0,0,0
1989-02-28 00:00:00,15.1307,15.1307,0,0,0,0,0,0
1989-02-28 01:00:00,14.7809,14.7809,0,0,0,0,0,0
1989-02-28 02:00:00,14.5995,14.5995,0,0,0,0,0,0
1989-02-28 03:00:00,14.7905,14.7905,0,0,0,0,0,0
1989-02-28 04:00:00,14.135,14.135,0,0,0,0,0,0
1989-02-28 05:00:00,13.6034,13.6034,0,0,0,0,0,0
1989-02-28 06:00:00,14.0166,14.0166,0,0,0,0,0,0
1989-02-28 07:00:00,14.3552,14.3552,0,0,0,0,0,0
1989-02-28 08:00:00,14.3563,14.3563,0,0,0,0,0,0
1989-02-28 09:00:00,13.3411,13.3411,0,0,0,0,0,0
1989-02-28 10:00:00,13.6233,13.6233,0,0,0,0,0,0
1989-02-28 11:00:00,13.4315,13.4315,0,0,0,0,0,0
1989-02-28 12:00:00,12.9395,12.9395,0,0,0,0,0,0
1989-02-28 13:00:00,12.9147,12.9147,0,0,0,0,0,0
1989-02-28 14:00:00,12.9174,12.9174,0,0,0,0,0,0
1989-02-28 15:00:00,12.7571,12.7571,0,0,0,0,0,0
1989-02-28 16:00:00,12.9585,12.9585,0,0,0,0,0,0
1989-02-28 17:00:00,12.8032,12.8032,0,0,0,0,0,0
1989-02-28 18:00:00,13.2233,13.2233,0,0,0,0,0,0
1989-02-28 19:00:00,13.4356,13.4356,0,0,0,0,0,0
1989-02-28 20:00:00,13.4015,13.4015,0,0,0,0,0,0
1989-02-28 21:00:00,12.8895,12.8895,0,0,0,0,0,0
1989-02-28 22:00:00,12.2375,12.2375,0,0,0,0,0,0
1989-02-28 23:00:00,12.1911,12.1911,0,0,0,0,0,0
1989-03-01 00:00:00,11.4776,11.4776,0,0,0,0,0,0
1989-03-01 01:00:00,9.9872,9.9872,0,0,0,0,0,0
1989-03-01 02:00:00,8.9043,8.9043,0,0,0,0,0,0
1989-03-01 03:00:00,8.9887,8.9887,0,0,0,0,0,0
1989-03-01 04:00:00,8.4498,8.4498,0,0,0,0,0,0
1989-03-01 05:00:00,7.45,7.45,0,0,0,0,0,0
1989-03-01 06:00:00,6.6651,6.6651,0,0,0,0,0,0
1989-03-01 07:00:00,6.1466,6.1466,0,0,0,0,0,0
1989-03-01 08:00:00,5.7637,5.7637,0,0,0,0,0,0
1989-03-01 09:00:00,5.4072,5.4072,0,0,0,0,0,0
1989-03-01 10:00:00,5.1534,5.1534,0,0,0,0,0,0
1989-03-01 11:00:00,4.9536,4.9536,0,0,0,0,0,0
1989-03-01 12:00:00,4.9948,4.9948,0,0,0,0,0,0
1989-03-01 13:00:00,5.1946,5.1946,0,0,0,0,0,0
1989-03-01 14:00:00,5.2081,5.2081,0,0,0,0,0,0
1989-03-01 15:00:00,4.6983,4.6983,0,0,0,0,0,0
1989-03-01 16:00:00,4.2927,4.2927,0,0,0,0,0,0
1989-03-01 17:00:00,3.8799,3.8799,0,0,0,0,0,0
1989-03-01 18:00:00,4.3891,4.3891,0,0,0,0,0,0
1989-03-01 19:00:00,5.0402,5.0402,0,0,0,0,0,0
1989-03-01 20:00:00,6.2096,6.2096,0,0,0,0,0,0
1989-03-01 21:00:00,8.815,8.815,0,0,0,0,0,0
1989-03-01 22:00:00,12.685,12.685,0,0,0,0,0,0
1989-03-01 23:00:00,13.8529,13.8529,0,0,0,0,0,0
1989-03-02 00:00:00,14.4505,14.4505,0,0,0,0,0,0
1989-03-02 01:00:00,15.3562,15.3562,0,0,0,0,0,0
1989-03-02 02:00:00,16.0505,16.0505,0,0,0,0,0,0
1989-03-02 03:00:00,16.2031,16.2031,0,0,0,0,0,0
1989-03-02 04:00:00,15.3817,15.3817,0,0,0,0,0,0
1989-03-02 05:00:00,14.5502,14.5502,0,0,0,0,0,0
1989-03-02 06:00:00,14.2076,14.2076,0,0,0,0,0,0
1989-03-02 07:00:00,13.9453,13.9453,0,0,0,0,0,0
1989-03-02 08:00:00,13.4761,13.4761,0,0,0,0,0,0
1989-03-02 09:00:00,13.1218,13.1218,0,0,0,0,0,0
1989-03-02 10:00:00,12.598,12.598,0,0,0,0,0,0
1989-03-02 11:00:00,11.8759,11.8759,0,0,0,0,0,0
1989-03-02 12:00:00,11.4153,11.4153,0,0,0,0,0,0
1989-03-02 13:00:00,11.709,11.709,0,0,0,0,0,0
1989-03-02 14:00:00,12.6386,12.6386,0,0,0,0,0,0
1989-03-02 15:00:00,12.7196,12.7196,0,0,0,0,0,0
1989-03-02 16:00:00,12.0416,12.0416,0,0,0,0,0,0
1989-03-02 17:00:00,11.1256,11.1256,0,0,0,0,0,0
1989-03-02 18:00:00,9.7806,9.7806,0,0,0,0,0,0
1989-03-02 19:00:00,8.0842,8.0842,0,0,0,0,0,0
1989-03-02 20:00:00,6.1806,6.1806,0,0,0,0,0,0
1989-03-02 21:00:00,4.7016,4.7016,0,0,0,0,0,0
1989-03-02 22:00:00,4.1317,4.1317,0,0,0,0,0,0
1989-03-02 23:00:00,3.2314,3.2314,0,0,0,0,0,0
1989-03-03 00:00:00,2.0227,2.0227,0,0,0,0,0,0
1989-03-03 01:00:00,1.2058,1.2058,0,0,0,0,0,0
1989-03-03 02:00:00,4.7113,4.7113,0,0,0,0,0,0
1989-03-03 03:00:00,5.5166,5.5166,0,0,0,0,0,0
1989-03-03 04:00:00,3.7628,3.7628,0,0,0,0,0,0
1989-03-03 05:00:00,3.0588,3.0588,0,0,0,0,0,0
1989-03-03 06:00:00,4.0521,4.0521,0,0,0,0,0,0
1989-03-03 07:00:00,5.1953,5.1953,0,0,0,0,0,0
1989-03-03 08:00:00,6.0183,6.0183,0,0,0,0,0,0
1989-03-03 09:00:00,6.9985,6.9985,0,0,0,0,0,0
1989-03-03 10:00:00,6.7649,6.7649,0,0,0,0,0,0
1989-03-03 11:00:00,7.0175,7.0175,0,0,0,0,0,0
1989-03-03 12:00:00,6.7817,6.7817,0,0,0,0,0,0
1989-03-03 13:00:00,6.3724,6.3724,0,0,0,0,0,0
1989-03-03 14:00:00,5.6322,5.6322,0,0,0,0,0,0
1989-03-03 15:00:00,5.5629,5.5629,0,0,0,0,0,0
1989-03-03 16:00:00,6.9645,6.9645,0,0,0,0,0,0
1989-03-03 17:00:00,10.1024,10.1024,0,0,0,0,0,0
1989-03-03 18:00:00,11.6407,11.6407,0,0,0,0,0,0
1989-03-03 19:00:00,12.0277,12.0277,0,0,0,0,0,0
1989-03-03 20:00:00,12.588,12.588,0,0,0,0,0,0
1989-03-03 21:00:00,12.7909,12.7909,0,0,0,0,0,0
1989-03-03 22:00:00,13.4622,13.4622,0,0,0,0,0,0
1989-03-03 23:00:00,13.0973,13.0973,0,0,0,0,0,0
1989-03-04 00:00:00,12.7891,12.7891,0,0,0,0,0,0
1989-03-04 01:00:00,12.3531,12.3531,0,0,0,0,0,0
1989-03-04 02:00:00,12.0282,12.0282,0,0,0,0,0,0
1989-03-04 03:00:00,11.566,11.566,0,0,0,0,0,0
1989-03-04 04:00:00,11.9346,11.9346,0,0,0,0,0,0
1989-03-04 05:00:00,12.6047,12.6047,0,0,0,0,0,0
1989-03-04 06:00:00,13.0364,13.0364,0,0,0,0,0,0
1989-03-04 07:00:00,13.4479,13.4479,0,0,0,0,0,0
1989-03-04 08:00:00,14.4618,14.4618,0,0,0,0,0,0
1989-03-04 09:00:00,14.7875,14.7875,0,0,0,0,0,0
1989-03-04 10:00:00,14.8539,14.8539,0,0,0,0,0,0
1989-03-04 11:00:00,14.6596,14.6596,0,0,0,0,0,0
1989-03-04 12:00:00,14.1989,14.1989,0,0,0,0,0,0
1989-03-04 13:00:00,14.3729,14.3729,0,0,0,0,0,0
1989-03-04 14:00:00,14.5264,14.5264,0,0,0,0,0,0
1989-03-04 15:00:00,14.3185,14.3185,0,0,0,0,0,0
1989-03-04 16:00:00,13.9219,13.9219,0,0,0,0,0,0
1989-03-04 17:00:00,13.3847,13.3847,0,0,0,0,0,0
1989-03-04 18:00:00,13.0046,13.0046,0,0,0,0,0,0
1989-03-04 19:00:00,12.6355,12.6355,0,0,0,0,0,0
1989-03-04 20:00:00,12.043,12.043,0,0,0,0,0,0
1989-03-04 21:00:00,11.1563,11.1563,0,0,0,0,0,0
1989-03-04 22:00:00,10.4003,10.4003,0,0,0,0,0,0
1989-03-04 23:00:00,9.8681,9.8681,0,0,0,0,0,0
1989-03-05 00:00:00,9.2668,9.2668,0,0,0,0,0,0
1989-03-05 01:00:00,9.0669,9.0669,0,0,0,0,0,0
1989-03-05 02:00:00,8.9077,8.9077,0,0,0,0,0,0
1989-03-05 03:00:00,8.6099,8.6099,0,0,0,0,0,0
1989-03-05 04:00:00,8.2987,8.2987,0,0,0,0,0,0
1989-03-05 05:00:00,8.0188,8.0188,0,0,0,0,0,0
1989-03-05 06:00:00,7.4463,7.4463,0,0,0,0,0,0
1989-03-05 07:00:00,6.5278,6.5278,0,0,0,0,0,0
1989-03-05 08:00:00,5.5212,5.5212,0,0,0,0,0,0
1989-03-05 09:00:00,5.218,5.218,0,0,0,0,0,0
1989-03-05 10:00:00,6.0223,6.0223,0,0,0,0,0,0
1989-03-05 11:00:00,6.1041,6.1041,0,0,0,0,0,0
1989-03-05 12:00:00,6.2347,6.2347,0,0,0,0,0,0
1989-03-05 13:00:00,6.5701,6.5701,0,0,0,0,0,0
1989-03-05 14:00:00,7.1162,7.1162,0,0,0,0,0,0
1989-03-05 15:00:00,7.3732,7.3732,0,0,0,0,0,0
1989-03-05 16:00:00,7.4033,7.4033,0,0,0,0,0,0
1989-03-05 17:00:00,7.5666,7.5666,0,0,0,0,0,0
1989-03-05 18:00:00,7.6239,7.6239,0,0,0,0,0,0
1989-03-05 19:00:00,7.2998,7.2998,0,0,0,0,0,0
1989-03-05 20:00:00,6.9208,6.9208,0,0,0,0,0,0
1989-03-05 21:00:00,6.8266,6.8266,0,0,0,0,0,0
1989-03-05 22:00:00,6.7664,6.7664,0,0,0,0,0,0
1989-03-05 23:00:00,6.5996,6.5996,0,0,0,0,0,0
1989-03-06 00:00:00,6.2673,6.2673,0,0,0,0,0,0
1989-03-06 01:00:00,6.0648,6.0648,0,0,0,0,0,0
1989-03-06 02:00:00,5.7266,5.7266,0,0,0,0,0,0
1989-03-06 03:00:00,5.4985,5.4985,0,0,0,0,0,0
1989-03-06 04:00:00,5.6264,5.6264,0,0,0,0,0,0
1989-03-06 05:00:00,6.0248,6.0248,0,0,0,0,0,0
1989-03-06 06:00:00,6.3451,6.3451,0,0,0,0,0,0
1989-03-06 07:00:00,6.4959,6.4959,0,0,0,0,0,0
1989-03-06 08:00:00,6.0349,6.0349,0,0,0,0,0,0
1989-03-06 09:00:00,6.0441,6.0441,0,0,0,0,0,0
1989-03-06 10:00:00,5.9629,5.9629,0,0,0,0,0,0
1989-03-06 11:00:00,5.7987,5.7987,0,0,0,0,0,0
1989-03-06 12:00:00,5.8357,5.8357,0,0,0,0,0,0
1989-03-06 13:00:00,6.3679,6.3679,0,0,0,0,0,0
1989-03-06 14:00:00,7.1822,7.1822,0,0,0,0,0,0
1989-03-06 15:00:00,8.0427,8.0427,0,0,0,0,0,0
1989-03-06 16:00:00,8.6154,8.6154,0,0,0,0,0,0
1989-03-06 17:00:00,8.7699,8.7699,0,0,0,0,0,0
1989-03-06 18:00:00,8.2488,8.2488,0,0,0,0,0,0
1989-03-06 19:00:00,7.3095,7.3095,0,0,0,0,0,0
1989-03-06 20:00:00,6.3787,6.3787,0,0,0,0,0,0
1989-03-06 21:00:00,5.4689,5.4689,0,0,0,0,0,0
1989-03-06 22:00:00,4.3808,4.3808,0,0,0,0,0,0
1989-03-06 23:00:00,4.3019,4.3019,0,0,0,0,0,0
1989-03-07 00:00:00,4.3256,4.3256,0,0,0,0,0,0
1989-03-07 01:00:00,4.398,4.398,0,0,0,0,0,0
1989-03-07 02:00:00,4.1662,4.1662,0,0,0,0,0,0
1989-03-07 03:00:00,3.9579,3.9579,0,0,0,0,0,0
1989-03-07 04:00:00,3.7385,3.7385,0,0,0,0,0,0
1989-03-07 05:00:00,3.6137,3.6137,0,0,0,0,0,0
1989-03-07 06:00:00,3.5491,3.5491,0,0,0,0,0,0
1989-03-07 07:00:00,3.3788,3.3788,0,0,0,0,0,0
1989-03-07 08:00:00,3.2299,3.2299,0,0,0,0,0,0
1989-03-07 09:00:00,2.6211,2.6211,0,0,0,0,0,0
1989-03-07 10:00:00,2.4584,2.4584,0,0,0,0,0,0
1989-03-07 11:00:00,1.4423,1.4423,0,0,0,0,0,0
1989-03-07 12:00:00,1.4888,1.4888,0,0,0,0,0,0
1989-03-07 13:00:00,2.9461,2.9461,0,0,0,0,0,0
1989-03-07 14:00:00,4.6809,4.6809,0,0,0,0,0,0
1989-03-07 15:00:00,5.8221,5.8221,0,0,0,0,0,0
1989-03-07 16:00:00,6.6819,6.6819,0,0,0,0,0,0
1989-03-07 17:00:00,7.25,7.25,0,0,0,0,0,0
1989-03-07 18:00:00,7.7977,7.7977,0,0,0,0,0,0
1989-03-07 19:00:00,7.939,7.939,0,0,0,0,0,0
1989-03-07 20:00:00,7.5901,7.5901,0,0,0,0,0,0
1989-03-07 21:00:00,6.9797,6.9797,0,0,0,0,0,0
1989-03-07 22:00:00,6.1283,6.1283,0,0,0,0,0,0
1989-03-07 23:00:00,5.396,5.396,0,0,0,0,0,0
1989-03-08 00:00:00,4.8153,4.8153,0,0,0,0,0,0
1989-03-08 01:00:00,4.3796,4.3796,0,0,0,0,0,0
1989-03-08 02:00:00,3.7223,3.7223,0,0,0,0,0,0
1989-03-08 03:00:00,3.2517,3.2517,0,0,0,0,0,0
1989-03-08 04:00:00,3.0704,3.0704,0,0,0,0,0,0
1989-03-08 05:00:00,2.7868,2.7868,0,0,0,0,0,0
1989-03-08 06:00:00,2.2424,2.2424,0,0,0,0,0,0
1989-03-08 07:00:00,1.4883,1.4883,0,0,0,0,0,0
1989-03-08 08:00:00,0.8375,0.8375,0,0,0,0,0,0
1989-03-08 09:00:00,0.4589,0.4589,0,0,0,0,0,0
1989-03-08 10:00:00,0.3696,0.3696,0,0,0,0,0,0
1989-03-08 11:00:00,0.8228,0.8228,0,0,0,0,0,0
1989-03-08 12:00:00,2.1967,2.1967,0,0,0,0,0,0
1989-03-08 13:00:00,3.338,3.338,0,0,0,0,0,0
1989-03-08 14:00:00,3.5543,3.5543,0,0,0,0,0,0
1989-03-08 15:00:00,3.4375,3.4375,0,0,0,0,0,0
1989-03-08 16:00:00,3.1973,3.1973,0,0,0,0,0,0
1989-03-08 17:00:00,2.6965,2.6965,0,0,0,0,0,0
1989-03-08 18:00:00,2.6835,2.6835,0,0,0,0,0,0
1989-03-08 19:00:00,3.1267,3.1267,0,0,0,0,0,0
1989-03-08 20:00:00,3.4966,3.4966,0,0,0,0,0,0
1989-03-08 21:00:00,4.077,4.077,0,0,0,0,0,0
1989-03-08 22:00:00,5.7138,5.7138,0,0,0,0,0,0
1989-03-08 23:00:00,6.36,6.36,0,0,0,0,0,0
1989-03-09 00:00:00,6.4923,6.4923,0,0,0,0,0,0
1989-03-09 01:00:00,7.0013,7.0013,0,0,0,0,0,0
1989-03-09 02:00:00,8.2852,8.2852,0,0,0,0,0,0
1989-03-09 03:00:00,8.4932,8.4932,0,0,0,0,0,0
1989-03-09 04:00:00,9.0321,9.0321,0,0,0,0,0,0
1989-03-09 05:00:00,8.8306,8.8306,0,0,0,0,0,0
1989-03-09 06:00:00,8.7459,8.7459,0,0,0,0,0,0
1989-03-09 07:00:00,9.4917,9.4917,0,0,0,0,0,0
1989-03-09 08:00:00,10.6787,10.6787,0,0,0,0,0,0
1989-03-09 09:00:00,10.8947,10.8947,0,0,0,0,0,0
1989-03-09 10:00:00,10.0658,10.0658,0,0,0,0,0,0
1989-03-09 11:00:00,9.2766,9.2766,0,0,0,0,0,0
1989-03-09 12:00:00,8.6147,8.6147,0,0,0,0,0,0
1989-03-09 13:00:00,7.3258,7.3258,0,0,0,0,0,0
1989-03-09 14:00:00,6.6139,6.6139,0,0,0,0,0,0
1989-03-09 15:00:00,5.8153,5.8153,0,0,0,0,0,0
1989-03-09 16:00:00,4.5606,4.5606,0,0,0,0,0,0
1989-03-09 17:00:00,3.5627,3.5627,0,0,0,0,0,0
1989-03-09 18:00:00,2.389,2.389,0,0,0,0,0,0
1989-03-09 19:00:00,1.099,1.099,0,0,0,0,0,0
1989-03-09 20:00:00,1.5243,1.5243,0,0,0,0,0,0
1989-03-09 21:00:00,2.712,2.712,0,0,0,0,0,0
1989-03-09 22:00:00,4.0451,4.0451,0,0,0,0,0,0
1989-03-09 23:00:00,4.0201,4.0201,0,0,0,0,0,0
1989-03-10 00:00:00,3.7865,3.7865,0,0,0,0,0,0
1989-03-10 01:00:00,3.712,3.712,0,0,0,0,0,0
1989-03-10 02:00:00,3.8298,3.8298,0,0,0,0,0,0
1989-03-10 03:00:00,3.991,3.991,0,0,0,0,0,0
1989-03-10 04:00:00,4.1052,4.1052,0,0,0,0,0,0
1989-03-10 05:00:00,4.1411,4.1411,0,0,0,0,0,0
1989-03-10 06:00:00,4.0615,4.0615,0,0,0,0,0,0
1989-03-10 07:00:00,4.2653,4.2653,0,0,0,0,0,0
1989-03-10 08:00:00,4.197,4.197,0,0,0,0,0,0
1989-03-10 09:00:00,3.9846,3.9846,0,0,0,0,0,0
1989-03-10 10:00:00,4.4533,4.4533,0,0,0,0,0,0
1989-03-10 11:00:00,4.6323,4.6323,0,0,0,0,0,0
1989-03-10 12:00:00,4.529,4.529,0,0,0,0,0,0
1989-03-10 13:00:00,5.4899,5.4899,0,0,0,0,0,0
1989-03-10 14:00:00,6.9744,6.9744,0,0,0,0,0,0
1989-03-10 15:00:00,7.1318,7.1318,0,0,0,0,0,0
1989-03-10 16:00:00,6.1502,6.1502,0,0,0,0,0,0
1989-03-10 17:00:00,5.9328,5.9328,0,0,0,0,0,0
1989-03-10 18:00:00,6.0423,6.0423,0,0,0,0,0,0
1989-03-10 19:00:00,5.7532,5.7532,0,0,0,0,0,0
1989-03-10 20:00:00,5.5524,5.5524,0,0,0,0,0,0
1989-03-10 21:00:00,5.1673,5.1673,0,0,0,0,0,0
1989-03-10 22:00:00,4.9719,4.9719,0,0,0,0,0,0
1989-03-10 23:00:00,4.6008,4.6008,0,0,0,0,0,0
1989-03-11 00:00:00,3.6513,3.6513,0,0,0,0,0,0
1989-03-11 01:00:00,3.38,3.38,0,0,0,0,0,0
1989-03-11 02:00:00,3.8175,3.8175,0,0,0,0,0,0
1989-03-11 03:00:00,3.8976,3.8976,0,0,0,0,0,0
1989-03-11 04:00:00,3.6557,3.6557,0,0,0,0,0,0
1989-03-11 05:00:00,3.5193,3.5193,0,0,0,0,0,0
1989-03-11 06:00:00,3.5666,3.5666,0,0,0,0,0,0
1989-03-11 07:00:00,3.0845,3.0845,0,0,0,0,0,0
1989-03-11 08:00:00,2.7353,2.7353,0,0,0,0,0,0
1989-03-11 09:00:00,2.2254,2.2254,0,0,0,0,0,0
1989-03-11 10:00:00,2.5537,2.5537,0,0,0,0,0,0
1989-03-11 11:00:00,3.0196,3.0196,0,0,0,0,0,0
1989-03-11 12:00:00,3.7633,3.7633,0,0,0,0,0,0
1989-03-11 13:00:00,4.9612,4.9612,0,0,0,0,0,0
1989-03-11 14:00:00,6.8523,6.8523,0,0,0,0,0,0
1989-03-11 15:00:00,9.0323,9.0323,0,0,0,0,0,0
1989-03-11 16:00:00,10.6318,10.6318,0,0,0,0,0,0
1989-03-11 17:00:00,11.1137,11.1137,0,0,0,0,0,0
1989-03-11 18:00:00,10.9842,10.9842,0,0,0,0,0,0
1989-03-11 19:00:00,10.2816,10.2816,0,0,0,0,0,0
1989-03-11 20:00:00,9.4784,9.4784,0,0,0,0,0,0
1989-03-11 21:00:00,8.6826,8.6826,0,0,0,0,0,0
1989-03-11 22:00:00,8.2551,8.2551,0,0,0,0,0,0
1989-03-11 23:00:00,8.2637,8.2637,0,0,0,0,0,0
1989-03-12 00:00:00,8.0281,8.0281,0,0,0,0,0,0
1989-03-12 01:00:00,7.7435,7.7435,0,0,0,0,0,0
1989-03-12 02:00:00,7.495,7.495,0,0,0,0,0,0
1989-03-12 03:00:00,7.4275,7.4275,0,0,0,0,0,0
1989-03-12 04:00:00,7.1038,7.1038,0,0,0,0,0,0
1989-03-12 05:00:00,6.6458,6.6458,0,0,0,0,0,0
1989-03-12 06:00:00,6.1893,6.1893,0,0,0,0,0,0
1989-03-12 07:00:00,6.052,6.052,0,0,0,0,0,0
1989-03-12 08:00:00,5.9441,5.9441,0,0,0,0,0,0
1989-03-12 09:00:00,6.1419,6.1419,0,0,0,0,0,0
1989-03-12 10:00:00,6.7118,6.7118,0,0,0,0,0,0
1989-03-12 11:00:00,6.3894,6.3894,0,0,0,0,0,0
1989-03-12 12:00:00,6.0327,6.0327,0,0,0,0,0,0
1989-03-12 13:00:00,6.4241,6.4241,0,0,0,0,0,0
1989-03-12 14:00:00,7.2838,7.2838,0,0,0,0,0,0
1989-03-12 15:00:00,7.8575,7.8575,0,0,0,0,0,0
1989-03-12 16:00:00,8.0596,8.0596,0,0,0,0,0,0
1989-03-12 17:00:00,8.0748,8.0748,0,0,0,0,0,0
1989-03-12 18:00:00,7.9364,7.9364,0,0,0,0,0,0
1989-03-12 19:00:00,7.6156,7.6156,0,0,0,0,0,0
1989-03-12 20:00:00,7.0093,7.0093,0,0,0,0,0,0
1989-03-12 21:00:00,6.1122,6.1122,0,0,0,0,0,0
1989-03-12 22:00:00,5.2771,5.2771,0,0,0,0,0,0
1989-03-12 23:00:00,4.7418,4.7418,0,0,0,0,0,0
1989-03-13 00:00:00,4.15,4.15,0,0,0,0,0,0
1989-03-13 01:00:00,3.6356,3.6356,0,0,0,0,0,0
1989-03-13 02:00:00,3.3872,3.3872,0,0,0,0,0,0
1989-03-13 03:00:00,3.7405,3.7405,0,0,0,0,0,0
1989-03-13 04:00:00,4.3267,4.3267,0,0,0,0,0,0
1989-03-13 05:00:00,4.6018,4.6018,0,0,0,0,0,0
1989-03-13 06:00:00,4.4268,4.4268,0,0,0,0,0,0
1989-03-13 07:00:00,4.2955,4.2955,0,0,0,0,0,0
1989-03-13 08:00:00,4.1429,4.1429,0,0,0,0,0,0
1989-03-13 09:00:00,4.4038,4.4038,0,0,0,0,0,0
1989-03-13 10:00:00,5.0229,5.0229,0,0,0,0,0,0
1989-03-13 11:00:00,5.9737,5.9737,0,0,0,0,0,0
1989-03-13 12:00:00,7.0419,7.0419,0,0,0,0,0,0
1989-03-13 13:00:00,7.855,7.855,0,0,0,0,0,0
1989-03-13 14:00:00,7.8382,7.8382,0,0,0,0,0,0
1989-03-13 15:00:00,7.5324,7.5324,0,0,0,0,0,0
1989-03-13 16:00:00,7.0633,7.0633,0,0,0,0,0,0
1989-03-13 17:00:00,6.504,6.504,0,0,0,0,0,0
1989-03-13 18:00:00,5.9837,5.9837,0,0,0,0,0,0
1989-03-13 19:00:00,5.5581,5.5581,0,0,0,0,0,0
1989-03-13 20:00:00,5.1489,5.1489,0,0,0,0,0,0
1989-03-13 21:00:00,4.638,4.638,0,0,0,0,0,0
1989-03-13 22:00:00,4.089,4.089,0,0,0,0,0,0
1989-03-13 23:00:00,3.5584,3.5584,0,0,0,0,0,0
1989-03-14 00:00:00,3.2225,3.2225,0,0,0,0,0,0
1989-03-14 01:00:00,3.0409,3.0409,0,0,0,0,0,0
1989-03-14 02:00:00,2.7795,2.7795,0,0,0,0,0,0
1989-03-14 03:00:00,2.6106,2.6106,0,0,0,0,0,0
1989-03-14 04:00:00,2.4848,2.4848,0,0,0,0,0,0
1989-03-14 05:00:00,2.6014,2.6014,0,0,0,0,0,0
1989-03-14 06:00:00,2.8377,2.8377,0,0,0,0,0,0
1989-03-14 07:00:00,3.3442,3.3442,0,0,0,0,0,0
1989-03-14 08:00:00,3.6379,3.6379,0,0,0,0,0,0
1989-03-14 09:00:00,3.7817,3.7817,0,0,0,0,0,0
1989-03-14 10:00:00,4.4863,4.4863,0,0,0,0,0,0
1989-03-14 11:00:00,4.8624,4.8624,0,0,0,0,0,0
1989-03-14 12:00:00,6.5036,6.5036,0,0,0,0,0,0
1989-03-14 13:00:00,8.8005,8.8005,0,0,0,0,0,0
1989-03-14 14:00:00,10.2421,10.2421,0,0,0,0,0,0
1989-03-14 15:00:00,10.3924,10.3924,0,0,0,0,0,0
1989-03-14 16:00:00,10.382,10.382,0,0,0,0,0,0
1989-03-14 17:00:00,10.7144,10.7144,0,0,0,0,0,0
1989-03-14 18:00:00,11.2738,11.2738,0,0,0,0,0,0
1989-03-14 19:00:00,11.2369,11.2369,0,0,0,0,0,0
1989-03-14 20:00:00,11.2953,11.2953,0,0,0,0,0,0
1989-03-14 21:00:00,11.1163,11.1163,0,0,0,0,0,0
1989-03-14 22:00:00,10.246,10.246,0,0,0,0,0,0
1989-03-14 23:00:00,10.414,10.414,0,0,0,0,0,0
1989-03-15 00:00:00,10.73,10.73,0,0,0,0,0,0
1989-03-15 01:00:00,11.2413,11.2413,0,0,0,0,0,0
1989-03-15 02:00:00,11.8592,11.8592,0,0,0,0,0,0
1989-03-15 03:00:00,11.2123,11.2123,0,0,0,0,0,0
1989-03-15 04:00:00,9.9786,9.9786,0,0,0,0,0,0
1989-03-15 05:00:00,9.0298,9.0298,0,0,0,0,0,0
1989-03-15 06:00:00,8.7305,8.7305,0,0,0,0,0,0
1989-03-15 07:00:00,8.9797,8.9797,0,0,0,0,0,0
1989-03-15 08:00:00,9.2533,9.2533,0,0,0,0,0,0
1989-03-15 09:00:00,9.548,9.548,0,0,0,0,0,0
1989-03-15 10:00:00,10.2767,10.2767,0,0,0,0,0,0
1989-03-15 11:00:00,10.6628,10.6628,0,0,0,0,0,0
1989-03-15 12:00:00,11.3758,11.3758,0,0,0,0,0,0
1989-03-15 13:00:00,11.8592,11.8592,0,0,0,0,0,0
1989-03-15 14:00:00,11.9631,11.9631,0,0,0,0,0,0
1989-03-15 15:00:00,11.5534,11.5534,0,0,0,0,0,0
1989-03-15 16:00:00,11.0657,11.0657,0,0,0,0,0,0
1989-03-15 17:00:00,10.5489,10.5489,0,0,0,0,0,0
1989-03-15 18:00:00,9.9571,9.9571,0,0,0,0,0,0
1989-03-15 19:00:00,9.0791,9.0791,0,0,0,0,0,0
1989-03-15 20:00:00,8.3221,8.3221,0,0,0,0,0,0
1989-03-15 21:00:00,7.5826,7.5826,0,0,0,0,0,0
1989-03-15 22:00:00,7.2713,7.2713,0,0,0,0,0,0
1989-03-15 23:00:00,6.6576,6.6576,0,0,0,0,0,0
1989-03-16 00:00:00,6.2363,6.2363,0,0,0,0,0,0
1989-03-16 01:00:00,5.99,5.99,0,0,0,0,0,0
1989-03-16 02:00:00,5.6893,5.6893,0,0,0,0,0,0
1989-03-16 03:00:00,5.2958,5.2958,0,0,0,0,0,0
1989-03-16 04:00:00,4.6225,4.6225,0,0,0,0,0,0
1989-03-16 05:00:00,3.8087,3.8087,0,0,0,0,0,0
1989-03-16 06:00:00,3.0682,3.0682,0,0,0,0,0,0
1989-03-16 07:00:00,2.9349,2.9349,0,0,0,0,0,0
1989-03-16 08:00:00,2.7245,2.7245,0,0,0,0,0,0
1989-03-16 09:00:00,2.9987,2.9987,0,0,0,0,0,0
1989-03-16 10:00:00,3.6496,3.6496,0,0,0,0,0,0
1989-03-16 11:00:00,3.9085,3.9085,0,0,0,0,0,0
1989-03-16 12:00:00,4.157,4.157,0,0,0,0,0,0
1989-03-16 13:00:00,3.9353,3.9353,0,0,0,0,0,0
1989-03-16 14:00:00,3.2244,3.2244,0,0,0,0,0,0
1989-03-16 15:00:00,2.6239,2.6239,0,0,0,0,0,0
1989-03-16 16:00:00,2.5723,2.5723,0,0,0,0,0,0
1989-03-16 17:00:00,2.8802,2.8802,0,0,0,0,0,0
1989-03-16 18:00:00,3.1453,3.1453,0,0,0,0,0,0
1989-03-16 19:00:00,3.4986,3.4986,0,0,0,0,0,0
1989-03-16 20:00:00,3.9619,3.9619,0,0,0,0,0,0
1989-03-16 21:00:00,4.3832,4.3832,0,0,0,0,0,0
1989-03-16 22:00:00,4.3431,4.3431,0,0,0,0,0,0
1989-03-16 23:00:00,4.5266,4.5266,0,0,0,0,0,0
1989-03-17 00:00:00,4.8879,4.8879,0,0,0,0,0,0
1989-03-17 01:00:00,5.0393,5.0393,0,0,0,0,0,0
1989-03-17 02:00:00,5.264,5.264,0,0,0,0,0,0
1989-03-17 03:00:00,5.633,5.633,0,0,0,0,0,0
1989-03-17 04:00:00,6.2986,6.2986,0,0,0,0,0,0
1989-03-17 05:00:00,6.961,6.961,0,0,0,0,0,0
1989-03-17 06:00:00,7.3161,7.3161,0,0,0,0,0,0
1989-03-17 07:00:00,7.2342,7.2342,0,0,0,0,0,0
1989-03-17 08:00:00,6.9189,6.9189,0,0,0,0,0,0
1989-03-17 09:00:00,6.9911,6.9911,0,0,0,0,0,0
1989-03-17 10:00:00,6.1561,6.1561,0,0,0,0,0,0
1989-03-17 11:00:00,6.4223,6.4223,0,0,0,0,0,0
1989-03-17 12:00:00,6.7686,6.7686,0,0,0,0,0,0
1989-03-17 13:00:00,7.1441,7.1441,0,0,0,0,0,0
1989-03-17 14:00:00,7.2343,7.2343,0,0,0,0,0,0
1989-03-17 15:00:00,7.4378,7.4378,0,0,0,0,0,0
1989-03-17 16:00:00,7.6563,7.6563,0,0,0,0,0,0
1989-03-17 17:00:00,7.3655,7.3655,0,0,0,0,0,0
1989-03-17 18:00:00,6.904,6.904,0,0,0,0,0,0
1989-03-17 19:00:00,6.8396,6.8396,0,0,0,0,0,0
1989-03-17 20:00:00,7.2075,7.2075,0,0,0,0,0,0
1989-03-17 21:00:00,7.595,7.595,0,0,0,0,0,0
1989-03-17 22:00:00,7.187,7.187,0,0,0,0,0,0
1989-03-17 23:00:00,7.2929,7.2929,0,0,0,0,0,0
1989-03-18 00:00:00,7.4267,7.4267,0,0,0,0,0,0
1989-03-18 01:00:00,7.2567,7.2567,0,0,0,0,0,0
1989-03-18 02:00:00,7.0181,7.0181,0,0,0,0,0,0
1989-03-18 03:00:00,7.3789,7.3789,0,0,0,0,0,0
1989-03-18 04:00:00,7.7379,7.7379,0,0,0,0,0,0
1989-03-18 05:00:00,7.818,7.818,0,0,0,0,0,0
1989-03-18 06:00:00,8.0136,8.0136,0,0,0,0,0,0
1989-03-18 07:00:00,7.7321,7.7321,0,0,0,0,0,0
1989-03-18 08:00:00,7.5418,7.5418,0,0,0,0,0,0
1989-03-18 09:00:00,8.3717,8.3717,0,0,0,0,0,0
1989-03-18 10:00:00,7.9957,7.9957,0,0,0,0,0,0
1989-03-18 11:00:00,8.3972,8.3972,0,0,0,0,0,0
1989-03-18 12:00:00,8.3372,8.3372,0,0,0,0,0,0
1989-03-18 13:00:00,7.7852,7.7852,0,0,0,0,0,0
1989-03-18 14:00:00,7.0348,7.0348,0,0,0,0,0,0
1989-03-18 15:00:00,6.5825,6.5825,0,0,0,0,0,0
1989-03-18 16:00:00,6.4933,6.4933,0,0,0,0,0,0
1989-03-18 17:00:00,7.1191,7.1191,0,0,0,0,0,0
1989-03-18 18:00:00,7.7493,7.7493,0,0,0,0,0,0
1989-03-18 19:00:00,8.0613,8.0613,0,0,0,0,0,0
1989-03-18 20:00:00,8.2558,8.2558,0,0,0,0,0,0
1989-03-18 21:00:00,8.2211,8.2211,0,0,0,0,0,0
1989-03-18 22:00:00,7.2832,7.2832,0,0,0,0,0,0
1989-03-18 23:00:00,7.2503,7.2503,0,0,0,0,0,0
1989-03-19 00:00:00,7.5239,7.5239,0,0,0,0,0,0
1989-03-19 01:00:00,8.0366,8.0366,0,0,0,0,0,0
1989-03-19 02:00:00,8.1824,8.1824,0,0,0,0,0,0
1989-03-19 03:00:00,7.6748,7.6748,0,0,0,0,0,0
1989-03-19 04:00:00,7.5673,7.5673,0,0,0,0,0,0
1989-03-19 05:00:00,8.1141,8.1141,0,0,0,0,0,0
1989-03-19 06:00:00,8.5535,8.5535,0,0,0,0,0,0
1989-03-19 07:00:00,8.9584,8.9584,0,0,0,0,0,0
1989-03-19 08:00:00,8.899,8.899,0,0,0,0,0,0
1989-03-19 09:00:00,8.6226,8.6226,0,0,0,0,0,0
1989-03-19 10:00:00,7.5423,7.5423,0,0,0,0,0,0
1989-03-19 11:00:00,8.0645,8.0645,0,0,0,0,0,0
1989-03-19 12:00:00,8.9856,8.9856,0,0,0,0,0,0
1989-03-19 13:00:00,10.1203,10.1203,0,0,0,0,0,0
1989-03-19 14:00:00,10.7641,10.7641,0,0,0,0,0,0
1989-03-19 15:00:00,10.6534,10.6534,0,0,0,0,0,0
1989-03-19 16:00:00,10.4221,10.4221,0,0,0,0,0,0
1989-03-19 17:00:00,10.7231,10.7231,0,0,0,0,0,0
1989-03-19 18:00:00,11.2521,11.2521,0,0,0,0,0,0
1989-03-19 19:00:00,11.8402,11.8402,0,0,0,0,0,0
1989-03-19 20:00:00,12.14,12.14,0,0,0,0,0,0
1989-03-19 21:00:00,12.5511,12.5511,0,0,0,0,0,0
1989-03-19 22:00:00,10.7103,10.7103,0,0,0,0,0,0
1989-03-19 23:00:00,12.3203,12.3203,0,0,0,0,0,0
1989-03-20 00:00:00,13.0827,13.0827,0,0,0,0,0,0
1989-03-20 01:00:00,13.0595,13.0595,0,0,0,0,0,0
1989-03-20 02:00:00,12.8156,12.8156,0,0,0,0,0,0
1989-03-20 03:00:00,11.7518,11.7518,0,0,0,0,0,0
1989-03-20 04:00:00,9.7884,9.7884,0,0,0,0,0,0
1989-03-20 05:00:00,10.5623,10.5623,0,0,0,0,0,0
1989-03-20 06:00:00,11.2493,11.2493,0,0,0,0,0,0
1989-03-20 07:00:00,12.3652,12.3652,0,0,0,0,0,0
1989-03-20 08:00:00,11.7712,11.7712,0,0,0,0,0,0
1989-03-20 09:00:00,11.3564,11.3564,0,0,0,0,0,0
1989-03-20 10:00:00,9.1032,9.1032,0,0,0,0,0,0
1989-03-20 11:00:00,9.1066,9.1066,0,0,0,0,0,0
1989-03-20 12:00:00,9.078,9.078,0,0,0,0,0,0
1989-03-20 13:00:00,8.2471,8.2471,0,0,0,0,0,0
1989-03-20 14:00:00,6.3663,6.3663,0,0,0,0,0,0
1989-03-20 15:00:00,5.6605,5.6605,0,0,0,0,0,0
1989-03-20 16:00:00,5.8009,5.8009,0,0,0,0,0,0
1989-03-20 17:00:00,6.3113,6.3113,0,0,0,0,0,0
1989-03-20 18:00:00,6.1065,6.1065,0,0,0,0,0,0
1989-03-20 19:00:00,5.6463,5.6463,0,0,0,0,0,0
1989-03-20 20:00:00,5.4215,5.4215,0,0,0,0,0,0
1989-03-20 21:00:00,5.8326,5.8326,0,0,0,0,0,0
1989-03-20 22:00:00,6.4641,6.4641,0,0,0,0,0,0
1989-03-20 23:00:00,7.8591,7.8591,0,0,0,0,0,0
1989-03-21 00:00:00,7.018,7.018,0,0,0,0,0,0
1989-03-21 01:00:00,4.5585,4.5585,0,0,0,0,0,0
1989-03-21 02:00:00,3.8895,3.8895,0,0,0,0,0,0
1989-03-21 03:00:00,3.8254,3.8254,0,0,0,0,0,0
1989-03-21 04:00:00,3.54,3.54,0,0,0,0,0,0
1989-03-21 05:00:00,2.1573,2.1573,0,0,0,0,0,0
1989-03-21 06:00:00,3.376,3.376,0,0,0,0,0,0
1989-03-21 07:00:00,3.8717,3.8717,0,0,0,0,0,0
1989-03-21 08:00:00,3.6371,3.6371,0,0,0,0,0,0
1989-03-21 09:00:00,3.8676,3.8676,0,0,0,0,0,0
1989-03-21 10:00:00,4.8184,4.8184,0,0,0,0,0,0
1989-03-21 11:00:00,4.5774,4.5774,0,0,0,0,0,0
1989-03-21 12:00:00,4.8254,4.8254,0,0,0,0,0,0
1989-03-21 13:00:00,3.5853,3.5853,0,0,0,0,0,0
1989-03-21 14:00:00,4.0882,4.0882,0,0,0,0,0,0
1989-03-21 15:00:00,5.5059,5.5059,0,0,0,0,0,0
1989-03-21 16:00:00,7.1789,7.1789,0,0,0,0,0,0
1989-03-21 17:00:00,8.626,8.626,0,0,0,0,0,0
1989-03-21 18:00:00,9.4,9.4,0,0,0,0,0,0
1989-03-21 19:00:00,9.4468,9.4468,0,0,0,0,0,0
1989-03-21 20:00:00,9.5932,9.5932,0,0,0,0,0,0
1989-03-21 21:00:00,9.408,9.408,0,0,0,0,0,0
1989-03-21 22:00:00,8.7191,8.7191,0,0,0,0,0,0
1989-03-21 23:00:00,6.6866,6.6866,0,0,0,0,0,0
1989-03-22 00:00:00,4.5482,4.5482,0,0,0,0,0,0
1989-03-22 01:00:00,3.0378,3.0378,0,0,0,0,0,0
1989-03-22 02:00:00,2.5836,2.5836,0,0,0,0,0,0
1989-03-22 03:00:00,2.3391,2.3391,0,0,0,0,0,0
1989-03-22 04:00:00,2.1255,2.1255,0,0,0,0,0,0
1989-03-22 05:00:00,1.5787,1.5787,0,0,0,0,0,0
1989-03-22 06:00:00,1.4652,1.4652,0,0,0,0,0,0
1989-03-22 07:00:00,1.7568,1.7568,0,0,0,0,0,0
1989-03-22 08:00:00,1.9606,1.9606,0,0,0,0,0,0
1989-03-22 09:00:00,1.5681,1.5681,0,0,0,0,0,0
1989-03-22 10:00:00,1.6377,1.6377,0,0,0,0,0,0
1989-03-22 11:00:00,1.3652,1.3652,0,0,0,0,0,0
1989-03-22 12:00:00,2.4871,2.4871,0,0,0,0,0,0
1989-03-22 13:00:00,4.25,4.25,0,0,0,0,0,0
1989-03-22 14:00:00,5.6621,5.6621,0,0,0,0,0,0
1989-03-22 15:00:00,5.9605,5.9605,0,0,0,0,0,0
1989-03-22 16:00:00,5.4724,5.4724,0,0,0,0,0,0
1989-03-22 17:00:00,3.8532,3.8532,0,0,0,0,0,0
1989-03-22 18:00:00,2.5736,2.5736,0,0,0,0,0,0
1989-03-22 19:00:00,2.0989,2.0989,0,0,0,0,0,0
1989-03-22 20:00:00,2.1815,2.1815,0,0,0,0,0,0
1989-03-22 21:00:00,1.9822,1.9822,0,0,0,0,0,0
1989-03-22 22:00:00,2.5337,2.5337,0,0,0,0,0,0
1989-03-22 23:00:00,2.8437,2.8437,0,0,0,0,0,0
1989-03-23 00:00:00,3.5175,3.5175,0,0,0,0,0,0
1989-03-23 01:00:00,3.8454,3.8454,0,0,0,0,0,0
1989-03-23 02:00:00,3.8718,3.8718,0,0,0,0,0,0
1989-03-23 03:00:00,3.5386,3.5386,0,0,0,0,0,0
1989-03-23 04:00:00,3.0776,3.0776,0,0,0,0,0,0
1989-03-23 05:00:00,3.1104,3.1104,0,0,0,0,0,0
1989-03-23 06:00:00,3.1249,3.1249,0,0,0,0,0,0
1989-03-23 07:00:00,2.9419,2.9419,0,0,0,0,0,0
1989-03-23 08:00:00,2.4127,2.4127,0,0,0,0,0,0
1989-03-23 09:00:00,1.731,1.731,0,0,0,0,0,0
1989-03-23 10:00:00,1.9543,1.9543,0,0,0,0,0,0
1989-03-23 11:00:00,3.5352,3.5352,0,0,0,0,0,0
1989-03-23 12:00:00,5.5181,5.5181,0,0,0,0,0,0
1989-03-23 13:00:00,7.677,7.677,0,0,0,0,0,0
1989-03-23 14:00:00,9.4013,9.4013,0,0,0,0,0,0
1989-03-23 15:00:00,10.7403,10.7403,0,0,0,0,0,0
1989-03-23 16:00:00,10.0926,10.0926,0,0,0,0,0,0
1989-03-23 17:00:00,10.0406,10.0406,0,0,0,0,0,0
1989-03-23 18:00:00,10.0359,10.0359,0,0,0,0,0,0
1989-03-23 19:00:00,9.2931,9.2931,0,0,0,0,0,0
1989-03-23 20:00:00,8.5731,8.5731,0,0,0,0,0,0
1989-03-23 21:00:00,8.2422,8.2422,0,0,0,0,0,0
1989-03-23 22:00:00,7.8882,7.8882,0,0,0,0,0,0
1989-03-23 23:00:00,7.7763,7.7763,0,0,0,0,0,0
1989-03-24 00:00:00,7.7144,7.7144,0,0,0,0,0,0
1989-03-24 01:00:00,7.4925,7.4925,0,0,0,0,0,0
1989-03-24 02:00:00,7.3486,7.3486,0,0,0,0,0,0
1989-03-24 03:00:00,7.4391,7.4391,0,0,0,0,0,0
1989-03-24 04:00:00,7.664,7.664,0,0,0,0,0,0
1989-03-24 05:00:00,7.9723,7.9723,0,0,0,0,0,0
1989-03-24 06:00:00,8.2676,8.2676,0,0,0,0,0,0
1989-03-24 07:00:00,8.7,8.7,0,0,0,0,0,0
1989-03-24 08:00:00,9.1644,9.1644,0,0,0,0,0,0
1989-03-24 09:00:00,9.5452,9.5452,0,0,0,0,0,0
1989-03-24 10:00:00,10.263,10.263,0,0,0,0,0,0
1989-03-24 11:00:00,9.9067,9.9067,0,0,0,0,0,0
1989-03-24 12:00:00,9.9809,9.9809,0,0,0,0,0,0
1989-03-24 13:00:00,10.5194,10.5194,0,0,0,0,0,0
1989-03-24 14:00:00,11.1997,11.1997,0,0,0,0,0,0
1989-03-24 15:00:00,11.4397,11.4397,0,0,0,0,0,0
1989-03-24 16:00:00,11.4573,11.4573,0,0,0,0,0,0
1989-03-24 17:00:00,11.6896,11.6896,0,0,0,0,0,0
1989-03-24 18:00:00,11.7201,11.7201,0,0,0,0,0,0
1989-03-24 19:00:00,11.6145,11.6145,0,0,0,0,0,0
1989-03-24 20:00:00,11.7332,11.7332,0,0,0,0,0,0
1989-03-24 21:00:00,11.7378,11.7378,0,0,0,0,0,0
1989-03-24 22:00:00,10.8735,10.8735,0,0,0,0,0,0
1989-03-24 23:00:00,9.8675,9.8675,0,0,0,0,0,0
1989-03-25 00:00:00,8.8339,8.8339,0,0,0,0,0,0
1989-03-25 01:00:00,8.3132,8.3132,0,0,0,0,0,0
1989-03-25 02:00:00,8.6645,8.6645,0,0,0,0,0,0
1989-03-25 03:00:00,9.6552,9.6552,0,0,0,0,0,0
1989-03-25 04:00:00,10.3094,10.3094,0,0,0,0,0,0
1989-03-25 05:00:00,9.9204,9.9204,0,0,0,0,0,0
1989-03-25 06:00:00,9.0974,9.0974,0,0,0,0,0,0
1989-03-25 07:00:00,8.3205,8.3205,0,0,0,0,0,0
1989-03-25 08:00:00,7.9599,7.9599,0,0,0,0,0,0
1989-03-25 09:00:00,7.795,7.795,0,0,0,0,0,0
1989-03-25 10:00:00,7.9898,7.9898,0,0,0,0,0,0
1989-03-25 11:00:00,8.2488,8.2488,0,0,0,0,0,0
1989-03-25 12:00:00,9.1074,9.1074,0,0,0,0,0,0
1989-03-25 13:00:00,10.4725,10.4725,0,0,0,0,0,0
1989-03-25 14:00:00,11.389,11.389,0,0,0,0,0,0
1989-03-25 15:00:00,11.4141,11.4141,0,0,0,0,0,0
1989-03-25 16:00:00,11.1231,11.1231,0,0,0,0,0,0
1989-03-25 17:00:00,10.9056,10.9056,0,0,0,0,0,0
1989-03-25 18:00:00,10.7261,10.7261,0,0,0,0,0,0
1989-03-25 19:00:00,10.0881,10.0881,0,0,0,0,0,0
1989-03-25 20:00:00,9.1275,9.1275,0,0,0,0,0,0
1989-03-25 21:00:00,7.935,7.935,0,0,0,0,0,0
1989-03-25 22:00:00,6.6362,6.6362,0,0,0,0,0,0
1989-03-25 23:00:00,5.8882,5.8882,0,0,0,0,0,0
1989-03-26 00:00:00,5.2387,5.2387,0,0,0,0,0,0
1989-03-26 01:00:00,5.0563,5.0563,0,0,0,0,0,0
1989-03-26 02:00:00,4.7763,4.7763,0,0,0,0,0,0
1989-03-26 03:00:00,4.089,4.089,0,0,0,0,0,0
1989-03-26 04:00:00,3.5596,3.5596,0,0,0,0,0,0
1989-03-26 05:00:00,3.3443,3.3443,0,0,0,0,0,0
1989-03-26 06:00:00,3.1321,3.1321,0,0,0,0,0,0
1989-03-26 07:00:00,3.0076,3.0076,0,0,0,0,0,0
1989-03-26 08:00:00,2.279,2.279,0,0,0,0,0,0
1989-03-26 09:00:00,1.5454,1.5454,0,0,0,0,0,0
1989-03-26 10:00:00,1.7804,1.7804,0,0,0,0,0,0
1989-03-26 11:00:00,2.8907,2.8907,0,0,0,0,0,0
1989-03-26 12:00:00,4.0605,4.0605,0,0,0,0,0,0
1989-03-26 13:00:00,5.1779,5.1779,0,0,0,0,0,0
1989-03-26 14:00:00,5.876,5.876,0,0,0,0,0,0
1989-03-26 15:00:00,5.9952,5.9952,0,0,0,0,0,0
1989-03-26 16:00:00,5.7789,5.7789,0,0,0,0,0,0
1989-03-26 17:00:00,5.225,5.225,0,0,0,0,0,0
1989-03-26 18:00:00,4.1883,4.1883,0,0,0,0,0,0
1989-03-26 19:00:00,2.7286,2.7286,0,0,0,0,0,0
1989-03-26 20:00:00,0.7521,0.7521,0,0,0,0,0,0
1989-03-26 21:00:00,1.7215,1.7215,0,0,0,0,0,0
1989-03-26 22:00:00,2.4519,2.4519,0,0,0,0,0,0
1989-03-26 23:00:00,3.6718,3.6718,0,0,0,0,0,0
1989-03-27 00:00:00,4.2639,4.2639,0,0,0,0,0,0
1989-03-27 01:00:00,4.1377,4.1377,0,0,0,0,0,0
1989-03-27 02:00:00,3.8485,3.8485,0,0,0,0,0,0
1989-03-27 03:00:00,3.3526,3.3526,0,0,0,0,0,0
1989-03-27 04:00:00,2.657,2.657,0,0,0,0,0,0
1989-03-27 05:00:00,2.1272,2.1272,0,0,0,0,0,0
1989-03-27 06:00:00,1.9779,1.9779,0,0,0,0,0,0
1989-03-27 07:00:00,2.1387,2.1387,0,0,0,0,0,0
1989-03-27 08:00:00,2.3191,2.3191,0,0,0,0,0,0
1989-03-27 09:00:00,2.441,2.441,0,0,0,0,0,0
1989-03-27 10:00:00,2.6992,2.6992,0,0,0,0,0,0
1989-03-27 11:00:00,3.1799,3.1799,0,0,0,0,0,0
1989-03-27 12:00:00,3.5625,3.5625,0,0,0,0,0,0
1989-03-27 13:00:00,3.7598,3.7598,0,0,0,0,0,0
1989-03-27 14:00:00,3.7015,3.7015,0,0,0,0,0,0
1989-03-27 15:00:00,3.571,3.571,0,0,0,0,0,0
1989-03-27 16:00:00,3.4239,3.4239,0,0,0,0,0,0
1989-03-27 17:00:00,3.1878,3.1878,0,0,0,0,0,0
1989-03-27 18:00:00,2.6676,2.6676,0,0,0,0,0,0
1989-03-27 19:00:00,2.0159,2.0159,0,0,0,0,0,0
1989-03-27 20:00:00,1.3708,1.3708,0,0,0,0,0,0
1989-03-27 21:00:00,1.1278,1.1278,0,0,0,0,0,0
1989-03-27 22:00:00,1.0903,1.0903,0,0,0,0,0,0
1989-03-27 23:00:00,1.0337,1.0337,0,0,0,0,0,0
1989-03-28 00:00:00,0.6274,0.6274,0,0,0,0,0,0
1989-03-28 01:00:00,0.3074,0.3074,0,0,0,0,0,0
1989-03-28 02:00:00,0.3026,0.3026,0,0,0,0,0,0
1989-03-28 03:00:00,0.1948,0.1948,0,0,0,0,0,0
1989-03-28 04:00:00,0.5921,0.5921,0,0,0,0,0,0
1989-03-28 05:00:00,1.0141,1.0141,0,0,0,0,0,0
1989-03-28 06:00:00,1.332,1.332,0,0,0,0,0,0
1989-03-28 07:00:00,1.5867,1.5867,0,0,0,0,0,0
1989-03-28 08:00:00,1.9798,1.9798,0,0,0,0,0,0
1989-03-28 09:00:00,2.3115,2.3115,0,0,0,0,0,0
1989-03-28 10:00:00,2.6045,2.6045,0,0,0,0,0,0
1989-03-28 11:00:00,3.1916,3.1916,0,0,0,0,0,0
1989-03-28 12:00:00,4.0305,4.0305,0,0,0,0,0,0
1989-03-28 13:00:00,4.5374,4.5374,0,0,0,0,0,0
1989-03-28 14:00:00,4.481,4.481,0,0,0,0,0,0
1989-03-28 15:00:00,4.0899,4.0899,0,0,0,0,0,0
1989-03-28 16:00:00,4.0647,4.0647,0,0,0,0,0,0
1989-03-28 17:00:00,4.4,4.4,0,0,0,0,0,0
1989-03-28 18:00:00,4.9708,4.9708,0,0,0,0,0,0
1989-03-28 19:00:00,5.6502,5.6502,0,0,0,0,0,0
1989-03-28 20:00:00,6.5334,6.5334,0,0,0,0,0,0
1989-03-28 21:00:00,6.9868,6.9868,0,0,0,0,0,0
1989-03-28 22:00:00,7.1052,7.1052,0,0,0,0,0,0
1989-03-28 23:00:00,7.3632,7.3632,0,0,0,0,0,0
1989-03-29 00:00:00,7.8084,7.8084,0,0,0,0,0,0
1989-03-29 01:00:00,8.0397,8.0397,0,0,0,0,0,0
1989-03-29 02:00:00,8.3063,8.3063,0,0,0,0,0,0
1989-03-29 03:00:00,8.9136,8.9136,0,0,0,0,0,0
1989-03-29 04:00:00,9.3711,9.3711,0,0,0,0,0,0
1989-03-29 05:00:00,9.3465,9.3465,0,0,0,0,0,0
1989-03-29 06:00:00,9.1237,9.1237,0,0,0,0,0,0
1989-03-29 07:00:00,8.8452,8.8452,0,0,0,0,0,0
1989-03-29 08:00:00,8.7793,8.7793,0,0,0,0,0,0
1989-03-29 09:00:00,9.4237,9.4237,0,0,0,0,0,0
1989-03-29 10:00:00,9.2559,9.2559,0,0,0,0,0,0
1989-03-29 11:00:00,9.7578,9.7578,0,0,0,0,0,0
1989-03-29 12:00:00,10.291,10.291,0,0,0,0,0,0
1989-03-29 13:00:00,10.4506,10.4506,0,0,0,0,0,0
1989-03-29 14:00:00,10.4399,10.4399,0,0,0,0,0,0
1989-03-29 15:00:00,10.354,10.354,0,0,0,0,0,0
1989-03-29 16:00:00,10.3197,10.3197,0,0,0,0,0,0
1989-03-29 17:00:00,10.3023,10.3023,0,0,0,0,0,0
1989-03-29 18:00:00,10.3611,10.3611,0,0,0,0,0,0
1989-03-29 19:00:00,9.9744,9.9744,0,0,0,0,0,0
1989-03-29 20:00:00,9.5051,9.5051,0,0,0,0,0,0
1989-03-29 21:00:00,9.3378,9.3378,0,0,0,0,0,0
1989-03-29 22:00:00,9.1879,9.1879,0,0,0,0,0,0
1989-03-29 23:00:00,9.2249,9.2249,0,0,0,0,0,0
1989-03-30 00:00:00,9.2076,9.2076,0,0,0,0,0,0
1989-03-30 01:00:00,9.4043,9.4043,0,0,0,0,0,0
1989-03-30 02:00:00,9.512,9.512,0,0,0,0,0,0
1989-03-30 03:00:00,9.4424,9.4424,0,0,0,0,0,0
1989-03-30 04:00:00,9.25,9.25,0,0,0,0,0,0
1989-03-30 05:00:00,9.164,9.164,0,0,0,0,0,0
1989-03-30 06:00:00,9.0877,9.0877,0,0,0,0,0,0
1989-03-30 07:00:00,8.677,8.677,0,0,0,0,0,0
1989-03-30 08:00:00,8.2954,8.2954,0,0,0,0,0,0
1989-03-30 09:00:00,8.7774,8.7774,0,0,0,0,0,0
1989-03-30 10:00:00,8.4632,8.4632,0,0,0,0,0,0
1989-03-30 11:00:00,9.0333,9.0333,0,0,0,0,0,0
1989-03-30 12:00:00,9.3547,9.3547,0,0,0,0,0,0
1989-03-30 13:00:00,9.5818,9.5818,0,0,0,0,0,0
1989-03-30 14:00:00,9.7338,9.7338,0,0,0,0,0,0
1989-03-30 15:00:00,10.1549,10.1549,0,0,0,0,0,0
1989-03-30 16:00:00,10.5479,10.5479,0,0,0,0,0,0
1989-03-30 17:00:00,10.8618,10.8618,0,0,0,0,0,0
1989-03-30 18:00:00,11.1808,11.1808,0,0,0,0,0,0
1989-03-30 19:00:00,11.1863,11.1863,0,0,0,0,0,0
1989-03-30 20:00:00,11.1592,11.1592,0,0,0,0,0,0
1989-03-30 21:00:00,11.3762,11.3762,0,0,0,0,0,0
1989-03-30 22:00:00,11.2131,11.2131,0,0,0,0,0,0
1989-03-30 23:00:00,11.4154,11.4154,0,0,0,0,0,0
1989-03-31 00:00:00,11.1301,11.1301,0,0,0,0,0,0
1989-03-31 01:00:00,10.8108,10.8108,0,0,0,0,0,0
1989-03-31 02:00:00,10.9497,10.9497,0,0,0,0,0,0
1989-03-31 03:00:00,11.1472,11.1472,0,0,0,0,0,0
1989-03-31 04:00:00,11.3005,11.3005,0,0,0,0,0,0
1989-03-31 05:00:00,11.4829,11.4829,0,0,0,0,0,0
1989-03-31 06:00:00,11.8261,11.8261,0,0,0,0,0,0
1989-03-31 07:00:00,11.9491,11.9491,0,0,0,0,0,0
1989-03-31 08:00:00,11.7132,11.7132,0,0,0,0,0,0
1989-03-31 09:00:00,11.5868,11.5868,0,0,0,0,0,0
1989-03-31 10:00:00,10.6721,10.6721,0,0,0,0,0,0
1989-03-31 11:00:00,10.6092,10.6092,0,0,0,0,0,0
1989-03-31 12:00:00,10.4643,10.4643,0,0,0,0,0,0
1989-03-31 13:00:00,10.5793,10.5793,0,0,0,0,0,0
1989-03-31 14:00:00,10.5869,10.5869,0,0,0,0,0,0
1989-03-31 15:00:00,10.7626,10.7626,0,0,0,0,0,0
1989-03-31 16:00:00,11.1849,11.1849,0,0,0,0,0,0
1989-03-31 17:00:00,11.3934,11.3934,0,0,0,0,0,0
1989-03-31 18:00:00,11.3362,11.3362,0,0,0,0,0,0
1989-03-31 19:00:00,11.1354,11.1354,0,0,0,0,0,0
1989-03-31 20:00:00,11.0311,11.0311,0,0,0,0,0,0
1989-03-31 21:00:00,11.2158,11.2158,0,0,0,0,0,0
1989-03-31 22:00:00,10.8877,10.8877,0,0,0,0,0,0
1989-03-31 23:00:00,11.4229,11.4229,0,0,0,0,0,0
1989-04-01 00:00:00,11.6131,11.6131,0,0,0,0,0,0
1989-04-01 01:00:00,11.4768,11.4768,0,0,0,0,0,0
1989-04-01 02:00:00,11.6644,11.6644,0,0,0,0,0,0
1989-04-01 03:00:00,12.0693,12.0693,0,0,0,0,0,0
1989-04-01 04:00:00,12.2826,12.2826,0,0,0,0,0,0
1989-04-01 05:00:00,12.1542,12.1542,0,0,0,0,0,0
1989-04-01 06:00:00,11.8981,11.8981,0,0,0,0,0,0
1989-04-01 07:00:00,11.2961,11.2961,0,0,0,0,0,0
1989-04-01 08:00:00,11.0318,11.0318,0,0,0,0,0,0
1989-04-01 09:00:00,11.3035,11.3035,0,0,0,0,0,0
1989-04-01 10:00:00,12.5928,12.5928,0,0,0,0,0,0
1989-04-01 11:00:00,13.2672,13.2672,0,0,0,0,0,0
1989-04-01 12:00:00,13.3273,13.3273,0,0,0,0,0,0
1989-04-01 13:00:00,13.0004,13.0004,0,0,0,0,0,0
1989-04-01 14:00:00,12.4109,12.4109,0,0,0,0,0,0
1989-04-01 15:00:00,10.9222,10.9222,0,0,0,0,0,0
1989-04-01 16:00:00,9.5011,9.5011,0,0,0,0,0,0
1989-04-01 17:00:00,8.917,8.917,0,0,0,0,0,0
1989-04-01 18:00:00,8.1042,8.1042,0,0,0,0,0,0
1989-04-01 19:00:00,7.1725,7.1725,0,0,0,0,0,0
1989-04-01 20:00:00,5.5613,5.5613,0,0,0,0,0,0
1989-04-01 21:00:00,3.6175,3.6175,0,0,0,0,0,0
1989-04-01 22:00:00,2.6056,2.6056,0,0,0,0,0,0
1989-04-01 23:00:00,2.9767,2.9767,0,0,0,0,0,0
1989-04-02 00:00:00,2.7188,2.7188,0,0,0,0,0,0
1989-04-02 01:00:00,2.23,2.23,0,0,0,0,0,0
1989-04-02 02:00:00,1.5342,1.5342,0,0,0,0,0,0
1989-04-02 03:00:00,1.612,1.612,0,0,0,0,0,0
1989-04-02 04:00:00,4.4823,4.4823,0,0,0,0,0,0
1989-04-02 05:00:00,5.6993,5.6993,0,0,0,0,0,0
1989-04-02 06:00:00,6.1649,6.1649,0,0,0,0,0,0
1989-04-02 07:00:00,6.36,6.36,0,0,0,0,0,0
1989-04-02 08:00:00,6.3015,6.3015,0,0,0,0,0,0
1989-04-02 09:00:00,6.5569,6.5569,0,0,0,0,0,0
1989-04-02 10:00:00,7.5733,7.5733,0,0,0,0,0,0
1989-04-02 11:00:00,7.818,7.818,0,0,0,0,0,0
1989-04-02 12:00:00,8.0302,8.0302,0,0,0,0,0,0
1989-04-02 13:00:00,8.0716,8.0716,0,0,0,0,0,0
1989-04-02 14:00:00,8.4479,8.4479,0,0,0,0,0,0
1989-04-02 15:00:00,7.9495,7.9495,0,0,0,0,0,0
1989-04-02 16:00:00,6.5428,6.5428,0,0,0,0,0,0
1989-04-02 17:00:00,6.2082,6.2082,0,0,0,0,0,0
1989-04-02 18:00:00,6.0664,6.0664,0,0,0,0,0,0
1989-04-02 19:00:00,5.4164,5.4164,0,0,0,0,0,0
1989-04-02 20:00:00,4.0531,4.0531,0,0,0,0,0,0
1989-04-02 21:00:00,4.0576,4.0576,0,0,0,0,0,0
1989-04-02 22:00:00,4.7266,4.7266,0,0,0,0,0,0
1989-04-02 23:00:00,2.7584,2.7584,0,0,0,0,0,0
1989-04-03 00:00:00,1.0983,1.0983,0,0,0,0,0,0
1989-04-03 01:00:00,3.8063,3.8063,0,0,0,0,0,0
1989-04-03 02:00:00,6.5255,6.5255,0,0,0,0,0,0
1989-04-03 03:00:00,8.408,8.408,0,0,0,0,0,0
1989-04-03 04:00:00,9.1296,9.1296,0,0,0,0,0,0
1989-04-03 05:00:00,10.2857,10.2857,0,0,0,0,0,0
1989-04-03 06:00:00,11.2138,11.2138,0,0,0,0,0,0
1989-04-03 07:00:00,12.2386,12.2386,0,0,0,0,0,0
1989-04-03 08:00:00,13.1533,13.1533,0,0,0,0,0,0
1989-04-03 09:00:00,14.298,14.298,0,0,0,0,0,0
1989-04-03 10:00:00,12.354,12.354,0,0,0,0,0,0
1989-04-03 11:00:00,12.0718,12.0718,0,0,0,0,0,0
1989-04-03 12:00:00,14.515,14.515,0,0,0,0,0,0
1989-04-03 13:00:00,16.4825,16.4825,0,0,0,0,0,0
1989-04-03 14:00:00,17.1408,17.1408,0,0,0,0,0,0
1989-04-03 15:00:00,16.9077,16.9077,0,0,0,0,0,0
1989-04-03 16:00:00,16.2418,16.2418,0,0,0,0,0,0
1989-04-03 17:00:00,16.0653,16.0653,0,0,0,0,0,0
1989-04-03 18:00:00,16.2896,16.2896,0,0,0,0,0,0
1989-04-03 19:00:00,15.9823,15.9823,0,0,0,0,0,0
1989-04-03 20:00:00,14.9427,14.9427,0,0,0,0,0,0
1989-04-03 21:00:00,13.5115,13.5115,0,0,0,0,0,0
1989-04-03 22:00:00,10.8856,10.8856,0,0,0,0,0,0
1989-04-03 23:00:00,10.7029,10.7029,0,0,0,0,0,0
1989-04-04 00:00:00,10.1213,10.1213,0,0,0,0,0,0
1989-04-04 01:00:00,9.0066,9.0066,0,0,0,0,0,0
1989-04-04 02:00:00,7.9125,7.9125,0,0,0,0,0,0
1989-04-04 03:00:00,7.562,7.562,0,0,0,0,0,0
1989-04-04 04:00:00,8.0359,8.0359,0,0,0,0,0,0
1989-04-04 05:00:00,8.3526,8.3526,0,0,0,0,0,0
1989-04-04 06:00:00,8.5738,8.5738,0,0,0,0,0,0
1989-04-04 07:00:00,8.7256,8.7256,0,0,0,0,0,0
1989-04-04 08:00:00,8.82,8.82,0,0,0,0,0,0
1989-04-04 09:00:00,9.9528,9.9528,0,0,0,0,0,0
1989-04-04 10:00:00,10.7181,10.7181,0,0,0,0,0,0
1989-04-04 11:00:00,11.6967,11.6967,0,0,0,0,0,0
1989-04-04 12:00:00,12.6772,12.6772,0,0,0,0,0,0
1989-04-04 13:00:00,12.8287,12.8287,0,0,0,0,0,0
1989-04-04 14:00:00,13.2116,13.2116,0,0,0,0,0,0
1989-04-04 15:00:00,14.1013,14.1013,0,0,0,0,0,0
1989-04-04 16:00:00,14.4139,14.4139,0,0,0,0,0,0
1989-04-04 17:00:00,14.8407,14.8407,0,0,0,0,0,0
1989-04-04 18:00:00,15.5093,15.5093,0,0,0,0,0,0
1989-04-04 19:00:00,16.023,16.023,0,0,0,0,0,0
1989-04-04 20:00:00,14.9693,14.9693,0,0,0,0,0,0
1989-04-04 21:00:00,7.4922,7.4922,0,0,0,0,0,0
1989-04-04 22:00:00,13.5477,13.5477,0,0,0,0,0,0
1989-04-04 23:00:00,13.4037,13.4037,0,0,0,0,0,0
1989-04-05 00:00:00,10.9835,10.9835,0,0,0,0,0,0
1989-04-05 01:00:00,9.5891,9.5891,0,0,0,0,0,0
1989-04-05 02:00:00,7.9505,7.9505,0,0,0,0,0,0
1989-04-05 03:00:00,6.3679,6.3679,0,0,0,0,0,0
1989-04-05 04:00:00,5.605,5.605,0,0,0,0,0,0
1989-04-05 05:00:00,5.367,5.367,0,0,0,0,0,0
1989-04-05 06:00:00,5.2198,5.2198,0,0,0,0,0,0
1989-04-05 07:00:00,4.7854,4.7854,0,0,0,0,0,0
1989-04-05 08:00:00,3.8381,3.8381,0,0,0,0,0,0
1989-04-05 09:00:00,3.0151,3.0151,0,0,0,0,0,0
1989-04-05 10:00:00,3.5148,3.5148,0,0,0,0,0,0
1989-04-05 11:00:00,3.9192,3.9192,0,0,0,0,0,0
1989-04-05 12:00:00,4.341,4.341,0,0,0,0,0,0
1989-04-05 13:00:00,4.439,4.439,0,0,0,0,0,0
1989-04-05 14:00:00,4.4164,4.4164,0,0,0,0,0,0
1989-04-05 15:00:00,4.4896,4.4896,0,0,0,0,0,0
1989-04-05 16:00:00,4.3309,4.3309,0,0,0,0,0,0
1989-04-05 17:00:00,3.7879,3.7879,0,0,0,0,0,0
1989-04-05 18:00:00,3.4887,3.4887,0,0,0,0,0,0
1989-04-05 19:00:00,3.2719,3.2719,0,0,0,0,0,0
1989-04-05 20:00:00,2.7176,2.7176,0,0,0,0,0,0
1989-04-05 21:00:00,2.0016,2.0016,0,0,0,0,0,0
1989-04-05 22:00:00,2.8754,2.8754,0,0,0,0,0,0
1989-04-05 23:00:00,3.6281,3.6281,0,0,0,0,0,0
1989-04-06 00:00:00,5.4591,5.4591,0,0,0,0,0,0
1989-04-06 01:00:00,6.8284,6.8284,0,0,0,0,0,0
1989-04-06 02:00:00,8.0362,8.0362,0,0,0,0,0,0
1989-04-06 03:00:00,9.6119,9.6119,0,0,0,0,0,0
1989-04-06 04:00:00,10.6359,10.6359,0,0,0,0,0,0
1989-04-06 05:00:00,9.3778,9.3778,0,0,0,0,0,0
1989-04-06 06:00:00,7.73,7.73,0,0,0,0,0,0
1989-04-06 07:00:00,7.6929,7.6929,0,0,0,0,0,0
1989-04-06 08:00:00,9.5792,9.5792,0,0,0,0,0,0
1989-04-06 09:00:00,10.6569,10.6569,0,0,0,0,0,0
1989-04-06 10:00:00,10.0988,10.0988,0,0,0,0,0,0
1989-04-06 11:00:00,9.4475,9.4475,0,0,0,0,0,0
1989-04-06 12:00:00,9.8678,9.8678,0,0,0,0,0,0
1989-04-06 13:00:00,10.9267,10.9267,0,0,0,0,0,0
1989-04-06 14:00:00,11.6374,11.6374,0,0,0,0,0,0
1989-04-06 15:00:00,11.9005,11.9005,0,0,0,0,0,0
1989-04-06 16:00:00,11.7657,11.7657,0,0,0,0,0,0
1989-04-06 17:00:00,11.2828,11.2828,0,0,0,0,0,0
1989-04-06 18:00:00,10.6843,10.6843,0,0,0,0,0,0
1989-04-06 19:00:00,9.814,9.814,0,0,0,0,0,0
1989-04-06 20:00:00,8.8568,8.8568,0,0,0,0,0,0
1989-04-06 21:00:00,8.174,8.174,0,0,0,0,0,0
1989-04-06 22:00:00,8.092,8.092,0,0,0,0,0,0
1989-04-06 23:00:00,7.3126,7.3126,0,0,0,0,0,0
1989-04-07 00:00:00,6.4581,6.4581,0,0,0,0,0,0
1989-04-07 01:00:00,5.8718,5.8718,0,0,0,0,0,0
1989-04-07 02:00:00,5.0604,5.0604,0,0,0,0,0,0
1989-04-07 03:00:00,4.4006,4.4006,0,0,0,0,0,0
1989-04-07 04:00:00,4.0532,4.0532,0,0,0,0,0,0
1989-04-07 05:00:00,3.755,3.755,0,0,0,0,0,0
1989-04-07 06:00:00,3.4365,3.4365,0,0,0,0,0,0
1989-04-07 07:00:00,3.2062,3.2062,0,0,0,0,0,0
1989-04-07 08:00:00,3.4452,3.4452,0,0,0,0,0,0
1989-04-07 09:00:00,3.6733,3.6733,0,0,0,0,0,0
1989-04-07 10:00:00,4.1349,4.1349,0,0,0,0,0,0
1989-04-07 11:00:00,4.408,4.408,0,0,0,0,0,0
1989-04-07 12:00:00,4.6715,4.6715,0,0,0,0,0,0
1989-04-07 13:00:00,5.1036,5.1036,0,0,0,0,0,0
1989-04-07 14:00:00,5.641,5.641,0,0,0,0,0,0
1989-04-07 15:00:00,5.6942,5.6942,0,0,0,0,0,0
1989-04-07 16:00:00,5.5709,5.5709,0,0,0,0,0,0
1989-04-07 17:00:00,5.4709,5.4709,0,0,0,0,0,0
1989-04-07 18:00:00,5.3602,5.3602,0,0,0,0,0,0
1989-04-07 19:00:00,4.8004,4.8004,0,0,0,0,0,0
1989-04-07 20:00:00,3.7955,3.7955,0,0,0,0,0,0
1989-04-07 21:00:00,2.1638,2.1638,0,0,0,0,0,0
1989-04-07 22:00:00,1.7579,1.7579,0,0,0,0,0,0
1989-04-07 23:00:00,3.8265,3.8265,0,0,0,0,0,0
1989-04-08 00:00:00,4.8448,4.8448,0,0,0,0,0,0
1989-04-08 01:00:00,4.6981,4.6981,0,0,0,0,0,0
1989-04-08 02:00:00,4.1735,4.1735,0,0,0,0,0,0
1989-04-08 03:00:00,3.9576,3.9576,0,0,0,0,0,0
1989-04-08 04:00:00,3.7262,3.7262,0,0,0,0,0,0
1989-04-08 05:00:00,3.7486,3.7486,0,0,0,0,0,0
1989-04-08 06:00:00,4.1835,4.1835,0,0,0,0,0,0
1989-04-08 07:00:00,4.5645,4.5645,0,0,0,0,0,0
1989-04-08 08:00:00,5.3269,5.3269,0,0,0,0,0,0
1989-04-08 09:00:00,5.9086,5.9086,0,0,0,0,0,0
1989-04-08 10:00:00,6.219,6.219,0,0,0,0,0,0
1989-04-08 11:00:00,6.6738,6.6738,0,0,0,0,0,0
1989-04-08 12:00:00,7.0291,7.0291,0,0,0,0,0,0
1989-04-08 13:00:00,7.3085,7.3085,0,0,0,0,0,0
1989-04-08 14:00:00,7.3209,7.3209,0,0,0,0,0,0
1989-04-08 15:00:00,7.0753,7.0753,0,0,0,0,0,0
1989-04-08 16:00:00,6.7072,6.7072,0,0,0,0,0,0
1989-04-08 17:00:00,6.4775,6.4775,0,0,0,0,0,0
1989-04-08 18:00:00,6.2718,6.2718,0,0,0,0,0,0
1989-04-08 19:00:00,6.0374,6.0374,0,0,0,0,0,0
1989-04-08 20:00:00,5.9716,5.9716,0,0,0,0,0,0
1989-04-08 21:00:00,6.0341,6.0341,0,0,0,0,0,0
1989-04-08 22:00:00,6.5801,6.5801,0,0,0,0,0,0
1989-04-08 23:00:00,6.6761,6.6761,0,0,0,0,0,0
1989-04-09 00:00:00,6.8693,6.8693,0,0,0,0,0,0
1989-04-09 01:00:00,6.7437,6.7437,0,0,0,0,0,0
1989-04-09 02:00:00,6.5569,6.5569,0,0,0,0,0,0
1989-04-09 03:00:00,6.6925,6.6925,0,0,0,0,0,0
1989-04-09 04:00:00,6.8376,6.8376,0,0,0,0,0,0
1989-04-09 05:00:00,7.2921,7.2921,0,0,0,0,0,0
1989-04-09 06:00:00,7.3316,7.3316,0,0,0,0,0,0
1989-04-09 07:00:00,6.4862,6.4862,0,0,0,0,0,0
1989-04-09 08:00:00,5.9984,5.9984,0,0,0,0,0,0
1989-04-09 09:00:00,5.8897,5.8897,0,0,0,0,0,0
1989-04-09 10:00:00,5.8301,5.8301,0,0,0,0,0,0
1989-04-09 11:00:00,6.4183,6.4183,0,0,0,0,0,0
1989-04-09 12:00:00,7.1245,7.1245,0,0,0,0,0,0
1989-04-09 13:00:00,7.5796,7.5796,0,0,0,0,0,0
1989-04-09 14:00:00,7.6343,7.6343,0,0,0,0,0,0
1989-04-09 15:00:00,7.7142,7.7142,0,0,0,0,0,0
1989-04-09 16:00:00,8.0087,8.0087,0,0,0,0,0,0
1989-04-09 17:00:00,8.4918,8.4918,0,0,0,0,0,0
1989-04-09 18:00:00,8.9025,8.9025,0,0,0,0,0,0
1989-04-09 19:00:00,9.2067,9.2067,0,0,0,0,0,0
1989-04-09 20:00:00,9.3864,9.3864,0,0,0,0,0,0
1989-04-09 21:00:00,9.4015,9.4015,0,0,0,0,0,0
1989-04-09 22:00:00,8.6781,8.6781,0,0,0,0,0,0
1989-04-09 23:00:00,8.7417,8.7417,0,0,0,0,0,0
1989-04-10 00:00:00,9.3942,9.3942,0,0,0,0,0,0
1989-04-10 01:00:00,10.3399,10.3399,0,0,0,0,0,0
1989-04-10 02:00:00,11.3818,11.3818,0,0,0,0,0,0
1989-04-10 03:00:00,11.8143,11.8143,0,0,0,0,0,0
1989-04-10 04:00:00,12.2353,12.2353,0,0,0,0,0,0
1989-04-10 05:00:00,13.1968,13.1968,0,0,0,0,0,0
1989-04-10 06:00:00,14.4791,14.4791,0,0,0,0,0,0
1989-04-10 07:00:00,15.0753,15.0753,0,0,0,0,0,0
1989-04-10 08:00:00,15.6162,15.6162,0,0,0,0,0,0
1989-04-10 09:00:00,16.0733,16.0733,0,0,0,0,0,0
1989-04-10 10:00:00,15.3733,15.3733,0,0,0,0,0,0
1989-04-10 11:00:00,16.2824,16.2824,0,0,0,0,0,0
1989-04-10 12:00:00,16.9723,16.9723,0,0,0,0,0,0
1989-04-10 13:00:00,17.6675,17.6675,0,0,0,0,0,0
1989-04-10 14:00:00,18.4661,18.4661,0,0,0,0,0,0
1989-04-10 15:00:00,18.9853,18.9853,0,0,0,0,0,0
1989-04-10 16:00:00,19.0458,19.0458,0,0,0,0,0,0
1989-04-10 17:00:00,19.3964,19.3964,0,0,0,0,0,0
1989-04-10 18:00:00,19.9433,19.9433,0,0,0,0,0,0
1989-04-10 19:00:00,19.5555,19.5555,0,0,0,0,0,0
1989-04-10 20:00:00,19.7344,19.7344,0,0,0,0,0,0
1989-04-10 21:00:00,19.8215,19.8215,0,0,0,0,0,0
1989-04-10 22:00:00,18.5844,18.5844,0,0,0,0,0,0
1989-04-10 23:00:00,18.6398,18.6398,0,0,0,0,0,0
1989-04-11 00:00:00,18.7935,18.7935,0,0,0,0,0,0
1989-04-11 01:00:00,18.4947,18.4947,0,0,0,0,0,0
1989-04-11 02:00:00,18.1214,18.1214,0,0,0,0,0,0
1989-04-11 03:00:00,19.2491,19.2491,0,0,0,0,0,0
1989-04-11 04:00:00,20.1518,20.1518,0,0,0,0,0,0
1989-04-11 05:00:00,20.3087,20.3087,0,0,0,0,0,0
1989-04-11 06:00:00,19.9936,19.9936,0,0,0,0,0,0
1989-04-11 07:00:00,18.9001,18.9001,0,0,0,0,0,0
1989-04-11 08:00:00,17.8777,17.8777,0,0,0,0,0,0
1989-04-11 09:00:00,17.9671,17.9671,0,0,0,0,0,0
1989-04-11 10:00:00,16.458,16.458,0,0,0,0,0,0
1989-04-11 11:00:00,16.7822,16.7822,0,0,0,0,0,0
1989-04-11 12:00:00,16.5293,16.5293,0,0,0,0,0,0
1989-04-11 13:00:00,13.5265,13.5265,0,0,0,0,0,0
1989-04-11 14:00:00,12.4005,12.4005,0,0,0,0,0,0
1989-04-11 15:00:00,12.7035,12.7035,0,0,0,0,0,0
1989-04-11 16:00:00,13.7201,13.7201,0,0,0,0,0,0
1989-04-11 17:00:00,13.7696,13.7696,0,0,0,0,0,0
1989-04-11 18:00:00,11.6991,11.6991,0,0,0,0,0,0
1989-04-11 19:00:00,10.8657,10.8657,0,0,0,0,0,0
1989-04-11 20:00:00,10.8659,10.8659,0,0,0,0,0,0
1989-04-11 21:00:00,9.7916,9.7916,0,0,0,0,0,0
1989-04-11 22:00:00,8.7925,8.7925,0,0,0,0,0,0
1989-04-11 23:00:00,7.4137,7.4137,0,0,0,0,0,0
1989-04-12 00:00:00,5.6699,5.6699,0,0,0,0,0,0
1989-04-12 01:00:00,3.4211,3.4211,0,0,0,0,0,0
1989-04-12 02:00:00,1.7125,1.7125,0,0,0,0,0,0
1989-04-12 03:00:00,1.8128,1.8128,0,0,0,0,0,0
1989-04-12 04:00:00,3.5993,3.5993,0,0,0,0,0,0
1989-04-12 05:00:00,4.9182,4.9182,0,0,0,0,0,0
1989-04-12 06:00:00,5.1389,5.1389,0,0,0,0,0,0
1989-04-12 07:00:00,4.754,4.754,0,0,0,0,0,0
1989-04-12 08:00:00,5.3282,5.3282,0,0,0,0,0,0
1989-04-12 09:00:00,7.063,7.063,0,0,0,0,0,0
1989-04-12 10:00:00,7.0668,7.0668,0,0,0,0,0,0
1989-04-12 11:00:00,6.3886,6.3886,0,0,0,0,0,0
1989-04-12 12:00:00,5.5848,5.5848,0,0,0,0,0,0
1989-04-12 13:00:00,5.0296,5.0296,0,0,0,0,0,0
1989-04-12 14:00:00,4.6837,4.6837,0,0,0,0,0,0
1989-04-12 15:00:00,4.8089,4.8089,0,0,0,0,0,0
1989-04-12 16:00:00,5.8071,5.8071,0,0,0,0,0,0
1989-04-12 17:00:00,7.4591,7.4591,0,0,0,0,0,0
1989-04-12 18:00:00,7.02,7.02,0,0,0,0,0,0
1989-04-12 19:00:00,5.5038,5.5038,0,0,0,0,0,0
1989-04-12 20:00:00,4.0802,4.0802,0,0,0,0,0,0
1989-04-12 21:00:00,2.9159,2.9159,0,0,0,0,0,0
1989-04-12 22:00:00,1.8433,1.8433,0,0,0,0,0,0
1989-04-12 23:00:00,4.3697,4.3697,0,0,0,0,0,0
1989-04-13 00:00:00,7.6534,7.6534,0,0,0,0,0,0
1989-04-13 01:00:00,9.6947,9.6947,0,0,0,0,0,0
1989-04-13 02:00:00,10.3869,10.3869,0,0,0,0,0,0
1989-04-13 03:00:00,11.7781,11.7781,0,0,0,0,0,0
1989-04-13 04:00:00,13.136,13.136,0,0,0,0,0,0
1989-04-13 05:00:00,12.1583,12.1583,0,0,0,0,0,0
1989-04-13 06:00:00,11.0057,11.0057,0,0,0,0,0,0
1989-04-13 07:00:00,10.586,10.586,0,0,0,0,0,0
1989-04-13 08:00:00,10.6264,10.6264,0,0,0,0,0,0
1989-04-13 09:00:00,10.211,10.211,0,0,0,0,0,0
1989-04-13 10:00:00,10.3738,10.3738,0,0,0,0,0,0
1989-04-13 11:00:00,9.5153,9.5153,0,0,0,0,0,0
1989-04-13 12:00:00,8.9325,8.9325,0,0,0,0,0,0
1989-04-13 13:00:00,12.5133,12.5133,0,0,0,0,0,0
1989-04-13 14:00:00,15.7734,15.7734,0,0,0,0,0,0
1989-04-13 15:00:00,15.183,15.183,0,0,0,0,0,0
1989-04-13 16:00:00,15.0264,15.0264,0,0,0,0,0,0
1989-04-13 17:00:00,15.1883,15.1883,0,0,0,0,0,0
1989-04-13 18:00:00,13.1235,13.1235,0,0,0,0,0,0
1989-04-13 19:00:00,11.3634,11.3634,0,0,0,0,0,0
1989-04-13 20:00:00,10.1472,10.1472,0,0,0,0,0,0
1989-04-13 21:00:00,8.1715,8.1715,0,0,0,0,0,0
1989-04-13 22:00:00,7.8774,7.8774,0,0,0,0,0,0
1989-04-13 23:00:00,11.6267,11.6267,0,0,0,0,0,0
1989-04-14 00:00:00,12.5716,12.5716,0,0,0,0,0,0
1989-04-14 01:00:00,14.0776,14.0776,0,0,0,0,0,0
1989-04-14 02:00:00,17.6766,17.6766,0,0,0,0,0,0
1989-04-14 03:00:00,18.8257,18.8257,0,0,0,0,0,0
1989-04-14 04:00:00,19.1718,19.1718,0,0,0,0,0,0
1989-04-14 05:00:00,19.0816,19.0816,0,0,0,0,0,0
1989-04-14 06:00:00,18.8629,18.8629,0,0,0,0,0,0
1989-04-14 07:00:00,18.6106,18.6106,0,0,0,0,0,0
1989-04-14 08:00:00,17.2562,17.2562,0,0,0,0,0,0
1989-04-14 09:00:00,16.6101,16.6101,0,0,0,0,0,0
1989-04-14 10:00:00,15.7405,15.7405,0,0,0,0,0,0
1989-04-14 11:00:00,14.8525,14.8525,0,0,0,0,0,0
1989-04-14 12:00:00,13.9704,13.9704,0,0,0,0,0,0
1989-04-14 13:00:00,15.7331,15.7331,0,0,0,0,0,0
1989-04-14 14:00:00,16.9685,16.9685,0,0,0,0,0,0
1989-04-14 15:00:00,17.6376,17.6376,0,0,0,0,0,0
1989-04-14 16:00:00,17.4445,17.4445,0,0,0,0,0,0
1989-04-14 17:00:00,17.3509,17.3509,0,0,0,0,0,0
1989-04-14 18:00:00,17.1499,17.1499,0,0,0,0,0,0
1989-04-14 19:00:00,17.6626,17.6626,0,0,0,0,0,0
1989-04-14 20:00:00,17.7279,17.7279,0,0,0,0,0,0
1989-04-14 21:00:00,18.7405,18.7405,0,0,0,0,0,0
1989-04-14 22:00:00,18.0676,18.0676,0,0,0,0,0,0
1989-04-14 23:00:00,19.0578,19.0578,0,0,0,0,0,0
1989-04-15 00:00:00,19.5804,19.5804,0,0,0,0,0,0
1989-04-15 01:00:00,19.7921,19.7921,0,0,0,0,0,0
1989-04-15 02:00:00,19.716,19.716,0,0,0,0,0,0
1989-04-15 03:00:00,19.9337,19.9337,0,0,0,0,0,0
1989-04-15 04:00:00,20.0913,20.0913,0,0,0,0,0,0
1989-04-15 05:00:00,19.4851,19.4851,0,0,0,0,0,0
1989-04-15 06:00:00,18.8176,18.8176,0,0,0,0,0,0
1989-04-15 07:00:00,18.6116,18.6116,0,0,0,0,0,0
1989-04-15 08:00:00,18.3899,18.3899,0,0,0,0,0,0
1989-04-15 09:00:00,18.2025,18.2025,0,0,0,0,0,0
1989-04-15 10:00:00,17.4196,17.4196,0,0,0,0,0,0
1989-04-15 11:00:00,17.2434,17.2434,0,0,0,0,0,0
1989-04-15 12:00:00,17.5527,17.5527,0,0,0,0,0,0
1989-04-15 13:00:00,17.9904,17.9904,0,0,0,0,0,0
1989-04-15 14:00:00,17.5554,17.5554,0,0,0,0,0,0
1989-04-15 15:00:00,17.0718,17.0718,0,0,0,0,0,0
1989-04-15 16:00:00,16.355,16.355,0,0,0,0,0,0
1989-04-15 17:00:00,15.5567,15.5567,0,0,0,0,0,0
1989-04-15 18:00:00,14.899,14.899,0,0,0,0,0,0
1989-04-15 19:00:00,14.3688,14.3688,0,0,0,0,0,0
1989-04-15 20:00:00,13.7824,13.7824,0,0,0,0,0,0
1989-04-15 21:00:00,13.0591,13.0591,0,0,0,0,0,0
1989-04-15 22:00:00,12.2867,12.2867,0,0,0,0,0,0
1989-04-15 23:00:00,11.3462,11.3462,0,0,0,0,0,0
1989-04-16 00:00:00,11.0036,11.0036,0,0,0,0,0,0
1989-04-16 01:00:00,10.6145,10.6145,0,0,0,0,0,0
1989-04-16 02:00:00,9.6512,9.6512,0,0,0,0,0,0
1989-04-16 03:00:00,8.8024,8.8024,0,0,0,0,0,0
1989-04-16 04:00:00,8.3366,8.3366,0,0,0,0,0,0
1989-04-16 05:00:00,8.1671,8.1671,0,0,0,0,0,0
1989-04-16 06:00:00,7.9875,7.9875,0,0,0,0,0,0
1989-04-16 07:00:00,7.6817,7.6817,0,0,0,0,0,0
1989-04-16 08:00:00,7.3146,7.3146,0,0,0,0,0,0
1989-04-16 09:00:00,6.9376,6.9376,0,0,0,0,0,0
1989-04-16 10:00:00,6.6429,6.6429,0,0,0,0,0,0
1989-04-16 11:00:00,6.1598,6.1598,0,0,0,0,0,0
1989-04-16 12:00:00,5.4689,5.4689,0,0,0,0,0,0
1989-04-16 13:00:00,4.5495,4.5495,0,0,0,0,0,0
1989-04-16 14:00:00,3.6941,3.6941,0,0,0,0,0,0
1989-04-16 15:00:00,3.477,3.477,0,0,0,0,0,0
1989-04-16 16:00:00,3.503,3.503,0,0,0,0,0,0
1989-04-16 17:00:00,3.3968,3.3968,0,0,0,0,0,0
1989-04-16 18:00:00,2.8846,2.8846,0,0,0,0,0,0
1989-04-16 19:00:00,2.6712,2.6712,0,0,0,0,0,0
1989-04-16 20:00:00,3.7026,3.7026,0,0,0,0,0,0
1989-04-16 21:00:00,5.1699,5.1699,0,0,0,0,0,0
1989-04-16 22:00:00,4.5651,4.5651,0,0,0,0,0,0
1989-04-16 23:00:00,3.9098,3.9098,0,0,0,0,0,0
1989-04-17 00:00:00,3.8715,3.8715,0,0,0,0,0,0
1989-04-17 01:00:00,3.921,3.921,0,0,0,0,0,0
1989-04-17 02:00:00,4.0902,4.0902,0,0,0,0,0,0
1989-04-17 03:00:00,4.1949,4.1949,0,0,0,0,0,0
1989-04-17 04:00:00,4.2719,4.2719,0,0,0,0,0,0
1989-04-17 05:00:00,3.7918,3.7918,0,0,0,0,0,0
1989-04-17 06:00:00,3.3485,3.3485,0,0,0,0,0,0
1989-04-17 07:00:00,4.0065,4.0065,0,0,0,0,0,0
1989-04-17 08:00:00,4.7128,4.7128,0,0,0,0,0,0
1989-04-17 09:00:00,4.7317,4.7317,0,0,0,0,0,0
1989-04-17 10:00:00,4.6021,4.6021,0,0,0,0,0,0
1989-04-17 11:00:00,2.7479,2.7479,0,0,0,0,0,0
1989-04-17 12:00:00,1.5966,1.5966,0,0,0,0,0,0
1989-04-17 13:00:00,1.3462,1.3462,0,0,0,0,0,0
1989-04-17 14:00:00,1.169,1.169,0,0,0,0,0,0
1989-04-17 15:00:00,2.3849,2.3849,0,0,0,0,0,0
1989-04-17 16:00:00,4.2604,4.2604,0,0,0,0,0,0
1989-04-17 17:00:00,5.8025,5.8025,0,0,0,0,0,0
1989-04-17 18:00:00,6.426,6.426,0,0,0,0,0,0
1989-04-17 19:00:00,6.888,6.888,0,0,0,0,0,0
1989-04-17 20:00:00,7.7095,7.7095,0,0,0,0,0,0
1989-04-17 21:00:00,8.0009,8.0009,0,0,0,0,0,0
1989-04-17 22:00:00,8.5429,8.5429,0,0,0,0,0,0
1989-04-17 23:00:00,9.5476,9.5476,0,0,0,0,0,0
1989-04-18 00:00:00,7.44,7.44,0,0,0,0,0,0
1989-04-18 01:00:00,6.1293,6.1293,0,0,0,0,0,0
1989-04-18 02:00:00,5.6221,5.6221,0,0,0,0,0,0
1989-04-18 03:00:00,5.5383,5.5383,0,0,0,0,0,0
1989-04-18 04:00:00,6.15,6.15,0,0,0,0,0,0
1989-04-18 05:00:00,6.8326,6.8326,0,0,0,0,0,0
1989-04-18 06:00:00,7.092,7.092,0,0,0,0,0,0
1989-04-18 07:00:00,7.1316,7.1316,0,0,0,0,0,0
1989-04-18 08:00:00,7.2045,7.2045,0,0,0,0,0,0
1989-04-18 09:00:00,6.8893,6.8893,0,0,0,0,0,0
1989-04-18 10:00:00,7.0981,7.0981,0,0,0,0,0,0
1989-04-18 11:00:00,7.4059,7.4059,0,0,0,0,0,0
1989-04-18 12:00:00,8.4603,8.4603,0,0,0,0,0,0
1989-04-18 13:00:00,8.9241,8.9241,0,0,0,0,0,0
1989-04-18 14:00:00,9.2843,9.2843,0,0,0,0,0,0
1989-04-18 15:00:00,9.7591,9.7591,0,0,0,0,0,0
1989-04-18 16:00:00,9.4144,9.4144,0,0,0,0,0,0
1989-04-18 17:00:00,8.9916,8.9916,0,0,0,0,0,0
1989-04-18 18:00:00,8.1639,8.1639,0,0,0,0,0,0
1989-04-18 19:00:00,7.6638,7.6638,0,0,0,0,0,0
1989-04-18 20:00:00,7.137,7.137,0,0,0,0,0,0
1989-04-18 21:00:00,6.7075,6.7075,0,0,0,0,0,0
1989-04-18 22:00:00,6.0461,6.0461,0,0,0,0,0,0
1989-04-18 23:00:00,5.8041,5.8041,0,0,0,0,0,0
1989-04-19 00:00:00,5.1827,5.1827,0,0,0,0,0,0
1989-04-19 01:00:00,4.1582,4.1582,0,0,0,0,0,0
1989-04-19 02:00:00,3.4515,3.4515,0,0,0,0,0,0
1989-04-19 03:00:00,3.7358,3.7358,0,0,0,0,0,0
1989-04-19 04:00:00,3.7398,3.7398,0,0,0,0,0,0
1989-04-19 05:00:00,3.5754,3.5754,0,0,0,0,0,0
1989-04-19 06:00:00,3.9397,3.9397,0,0,0,0,0,0
1989-04-19 07:00:00,4.094,4.094,0,0,0,0,0,0
1989-04-19 08:00:00,3.0926,3.0926,0,0,0,0,0,0
1989-04-19 09:00:00,2.2239,2.2239,0,0,0,0,0,0
1989-04-19 10:00:00,1.4237,1.4237,0,0,0,0,0,0
1989-04-19 11:00:00,2.0261,2.0261,0,0,0,0,0,0
1989-04-19 12:00:00,3.2195,3.2195,0,0,0,0,0,0
1989-04-19 13:00:00,4.2052,4.2052,0,0,0,0,0,0
1989-04-19 14:00:00,4.7728,4.7728,0,0,0,0,0,0
1989-04-19 15:00:00,4.7825,4.7825,0,0,0,0,0,0
1989-04-19 16:00:00,4.1025,4.1025,0,0,0,0,0,0
1989-04-19 17:00:00,2.555,2.555,0,0,0,0,0,0
1989-04-19 18:00:00,1.827,1.827,0,0,0,0,0,0
1989-04-19 19:00:00,1.7659,1.7659,0,0,0,0,0,0
1989-04-19 20:00:00,1.2492,1.2492,0,0,0,0,0,0
1989-04-19 21:00:00,1.3056,1.3056,0,0,0,0,0,0
1989-04-19 22:00:00,1.5359,1.5359,0,0,0,0,0,0
1989-04-19 23:00:00,2.4871,2.4871,0,0,0,0,0,0
1989-04-20 00:00:00,4.371,4.371,0,0,0,0,0,0
1989-04-20 01:00:00,6.43,6.43,0,0,0,0,0,0
1989-04-20 02:00:00,7.2917,7.2917,0,0,0,0,0,0
1989-04-20 03:00:00,6.5818,6.5818,0,0,0,0,0,0
1989-04-20 04:00:00,5.8645,5.8645,0,0,0,0,0,0
1989-04-20 05:00:00,4.3097,4.3097,0,0,0,0,0,0
1989-04-20 06:00:00,2.4797,2.4797,0,0,0,0,0,0
1989-04-20 07:00:00,1.4321,1.4321,0,0,0,0,0,0
1989-04-20 08:00:00,1.9348,1.9348,0,0,0,0,0,0
1989-04-20 09:00:00,2.1834,2.1834,0,0,0,0,0,0
1989-04-20 10:00:00,3.113,3.113,0,0,0,0,0,0
1989-04-20 11:00:00,3.2532,3.2532,0,0,0,0,0,0
1989-04-20 12:00:00,3.9744,3.9744,0,0,0,0,0,0
1989-04-20 13:00:00,5.3014,5.3014,0,0,0,0,0,0
1989-04-20 14:00:00,6.1768,6.1768,0,0,0,0,0,0
1989-04-20 15:00:00,6.4274,6.4274,0,0,0,0,0,0
1989-04-20 16:00:00,6.6314,6.6314,0,0,0,0,0,0
1989-04-20 17:00:00,6.9004,6.9004,0,0,0,0,0,0
1989-04-20 18:00:00,6.6115,6.6115,0,0,0,0,0,0
1989-04-20 19:00:00,6.619,6.619,0,0,0,0,0,0
1989-04-20 20:00:00,7.524,7.524,0,0,0,0,0,0
1989-04-20 21:00:00,8.7433,8.7433,0,0,0,0,0,0
1989-04-20 22:00:00,9.2124,9.2124,0,0,0,0,0,0
1989-04-20 23:00:00,8.4319,8.4319,0,0,0,0,0,0
1989-04-21 00:00:00,6.8673,6.8673,0,0,0,0,0,0
1989-04-21 01:00:00,5.0923,5.0923,0,0,0,0,0,0
1989-04-21 02:00:00,3.4651,3.4651,0,0,0,0,0,0
1989-04-21 03:00:00,2.5455,2.5455,0,0,0,0,0,0
1989-04-21 04:00:00,2.4558,2.4558,0,0,0,0,0,0
1989-04-21 05:00:00,3.05,3.05,0,0,0,0,0,0
1989-04-21 06:00:00,3.6429,3.6429,0,0,0,0,0,0
1989-04-21 07:00:00,3.199,3.199,0,0,0,0,0,0
1989-04-21 08:00:00,1.6432,1.6432,0,0,0,0,0,0
1989-04-21 09:00:00,2.9663,2.9663,0,0,0,0,0,0
1989-04-21 10:00:00,4.0372,4.0372,0,0,0,0,0,0
1989-04-21 11:00:00,4.3143,4.3143,0,0,0,0,0,0
1989-04-21 12:00:00,4.2197,4.2197,0,0,0,0,0,0
1989-04-21 13:00:00,5.9473,5.9473,0,0,0,0,0,0
1989-04-21 14:00:00,7.3192,7.3192,0,0,0,0,0,0
1989-04-21 15:00:00,8.3094,8.3094,0,0,0,0,0,0
1989-04-21 16:00:00,8.7372,8.7372,0,0,0,0,0,0
1989-04-21 17:00:00,9.0379,9.0379,0,0,0,0,0,0
1989-04-21 18:00:00,8.5724,8.5724,0,0,0,0,0,0
1989-04-21 19:00:00,7.5398,7.5398,0,0,0,0,0,0
1989-04-21 20:00:00,6.6295,6.6295,0,0,0,0,0,0
1989-04-21 21:00:00,5.7636,5.7636,0,0,0,0,0,0
1989-04-21 22:00:00,4.4706,4.4706,0,0,0,0,0,0
1989-04-21 23:00:00,5.8605,5.8605,0,0,0,0,0,0
1989-04-22 00:00:00,8.6386,8.6386,0,0,0,0,0,0
1989-04-22 01:00:00,8.9348,8.9348,0,0,0,0,0,0
1989-04-22 02:00:00,8.5798,8.5798,0,0,0,0,0,0
1989-04-22 03:00:00,8.1951,8.1951,0,0,0,0,0,0
1989-04-22 04:00:00,7.8678,7.8678,0,0,0,0,0,0
1989-04-22 05:00:00,7.5705,7.5705,0,0,0,0,0,0
1989-04-22 06:00:00,6.8898,6.8898,0,0,0,0,0,0
1989-04-22 07:00:00,5.6317,5.6317,0,0,0,0,0,0
1989-04-22 08:00:00,4.5155,4.5155,0,0,0,0,0,0
1989-04-22 09:00:00,3.8894,3.8894,0,0,0,0,0,0
1989-04-22 10:00:00,4.5658,4.5658,0,0,0,0,0,0
1989-04-22 11:00:00,5.0581,5.0581,0,0,0,0,0,0
1989-04-22 12:00:00,6.5325,6.5325,0,0,0,0,0,0
1989-04-22 13:00:00,8.6113,8.6113,0,0,0,0,0,0
1989-04-22 14:00:00,10.2105,10.2105,0,0,0,0,0,0
1989-04-22 15:00:00,10.7755,10.7755,0,0,0,0,0,0
1989-04-22 16:00:00,10.3815,10.3815,0,0,0,0,0,0
1989-04-22 17:00:00,10.0141,10.0141,0,0,0,0,0,0
1989-04-22 18:00:00,9.4418,9.4418,0,0,0,0,0,0
1989-04-22 19:00:00,8.946,8.946,0,0,0,0,0,0
1989-04-22 20:00:00,8.2721,8.2721,0,0,0,0,0,0
1989-04-22 21:00:00,7.215,7.215,0,0,0,0,0,0
1989-04-22 22:00:00,5.4394,5.4394,0,0,0,0,0,0
1989-04-22 23:00:00,5.193,5.193,0,0,0,0,0,0
1989-04-23 00:00:00,4.8923,4.8923,0,0,0,0,0,0
1989-04-23 01:00:00,4.3668,4.3668,0,0,0,0,0,0
1989-04-23 02:00:00,3.7923,3.7923,0,0,0,0,0,0
1989-04-23 03:00:00,3.7295,3.7295,0,0,0,0,0,0
1989-04-23 04:00:00,4.281,4.281,0,0,0,0,0,0
1989-04-23 05:00:00,5.0107,5.0107,0,0,0,0,0,0
1989-04-23 06:00:00,5.3925,5.3925,0,0,0,0,0,0
1989-04-23 07:00:00,5.0525,5.0525,0,0,0,0,0,0
1989-04-23 08:00:00,5.1143,5.1143,0,0,0,0,0,0
1989-04-23 09:00:00,5.7393,5.7393,0,0,0,0,0,0
1989-04-23 10:00:00,6.3133,6.3133,0,0,0,0,0,0
1989-04-23 11:00:00,7.0044,7.0044,0,0,0,0,0,0
1989-04-23 12:00:00,8.5668,8.5668,0,0,0,0,0,0
1989-04-23 13:00:00,9.7243,9.7243,0,0,0,0,0,0
1989-04-23 14:00:00,10.0342,10.0342,0,0,0,0,0,0
1989-04-23 15:00:00,10.1135,10.1135,0,0,0,0,0,0
1989-04-23 16:00:00,10.0504,10.0504,0,0,0,0,0,0
1989-04-23 17:00:00,9.591,9.591,0,0,0,0,0,0
1989-04-23 18:00:00,8.8506,8.8506,0,0,0,0,0,0
1989-04-23 19:00:00,7.9124,7.9124,0,0,0,0,0,0
1989-04-23 20:00:00,7.0648,7.0648,0,0,0,0,0,0
1989-04-23 21:00:00,6.2171,6.2171,0,0,0,0,0,0
1989-04-23 22:00:00,4.2827,4.2827,0,0,0,0,0,0
1989-04-23 23:00:00,4.1489,4.1489,0,0,0,0,0,0
1989-04-24 00:00:00,4.3403,4.3403,0,0,0,0,0,0
1989-04-24 01:00:00,4.2075,4.2075,0,0,0,0,0,0
1989-04-24 02:00:00,3.6641,3.6641,0,0,0,0,0,0
1989-04-24 03:00:00,3.4815,3.4815,0,0,0,0,0,0
1989-04-24 04:00:00,3.8293,3.8293,0,0,0,0,0,0
1989-04-24 05:00:00,3.9973,3.9973,0,0,0,0,0,0
1989-04-24 06:00:00,4.1858,4.1858,0,0,0,0,0,0
1989-04-24 07:00:00,4.2505,4.2505,0,0,0,0,0,0
1989-04-24 08:00:00,4.5785,4.5785,0,0,0,0,0,0
1989-04-24 09:00:00,4.7402,4.7402,0,0,0,0,0,0
1989-04-24 10:00:00,5.1606,5.1606,0,0,0,0,0,0
1989-04-24 11:00:00,5.5953,5.5953,0,0,0,0,0,0
1989-04-24 12:00:00,5.8951,5.8951,0,0,0,0,0,0
1989-04-24 13:00:00,5.9136,5.9136,0,0,0,0,0,0
1989-04-24 14:00:00,5.7549,5.7549,0,0,0,0,0,0
1989-04-24 15:00:00,5.7373,5.7373,0,0,0,0,0,0
1989-04-24 16:00:00,5.8662,5.8662,0,0,0,0,0,0
1989-04-24 17:00:00,5.9587,5.9587,0,0,0,0,0,0
1989-04-24 18:00:00,6.25,6.25,0,0,0,0,0,0
1989-04-24 19:00:00,6.966,6.966,0,0,0,0,0,0
1989-04-24 20:00:00,7.9346,7.9346,0,0,0,0,0,0
1989-04-24 21:00:00,8.4944,8.4944,0,0,0,0,0,0
1989-04-24 22:00:00,7.3901,7.3901,0,0,0,0,0,0
1989-04-24 23:00:00,6.9477,6.9477,0,0,0,0,0,0
1989-04-25 00:00:00,6.5236,6.5236,0,0,0,0,0,0
1989-04-25 01:00:00,6.7308,6.7308,0,0,0,0,0,0
1989-04-25 02:00:00,7.3739,7.3739,0,0,0,0,0,0
1989-04-25 03:00:00,8.1782,8.1782,0,0,0,0,0,0
1989-04-25 04:00:00,8.3496,8.3496,0,0,0,0,0,0
1989-04-25 05:00:00,8.4342,8.4342,0,0,0,0,0,0
1989-04-25 06:00:00,8.5718,8.5718,0,0,0,0,0,0
1989-04-25 07:00:00,9.3153,9.3153,0,0,0,0,0,0
1989-04-25 08:00:00,10.1217,10.1217,0,0,0,0,0,0
1989-04-25 09:00:00,11.1286,11.1286,0,0,0,0,0,0
1989-04-25 10:00:00,12.4948,12.4948,0,0,0,0,0,0
1989-04-25 11:00:00,13.0484,13.0484,0,0,0,0,0,0
1989-04-25 12:00:00,13.1772,13.1772,0,0,0,0,0,0
1989-04-25 13:00:00,13.206,13.206,0,0,0,0,0,0
1989-04-25 14:00:00,13.4526,13.4526,0,0,0,0,0,0
1989-04-25 15:00:00,14.1665,14.1665,0,0,0,0,0,0
1989-04-25 16:00:00,15.1715,15.1715,0,0,0,0,0,0
1989-04-25 17:00:00,16.314,16.314,0,0,0,0,0,0
1989-04-25 18:00:00,17.0348,17.0348,0,0,0,0,0,0
1989-04-25 19:00:00,17.1375,17.1375,0,0,0,0,0,0
1989-04-25 20:00:00,17.0906,17.0906,0,0,0,0,0,0
1989-04-25 21:00:00,16.6651,16.6651,0,0,0,0,0,0
1989-04-25 22:00:00,16.6982,16.6982,0,0,0,0,0,0
1989-04-25 23:00:00,17.7909,17.7909,0,0,0,0,0,0
1989-04-26 00:00:00,19.1738,19.1738,0,0,0,0,0,0
1989-04-26 01:00:00,19.8694,19.8694,0,0,0,0,0,0
1989-04-26 02:00:00,19.1968,19.1968,0,0,0,0,0,0
1989-04-26 03:00:00,16.9518,16.9518,0,0,0,0,0,0
1989-04-26 04:00:00,15.9811,15.9811,0,0,0,0,0,0
1989-04-26 05:00:00,18.0298,18.0298,0,0,0,0,0,0
1989-04-26 06:00:00,17.9528,17.9528,0,0,0,0,0,0
1989-04-26 07:00:00,16.5246,16.5246,0,0,0,0,0,0
1989-04-26 08:00:00,15.2176,15.2176,0,0,0,0,0,0
1989-04-26 09:00:00,15.4641,15.4641,0,0,0,0,0,0
1989-04-26 10:00:00,15.3265,15.3265,0,0,0,0,0,0
1989-04-26 11:00:00,15.025,15.025,0,0,0,0,0,0
1989-04-26 12:00:00,14.9372,14.9372,0,0,0,0,0,0
1989-04-26 13:00:00,14.4038,14.4038,0,0,0,0,0,0
1989-04-26 14:00:00,13.5036,13.5036,0,0,0,0,0,0
1989-04-26 15:00:00,12.5668,12.5668,0,0,0,0,0,0
1989-04-26 16:00:00,12.4136,12.4136,0,0,0,0,0,0
1989-04-26 17:00:00,12.1384,12.1384,0,0,0,0,0,0
1989-04-26 18:00:00,11.1368,11.1368,0,0,0,0,0,0
1989-04-26 19:00:00,10.9004,10.9004,0,0,0,0,0,0
1989-04-26 20:00:00,10.264,10.264,0,0,0,0,0,0
1989-04-26 21:00:00,8.6632,8.6632,0,0,0,0,0,0
1989-04-26 22:00:00,7.3765,7.3765,0,0,0,0,0,0
1989-04-26 23:00:00,6.2819,6.2819,0,0,0,0,0,0
1989-04-27 00:00:00,3.8721,3.8721,0,0,0,0,0,0
1989-04-27 01:00:00,2.231,2.231,0,0,0,0,0,0
1989-04-27 02:00:00,6.4582,6.4582,0,0,0,0,0,0
1989-04-27 03:00:00,9.0782,9.0782,0,0,0,0,0,0
1989-04-27 04:00:00,7.7047,7.7047,0,0,0,0,0,0
1989-04-27 05:00:00,5.7364,5.7364,0,0,0,0,0,0
1989-04-27 06:00:00,5.3857,5.3857,0,0,0,0,0,0
1989-04-27 07:00:00,5.9543,5.9543,0,0,0,0,0,0
1989-04-27 08:00:00,7.3273,7.3273,0,0,0,0,0,0
1989-04-27 09:00:00,9.1288,9.1288,0,0,0,0,0,0
1989-04-27 10:00:00,11.2546,11.2546,0,0,0,0,0,0
1989-04-27 11:00:00,11.9753,11.9753,0,0,0,0,0,0
1989-04-27 12:00:00,13.1777,13.1777,0,0,0,0,0,0
1989-04-27 13:00:00,14.5759,14.5759,0,0,0,0,0,0
1989-04-27 14:00:00,15.4092,15.4092,0,0,0,0,0,0
1989-04-27 15:00:00,15.813,15.813,0,0,0,0,0,0
1989-04-27 16:00:00,14.8806,14.8806,0,0,0,0,0,0
1989-04-27 17:00:00,13.4135,13.4135,0,0,0,0,0,0
1989-04-27 18:00:00,13.3118,13.3118,0,0,0,0,0,0
1989-04-27 19:00:00,13.3519,13.3519,0,0,0,0,0,0
1989-04-27 20:00:00,13.117,13.117,0,0,0,0,0,0
1989-04-27 21:00:00,13.0149,13.0149,0,0,0,0,0,0
1989-04-27 22:00:00,13.5178,13.5178,0,0,0,0,0,0
1989-04-27 23:00:00,13.9987,13.9987,0,0,0,0,0,0
1989-04-28 00:00:00,14.2863,14.2863,0,0,0,0,0,0
1989-04-28 01:00:00,14.5552,14.5552,0,0,0,0,0,0
1989-04-28 02:00:00,14.575,14.575,0,0,0,0,0,0
1989-04-28 03:00:00,14.2843,14.2843,0,0,0,0,0,0
1989-04-28 04:00:00,13.9033,13.9033,0,0,0,0,0,0
1989-04-28 05:00:00,13.3227,13.3227,0,0,0,0,0,0
1989-04-28 06:00:00,12.3089,12.3089,0,0,0,0,0,0
1989-04-28 07:00:00,11.5631,11.5631,0,0,0,0,0,0
1989-04-28 08:00:00,10.9203,10.9203,0,0,0,0,0,0
1989-04-28 09:00:00,10.5168,10.5168,0,0,0,0,0,0
1989-04-28 10:00:00,10.178,10.178,0,0,0,0,0,0
1989-04-28 11:00:00,10.535,10.535,0,0,0,0,0,0
1989-04-28 12:00:00,10.6322,10.6322,0,0,0,0,0,0
1989-04-28 13:00:00,10.0779,10.0779,0,0,0,0,0,0
1989-04-28 14:00:00,9.2187,9.2187,0,0,0,0,0,0
1989-04-28 15:00:00,8.1728,8.1728,0,0,0,0,0,0
1989-04-28 16:00:00,6.2627,6.2627,0,0,0,0,0,0
1989-04-28 17:00:00,5.0753,5.0753,0,0,0,0,0,0
1989-04-28 18:00:00,5.3334,5.3334,0,0,0,0,0,0
1989-04-28 19:00:00,7.6746,7.6746,0,0,0,0,0,0
1989-04-28 20:00:00,10.3025,10.3025,0,0,0,0,0,0
1989-04-28 21:00:00,11.5896,11.5896,0,0,0,0,0,0
1989-04-28 22:00:00,11.4245,11.4245,0,0,0,0,0,0
1989-04-28 23:00:00,10.716,10.716,0,0,0,0,0,0
1989-04-29 00:00:00,8.6945,8.6945,0,0,0,0,0,0
1989-04-29 01:00:00,6.3701,6.3701,0,0,0,0,0,0
1989-04-29 02:00:00,5.1827,5.1827,0,0,0,0,0,0
1989-04-29 03:00:00,6.4416,6.4416,0,0,0,0,0,0
1989-04-29 04:00:00,6.9583,6.9583,0,0,0,0,0,0
1989-04-29 05:00:00,7.1171,7.1171,0,0,0,0,0,0
1989-04-29 06:00:00,7.2376,7.2376,0,0,0,0,0,0
1989-04-29 07:00:00,7.6981,7.6981,0,0,0,0,0,0
1989-04-29 08:00:00,7.0566,7.0566,0,0,0,0,0,0
1989-04-29 09:00:00,6.8453,6.8453,0,0,0,0,0,0
1989-04-29 10:00:00,7.1585,7.1585,0,0,0,0,0,0
1989-04-29 11:00:00,8.098,8.098,0,0,0,0,0,0
1989-04-29 12:00:00,9.6284,9.6284,0,0,0,0,0,0
1989-04-29 13:00:00,10.1286,10.1286,0,0,0,0,0,0
1989-04-29 14:00:00,10.0018,10.0018,0,0,0,0,0,0
1989-04-29 15:00:00,10.0704,10.0704,0,0,0,0,0,0
1989-04-29 16:00:00,10.1828,10.1828,0,0,0,0,0,0
1989-04-29 17:00:00,9.4694,9.4694,0,0,0,0,0,0
1989-04-29 18:00:00,9.345,9.345,0,0,0,0,0,0
1989-04-29 19:00:00,10.0853,10.0853,0,0,0,0,0,0
1989-04-29 20:00:00,9.2574,9.2574,0,0,0,0,0,0
1989-04-29 21:00:00,7.4576,7.4576,0,0,0,0,0,0
1989-04-29 22:00:00,8.4792,8.4792,0,0,0,0,0,0
1989-04-29 23:00:00,10.1183,10.1183,0,0,0,0,0,0
1989-04-30 00:00:00,10.5879,10.5879,0,0,0,0,0,0
1989-04-30 01:00:00,11.0291,11.0291,0,0,0,0,0,0
1989-04-30 02:00:00,11.045,11.045,0,0,0,0,0,0
1989-04-30 03:00:00,10.7979,10.7979,0,0,0,0,0,0
1989-04-30 04:00:00,10.4077,10.4077,0,0,0,0,0,0
1989-04-30 05:00:00,10.1893,10.1893,0,0,0,0,0,0
1989-04-30 06:00:00,9.2685,9.2685,0,0,0,0,0,0
1989-04-30 07:00:00,9.0094,9.0094,0,0,0,0,0,0
1989-04-30 08:00:00,9.2278,9.2278,0,0,0,0,0,0
1989-04-30 09:00:00,9.7957,9.7957,0,0,0,0,0,0
1989-04-30 10:00:00,9.2978,9.2978,0,0,0,0,0,0
1989-04-30 11:00:00,9.5877,9.5877,0,0,0,0,0,0
1989-04-30 12:00:00,10.1284,10.1284,0,0,0,0,0,0
1989-04-30 13:00:00,10.3791,10.3791,0,0,0,0,0,0
1989-04-30 14:00:00,10.5123,10.5123,0,0,0,0,0,0
1989-04-30 15:00:00,10.5857,10.5857,0,0,0,0,0,0
1989-04-30 16:00:00,10.1044,10.1044,0,0,0,0,0,0
1989-04-30 17:00:00,9.66,9.66,0,0,0,0,0,0
1989-04-30 18:00:00,9.4559,9.4559,0,0,0,0,0,0
1989-04-30 19:00:00,9.8907,9.8907,0,0,0,0,0,0
1989-04-30 20:00:00,9.9971,9.9971,0,0,0,0,0,0
1989-04-30 21:00:00,10.2789,10.2789,0,0,0,0,0,0
1989-04-30 22:00:00,10.3649,10.3649,0,0,0,0,0,0
1989-04-30 23:00:00,10.9791,10.9791,0,0,0,0,0,0
1989-05-01 00:00:00,10.5228,10.5228,0,0,0,0,0,0
1989-05-01 01:00:00,9.8349,9.8349,0,0,0,0,0,0
1989-05-01 02:00:00,9.3736,9.3736,0,0,0,0,0,0
1989-05-01 03:00:00,9.1391,9.1391,0,0,0,0,0,0
1989-05-01 04:00:00,9.091,9.091,0,0,0,0,0,0
1989-05-01 05:00:00,9.1835,9.1835,0,0,0,0,0,0
1989-05-01 06:00:00,9.0387,9.0387,0,0,0,0,0,0
1989-05-01 07:00:00,8.9887,8.9887,0,0,0,0,0,0
1989-05-01 08:00:00,8.4795,8.4795,0,0,0,0,0,0
1989-05-01 09:00:00,8.3308,8.3308,0,0,0,0,0,0
1989-05-01 10:00:00,8.5506,8.5506,0,0,0,0,0,0
1989-05-01 11:00:00,8.8744,8.8744,0,0,0,0,0,0
1989-05-01 12:00:00,9.0474,9.0474,0,0,0,0,0,0
1989-05-01 13:00:00,9.1646,9.1646,0,0,0,0,0,0
1989-05-01 14:00:00,9.3476,9.3476,0,0,0,0,0,0
1989-05-01 15:00:00,9.4871,9.4871,0,0,0,0,0,0
1989-05-01 16:00:00,9.602,9.602,0,0,0,0,0,0
1989-05-01 17:00:00,9.5277,9.5277,0,0,0,0,0,0
1989-05-01 18:00:00,9.4184,9.4184,0,0,0,0,0,0
1989-05-01 19:00:00,9.3026,9.3026,0,0,0,0,0,0
1989-05-01 20:00:00,9.1151,9.1151,0,0,0,0,0,0
1989-05-01 21:00:00,8.8684,8.8684,0,0,0,0,0,0
1989-05-01 22:00:00,8.2871,8.2871,0,0,0,0,0,0
1989-05-01 23:00:00,8.4817,8.4817,0,0,0,0,0,0
1989-05-02 00:00:00,8.8633,8.8633,0,0,0,0,0,0
1989-05-02 01:00:00,8.6313,8.6313,0,0,0,0,0,0
1989-05-02 02:00:00,7.615,7.615,0,0,0,0,0,0
1989-05-02 03:00:00,6.4022,6.4022,0,0,0,0,0,0
1989-05-02 04:00:00,5.5112,5.5112,0,0,0,0,0,0
1989-05-02 05:00:00,4.8727,4.8727,0,0,0,0,0,0
1989-05-02 06:00:00,4.1418,4.1418,0,0,0,0,0,0
1989-05-02 07:00:00,3.8215,3.8215,0,0,0,0,0,0
1989-05-02 08:00:00,3.8448,3.8448,0,0,0,0,0,0
1989-05-02 09:00:00,4.54,4.54,0,0,0,0,0,0
1989-05-02 10:00:00,5.8668,5.8668,0,0,0,0,0,0
1989-05-02 11:00:00,7.719,7.719,0,0,0,0,0,0
1989-05-02 12:00:00,10.2138,10.2138,0,0,0,0,0,0
1989-05-02 13:00:00,11.2229,11.2229,0,0,0,0,0,0
1989-05-02 14:00:00,11.2559,11.2559,0,0,0,0,0,0
1989-05-02 15:00:00,11.2232,11.2232,0,0,0,0,0,0
1989-05-02 16:00:00,11.4422,11.4422,0,0,0,0,0,0
1989-05-02 17:00:00,10.9551,10.9551,0,0,0,0,0,0
1989-05-02 18:00:00,10.5767,10.5767,0,0,0,0,0,0
1989-05-02 19:00:00,10.348,10.348,0,0,0,0,0,0
1989-05-02 20:00:00,9.9958,9.9958,0,0,0,0,0,0
1989-05-02 21:00:00,9.2208,9.2208,0,0,0,0,0,0
1989-05-02 22:00:00,7.6992,7.6992,0,0,0,0,0,0
1989-05-02 23:00:00,7.3823,7.3823,0,0,0,0,0,0
1989-05-03 00:00:00,7.1599,7.1599,0,0,0,0,0,0
1989-05-03 01:00:00,7.1037,7.1037,0,0,0,0,0,0
1989-05-03 02:00:00,7.1594,7.1594,0,0,0,0,0,0
1989-05-03 03:00:00,7.3069,7.3069,0,0,0,0,0,0
1989-05-03 04:00:00,7.5184,7.5184,0,0,0,0,0,0
1989-05-03 05:00:00,7.3215,7.3215,0,0,0,0,0,0
1989-05-03 06:00:00,6.6708,6.6708,0,0,0,0,0,0
1989-05-03 07:00:00,6.3234,6.3234,0,0,0,0,0,0
1989-05-03 08:00:00,6.3317,6.3317,0,0,0,0,0,0
1989-05-03 09:00:00,6.5996,6.5996,0,0,0,0,0,0
1989-05-03 10:00:00,6.226,6.226,0,0,0,0,0,0
1989-05-03 11:00:00,5.6292,5.6292,0,0,0,0,0,0
1989-05-03 12:00:00,5.2697,5.2697,0,0,0,0,0,0
1989-05-03 13:00:00,5.4559,5.4559,0,0,0,0,0,0
1989-05-03 14:00:00,5.867,5.867,0,0,0,0,0,0
1989-05-03 15:00:00,6.2033,6.2033,0,0,0,0,0,0
1989-05-03 16:00:00,6.6224,6.6224,0,0,0,0,0,0
1989-05-03 17:00:00,6.9787,6.9787,0,0,0,0,0,0
1989-05-03 18:00:00,7.4028,7.4028,0,0,0,0,0,0
1989-05-03 19:00:00,7.4248,7.4248,0,0,0,0,0,0
1989-05-03 20:00:00,7.2006,7.2006,0,0,0,0,0,0
1989-05-03 21:00:00,6.6874,6.6874,0,0,0,0,0,0
1989-05-03 22:00:00,5.4804,5.4804,0,0,0,0,0,0
1989-05-03 23:00:00,5.5305,5.5305,0,0,0,0,0,0
1989-05-04 00:00:00,5.1715,5.1715,0,0,0,0,0,0
1989-05-04 01:00:00,5.1114,5.1114,0,0,0,0,0,0
1989-05-04 02:00:00,5.3681,5.3681,0,0,0,0,0,0
1989-05-04 03:00:00,5.582,5.582,0,0,0,0,0,0
1989-05-04 04:00:00,5.5601,5.5601,0,0,0,0,0,0
1989-05-04 05:00:00,5.4328,5.4328,0,0,0,0,0,0
1989-05-04 06:00:00,4.9008,4.9008,0,0,0,0,0,0
1989-05-04 07:00:00,4.239,4.239,0,0,0,0,0,0
1989-05-04 08:00:00,3.6082,3.6082,0,0,0,0,0,0
1989-05-04 09:00:00,2.7179,2.7179,0,0,0,0,0,0
1989-05-04 10:00:00,2.0469,2.0469,0,0,0,0,0,0
1989-05-04 11:00:00,2.1545,2.1545,0,0,0,0,0,0
1989-05-04 12:00:00,3.3107,3.3107,0,0,0,0,0,0
1989-05-04 13:00:00,4.7921,4.7921,0,0,0,0,0,0
1989-05-04 14:00:00,5.9318,5.9318,0,0,0,0,0,0
1989-05-04 15:00:00,5.8981,5.8981,0,0,0,0,0,0
1989-05-04 16:00:00,4.1466,4.1466,0,0,0,0,0,0
1989-05-04 17:00:00,3.6528,3.6528,0,0,0,0,0,0
1989-05-04 18:00:00,4.0813,4.0813,0,0,0,0,0,0
1989-05-04 19:00:00,3.9789,3.9789,0,0,0,0,0,0
1989-05-04 20:00:00,3.2237,3.2237,0,0,0,0,0,0
1989-05-04 21:00:00,1.8533,1.8533,0,0,0,0,0,0
1989-05-04 22:00:00,1.404,1.404,0,0,0,0,0,0
1989-05-04 23:00:00,1.6498,1.6498,0,0,0,0,0,0
1989-05-05 00:00:00,2.6858,2.6858,0,0,0,0,0,0
1989-05-05 01:00:00,3.4312,3.4312,0,0,0,0,0,0
1989-05-05 02:00:00,4.2521,4.2521,0,0,0,0,0,0
1989-05-05 03:00:00,5.1743,5.1743,0,0,0,0,0,0
1989-05-05 04:00:00,5.8942,5.8942,0,0,0,0,0,0
1989-05-05 05:00:00,6.5654,6.5654,0,0,0,0,0,0
1989-05-05 06:00:00,6.9197,6.9197,0,0,0,0,0,0
1989-05-05 07:00:00,6.8713,6.8713,0,0,0,0,0,0
1989-05-05 08:00:00,7.188,7.188,0,0,0,0,0,0
1989-05-05 09:00:00,7.8302,7.8302,0,0,0,0,0,0
1989-05-05 10:00:00,8.484,8.484,0,0,0,0,0,0
1989-05-05 11:00:00,9.0049,9.0049,0,0,0,0,0,0
1989-05-05 12:00:00,10.1299,10.1299,0,0,0,0,0,0
1989-05-05 13:00:00,10.7023,10.7023,0,0,0,0,0,0
1989-05-05 14:00:00,11.073,11.073,0,0,0,0,0,0
1989-05-05 15:00:00,11.2568,11.2568,0,0,0,0,0,0
1989-05-05 16:00:00,11.2624,11.2624,0,0,0,0,0,0
1989-05-05 17:00:00,10.8866,10.8866,0,0,0,0,0,0
1989-05-05 18:00:00,10.2069,10.2069,0,0,0,0,0,0
1989-05-05 19:00:00,9.3746,9.3746,0,0,0,0,0,0
1989-05-05 20:00:00,8.6719,8.6719,0,0,0,0,0,0
1989-05-05 21:00:00,8.1944,8.1944,0,0,0,0,0,0
1989-05-05 22:00:00,7.4677,7.4677,0,0,0,0,0,0
1989-05-05 23:00:00,7.5737,7.5737,0,0,0,0,0,0
1989-05-06 00:00:00,7.5032,7.5032,0,0,0,0,0,0
1989-05-06 01:00:00,7.3348,7.3348,0,0,0,0,0,0
1989-05-06 02:00:00,6.9932,6.9932,0,0,0,0,0,0
1989-05-06 03:00:00,6.5264,6.5264,0,0,0,0,0,0
1989-05-06 04:00:00,6.0677,6.0677,0,0,0,0,0,0
1989-05-06 05:00:00,5.688,5.688,0,0,0,0,0,0
1989-05-06 06:00:00,5.3737,5.3737,0,0,0,0,0,0
1989-05-06 07:00:00,5.1163,5.1163,0,0,0,0,0,0
1989-05-06 08:00:00,5.1846,5.1846,0,0,0,0,0,0
1989-05-06 09:00:00,5.8053,5.8053,0,0,0,0,0,0
1989-05-06 10:00:00,6.5286,6.5286,0,0,0,0,0,0
1989-05-06 11:00:00,7.2866,7.2866,0,0,0,0,0,0
1989-05-06 12:00:00,8.1579,8.1579,0,0,0,0,0,0
1989-05-06 13:00:00,8.916,8.916,0,0,0,0,0,0
1989-05-06 14:00:00,9.4487,9.4487,0,0,0,0,0,0
1989-05-06 15:00:00,9.898,9.898,0,0,0,0,0,0
1989-05-06 16:00:00,10.2752,10.2752,0,0,0,0,0,0
1989-05-06 17:00:00,10.615,10.615,0,0,0,0,0,0
1989-05-06 18:00:00,10.4827,10.4827,0,0,0,0,0,0
1989-05-06 19:00:00,9.8256,9.8256,0,0,0,0,0,0
1989-05-06 20:00:00,8.9985,8.9985,0,0,0,0,0,0
1989-05-06 21:00:00,8.1439,8.1439,0,0,0,0,0,0
1989-05-06 22:00:00,7.6297,7.6297,0,0,0,0,0,0
1989-05-06 23:00:00,6.9006,6.9006,0,0,0,0,0,0
1989-05-07 00:00:00,6.3877,6.3877,0,0,0,0,0,0
1989-05-07 01:00:00,6.1503,6.1503,0,0,0,0,0,0
1989-05-07 02:00:00,5.9758,5.9758,0,0,0,0,0,0
1989-05-07 03:00:00,6.0044,6.0044,0,0,0,0,0,0
1989-05-07 04:00:00,6.2795,6.2795,0,0,0,0,0,0
1989-05-07 05:00:00,6.7635,6.7635,0,0,0,0,0,0
1989-05-07 06:00:00,6.9387,6.9387,0,0,0,0,0,0
1989-05-07 07:00:00,7.0596,7.0596,0,0,0,0,0,0
1989-05-07 08:00:00,6.6702,6.6702,0,0,0,0,0,0
1989-05-07 09:00:00,6.7294,6.7294,0,0,0,0,0,0
1989-05-07 10:00:00,6.3531,6.3531,0,0,0,0,0,0
1989-05-07 11:00:00,6.3419,6.3419,0,0,0,0,0,0
1989-05-07 12:00:00,6.3353,6.3353,0,0,0,0,0,0
1989-05-07 13:00:00,6.1057,6.1057,0,0,0,0,0,0
1989-05-07 14:00:00,5.5548,5.5548,0,0,0,0,0,0
1989-05-07 15:00:00,4.9536,4.9536,0,0,0,0,0,0
1989-05-07 16:00:00,4.3754,4.3754,0,0,0,0,0,0
1989-05-07 17:00:00,4.0759,4.0759,0,0,0,0,0,0
1989-05-07 18:00:00,3.8347,3.8347,0,0,0,0,0,0
1989-05-07 19:00:00,3.4733,3.4733,0,0,0,0,0,0
1989-05-07 20:00:00,2.3112,2.3112,0,0,0,0,0,0
1989-05-07 21:00:00,1.7364,1.7364,0,0,0,0,0,0
1989-05-07 22:00:00,4.0948,4.0948,0,0,0,0,0,0
1989-05-07 23:00:00,7.4388,7.4388,0,0,0,0,0,0
1989-05-08 00:00:00,8.5686,8.5686,0,0,0,0,0,0
1989-05-08 01:00:00,8.7767,8.7767,0,0,0,0,0,0
1989-05-08 02:00:00,8.4795,8.4795,0,0,0,0,0,0
1989-05-08 03:00:00,8.2398,8.2398,0,0,0,0,0,0
1989-05-08 04:00:00,8.2878,8.2878,0,0,0,0,0,0
1989-05-08 05:00:00,8.487,8.487,0,0,0,0,0,0
1989-05-08 06:00:00,8.5175,8.5175,0,0,0,0,0,0
1989-05-08 07:00:00,8.6279,8.6279,0,0,0,0,0,0
1989-05-08 08:00:00,8.9445,8.9445,0,0,0,0,0,0
1989-05-08 09:00:00,9.1402,9.1402,0,0,0,0,0,0
1989-05-08 10:00:00,8.6565,8.6565,0,0,0,0,0,0
1989-05-08 11:00:00,8.4739,8.4739,0,0,0,0,0,0
1989-05-08 12:00:00,8.3047,8.3047,0,0,0,0,0,0
1989-05-08 13:00:00,8.3561,8.3561,0,0,0,0,0,0
1989-05-08 14:00:00,8.6861,8.6861,0,0,0,0,0,0
1989-05-08 15:00:00,9.0233,9.0233,0,0,0,0,0,0
1989-05-08 16:00:00,9.3751,9.3751,0,0,0,0,0,0
1989-05-08 17:00:00,9.3998,9.3998,0,0,0,0,0,0
1989-05-08 18:00:00,9.1843,9.1843,0,0,0,0,0,0
1989-05-08 19:00:00,9.1573,9.1573,0,0,0,0,0,0
1989-05-08 20:00:00,9.06,9.06,0,0,0,0,0,0
1989-05-08 21:00:00,8.879,8.879,0,0,0,0,0,0
1989-05-08 22:00:00,8.226,8.226,0,0,0,0,0,0
1989-05-08 23:00:00,7.2963,7.2963,0,0,0,0,0,0
1989-05-09 00:00:00,6.6075,6.6075,0,0,0,0,0,0
1989-05-09 01:00:00,6.3831,6.3831,0,0,0,0,0,0
1989-05-09 02:00:00,6.1985,6.1985,0,0,0,0,0,0
1989-05-09 03:00:00,5.9924,5.9924,0,0,0,0,0,0
1989-05-09 04:00:00,5.9471,5.9471,0,0,0,0,0,0
1989-05-09 05:00:00,6.0539,6.0539,0,0,0,0,0,0
1989-05-09 06:00:00,5.9191,5.9191,0,0,0,0,0,0
1989-05-09 07:00:00,5.4076,5.4076,0,0,0,0,0,0
1989-05-09 08:00:00,5.5704,5.5704,0,0,0,0,0,0
1989-05-09 09:00:00,5.925,5.925,0,0,0,0,0,0
1989-05-09 10:00:00,6.0523,6.0523,0,0,0,0,0,0
1989-05-09 11:00:00,6.1054,6.1054,0,0,0,0,0,0
1989-05-09 12:00:00,6.4375,6.4375,0,0,0,0,0,0
1989-05-09 13:00:00,7.1347,7.1347,0,0,0,0,0,0
1989-05-09 14:00:00,7.8607,7.8607,0,0,0,0,0,0
1989-05-09 15:00:00,8.3249,8.3249,0,0,0,0,0,0
1989-05-09 16:00:00,8.298,8.298,0,0,0,0,0,0
1989-05-09 17:00:00,7.8359,7.8359,0,0,0,0,0,0
1989-05-09 18:00:00,7.1775,7.1775,0,0,0,0,0,0
1989-05-09 19:00:00,6.8019,6.8019,0,0,0,0,0,0
1989-05-09 20:00:00,6.8324,6.8324,0,0,0,0,0,0
1989-05-09 21:00:00,6.9456,6.9456,0,0,0,0,0,0
1989-05-09 22:00:00,6.9751,6.9751,0,0,0,0,0,0
1989-05-09 23:00:00,6.7908,6.7908,0,0,0,0,0,0
1989-05-10 00:00:00,6.4806,6.4806,0,0,0,0,0,0
1989-05-10 01:00:00,6.3834,6.3834,0,0,0,0,0,0
1989-05-10 02:00:00,6.3919,6.3919,0,0,0,0,0,0
1989-05-10 03:00:00,6.3168,6.3168,0,0,0,0,0,0
1989-05-10 04:00:00,6.5549,6.5549,0,0,0,0,0,0
1989-05-10 05:00:00,6.9306,6.9306,0,0,0,0,0,0
1989-05-10 06:00:00,7.3039,7.3039,0,0,0,0,0,0
1989-05-10 07:00:00,7.0321,7.0321,0,0,0,0,0,0
1989-05-10 08:00:00,7.44,7.44,0,0,0,0,0,0
1989-05-10 09:00:00,7.5099,7.5099,0,0,0,0,0,0
1989-05-10 10:00:00,7.342,7.342,0,0,0,0,0,0
1989-05-10 11:00:00,7.5184,7.5184,0,0,0,0,0,0
1989-05-10 12:00:00,8.0776,8.0776,0,0,0,0,0,0
1989-05-10 13:00:00,9.2455,9.2455,0,0,0,0,0,0
1989-05-10 14:00:00,8.9854,8.9854,0,0,0,0,0,0
1989-05-10 15:00:00,9.5622,9.5622,0,0,0,0,0,0
1989-05-10 16:00:00,10.2364,10.2364,0,0,0,0,0,0
1989-05-10 17:00:00,9.7859,9.7859,0,0,0,0,0,0
1989-05-10 18:00:00,9.567,9.567,0,0,0,0,0,0
1989-05-10 19:00:00,9.7016,9.7016,0,0,0,0,0,0
1989-05-10 20:00:00,9.7796,9.7796,0,0,0,0,0,0
1989-05-10 21:00:00,9.5632,9.5632,0,0,0,0,0,0
1989-05-10 22:00:00,8.848,8.848,0,0,0,0,0,0
1989-05-10 23:00:00,8.6702,8.6702,0,0,0,0,0,0
1989-05-11 00:00:00,8.6255,8.6255,0,0,0,0,0,0
1989-05-11 01:00:00,8.2643,8.2643,0,0,0,0,0,0
1989-05-11 02:00:00,8.3276,8.3276,0,0,0,0,0,0
1989-05-11 03:00:00,8.7712,8.7712,0,0,0,0,0,0
1989-05-11 04:00:00,8.043,8.043,0,0,0,0,0,0
1989-05-11 05:00:00,7.1072,7.1072,0,0,0,0,0,0
1989-05-11 06:00:00,8.008,8.008,0,0,0,0,0,0
1989-05-11 07:00:00,8.7811,8.7811,0,0,0,0,0,0
1989-05-11 08:00:00,9.3994,9.3994,0,0,0,0,0,0
1989-05-11 09:00:00,9.9831,9.9831,0,0,0,0,0,0
1989-05-11 10:00:00,9.4278,9.4278,0,0,0,0,0,0
1989-05-11 11:00:00,9.6697,9.6697,0,0,0,0,0,0
1989-05-11 12:00:00,9.9039,9.9039,0,0,0,0,0,0
1989-05-11 13:00:00,10.1404,10.1404,0,0,0,0,0,0
1989-05-11 14:00:00,10.5926,10.5926,0,0,0,0,0,0
1989-05-11 15:00:00,10.927,10.927,0,0,0,0,0,0
1989-05-11 16:00:00,10.9595,10.9595,0,0,0,0,0,0
1989-05-11 17:00:00,10.5072,10.5072,0,0,0,0,0,0
1989-05-11 18:00:00,9.9136,9.9136,0,0,0,0,0,0
1989-05-11 19:00:00,9.7568,9.7568,0,0,0,0,0,0
1989-05-11 20:00:00,10.0177,10.0177,0,0,0,0,0,0
1989-05-11 21:00:00,10.5885,10.5885,0,0,0,0,0,0
1989-05-11 22:00:00,10.6736,10.6736,0,0,0,0,0,0
1989-05-11 23:00:00,11.1403,11.1403,0,0,0,0,0,0
1989-05-12 00:00:00,11.3168,11.3168,0,0,0,0,0,0
1989-05-12 01:00:00,11.4766,11.4766,0,0,0,0,0,0
1989-05-12 02:00:00,11.6472,11.6472,0,0,0,0,0,0
1989-05-12 03:00:00,11.8521,11.8521,0,0,0,0,0,0
1989-05-12 04:00:00,12.0498,12.0498,0,0,0,0,0,0
1989-05-12 05:00:00,12.3206,12.3206,0,0,0,0,0,0
1989-05-12 06:00:00,12.5667,12.5667,0,0,0,0,0,0
1989-05-12 07:00:00,12.6649,12.6649,0,0,0,0,0,0
1989-05-12 08:00:00,12.9435,12.9435,0,0,0,0,0,0
1989-05-12 09:00:00,13.0636,13.0636,0,0,0,0,0,0
1989-05-12 10:00:00,12.3437,12.3437,0,0,0,0,0,0
1989-05-12 11:00:00,12.4305,12.4305,0,0,0,0,0,0
1989-05-12 12:00:00,12.5274,12.5274,0,0,0,0,0,0
1989-05-12 13:00:00,12.5868,12.5868,0,0,0,0,0,0
1989-05-12 14:00:00,13.0462,13.0462,0,0,0,0,0,0
1989-05-12 15:00:00,13.4184,13.4184,0,0,0,0,0,0
1989-05-12 16:00:00,13.3305,13.3305,0,0,0,0,0,0
1989-05-12 17:00:00,13.5585,13.5585,0,0,0,0,0,0
1989-05-12 18:00:00,14.2629,14.2629,0,0,0,0,0,0
1989-05-12 19:00:00,14.4563,14.4563,0,0,0,0,0,0
1989-05-12 20:00:00,13.9428,13.9428,0,0,0,0,0,0
1989-05-12 21:00:00,14.2145,14.2145,0,0,0,0,0,0
1989-05-12 22:00:00,12.7318,12.7318,0,0,0,0,0,0
1989-05-12 23:00:00,11.1472,11.1472,0,0,0,0,0,0
1989-05-13 00:00:00,10.2954,10.2954,0,0,0,0,0,0
1989-05-13 01:00:00,10.9139,10.9139,0,0,0,0,0,0
1989-05-13 02:00:00,12.6995,12.6995,0,0,0,0,0,0
1989-05-13 03:00:00,13.2878,13.2878,0,0,0,0,0,0
1989-05-13 04:00:00,9.8288,9.8288,0,0,0,0,0,0
1989-05-13 05:00:00,5.9995,5.9995,0,0,0,0,0,0
1989-05-13 06:00:00,5.0391,5.0391,0,0,0,0,0,0
1989-05-13 07:00:00,1.3496,1.3496,0,0,0,0,0,0
1989-05-13 08:00:00,6.3871,6.3871,0,0,0,0,0,0
1989-05-13 09:00:00,9.1616,9.1616,0,0,0,0,0,0
1989-05-13 10:00:00,9.5048,9.5048,0,0,0,0,0,0
1989-05-13 11:00:00,10.8988,10.8988,0,0,0,0,0,0
1989-05-13 12:00:00,12.8208,12.8208,0,0,0,0,0,0
1989-05-13 13:00:00,13.2949,13.2949,0,0,0,0,0,0
1989-05-13 14:00:00,13.2225,13.2225,0,0,0,0,0,0
1989-05-13 15:00:00,12.9683,12.9683,0,0,0,0,0,0
1989-05-13 16:00:00,12.6657,12.6657,0,0,0,0,0,0
1989-05-13 17:00:00,12.4983,12.4983,0,0,0,0,0,0
1989-05-13 18:00:00,12.4704,12.4704,0,0,0,0,0,0
1989-05-13 19:00:00,12.9846,12.9846,0,0,0,0,0,0
1989-05-13 20:00:00,11.9764,11.9764,0,0,0,0,0,0
1989-05-13 21:00:00,10.3313,10.3313,0,0,0,0,0,0
1989-05-13 22:00:00,11.0577,11.0577,0,0,0,0,0,0
1989-05-13 23:00:00,10.8837,10.8837,0,0,0,0,0,0
1989-05-14 00:00:00,10.1064,10.1064,0,0,0,0,0,0
1989-05-14 01:00:00,9.4684,9.4684,0,0,0,0,0,0
1989-05-14 02:00:00,9.3455,9.3455,0,0,0,0,0,0
1989-05-14 03:00:00,9.1148,9.1148,0,0,0,0,0,0
1989-05-14 04:00:00,8.8677,8.8677,0,0,0,0,0,0
1989-05-14 05:00:00,8.6769,8.6769,0,0,0,0,0,0
1989-05-14 06:00:00,8.6446,8.6446,0,0,0,0,0,0
1989-05-14 07:00:00,8.32,8.32,0,0,0,0,0,0
1989-05-14 08:00:00,7.6273,7.6273,0,0,0,0,0,0
1989-05-14 09:00:00,8.1906,8.1906,0,0,0,0,0,0
1989-05-14 10:00:00,11.372,11.372,0,0,0,0,0,0
1989-05-14 11:00:00,13.8793,13.8793,0,0,0,0,0,0
1989-05-14 12:00:00,15.1435,15.1435,0,0,0,0,0,0
1989-05-14 13:00:00,15.2259,15.2259,0,0,0,0,0,0
1989-05-14 14:00:00,14.3456,14.3456,0,0,0,0,0,0
1989-05-14 15:00:00,12.8885,12.8885,0,0,0,0,0,0
1989-05-14 16:00:00,13.0541,13.0541,0,0,0,0,0,0
1989-05-14 17:00:00,13.3127,13.3127,0,0,0,0,0,0
1989-05-14 18:00:00,12.4436,12.4436,0,0,0,0,0,0
1989-05-14 19:00:00,11.2587,11.2587,0,0,0,0,0,0
1989-05-14 20:00:00,10.6997,10.6997,0,0,0,0,0,0
1989-05-14 21:00:00,11.3401,11.3401,0,0,0,0,0,0
1989-05-14 22:00:00,12.0696,12.0696,0,0,0,0,0,0
1989-05-14 23:00:00,11.3682,11.3682,0,0,0,0,0,0
1989-05-15 00:00:00,11.259,11.259,0,0,0,0,0,0
1989-05-15 01:00:00,11.5132,11.5132,0,0,0,0,0,0
1989-05-15 02:00:00,11.5164,11.5164,0,0,0,0,0,0
1989-05-15 03:00:00,11.4883,11.4883,0,0,0,0,0,0
1989-05-15 04:00:00,11.5315,11.5315,0,0,0,0,0,0
1989-05-15 05:00:00,11.511,11.511,0,0,0,0,0,0
1989-05-15 06:00:00,10.9861,10.9861,0,0,0,0,0,0
1989-05-15 07:00:00,10.1786,10.1786,0,0,0,0,0,0
1989-05-15 08:00:00,9.5014,9.5014,0,0,0,0,0,0
1989-05-15 09:00:00,9.5184,9.5184,0,0,0,0,0,0
1989-05-15 10:00:00,9.6672,9.6672,0,0,0,0,0,0
1989-05-15 11:00:00,10.6748,10.6748,0,0,0,0,0,0
1989-05-15 12:00:00,11.6962,11.6962,0,0,0,0,0,0
1989-05-15 13:00:00,12.0764,12.0764,0,0,0,0,0,0
1989-05-15 14:00:00,12.1427,12.1427,0,0,0,0,0,0
1989-05-15 15:00:00,12.0334,12.0334,0,0,0,0,0,0
1989-05-15 16:00:00,11.9465,11.9465,0,0,0,0,0,0
1989-05-15 17:00:00,11.9465,11.9465,0,0,0,0,0,0
1989-05-15 18:00:00,12.044,12.044,0,0,0,0,0,0
1989-05-15 19:00:00,11.8674,11.8674,0,0,0,0,0,0
1989-05-15 20:00:00,11.1619,11.1619,0,0,0,0,0,0
1989-05-15 21:00:00,10.1182,10.1182,0,0,0,0,0,0
1989-05-15 22:00:00,9.32,9.32,0,0,0,0,0,0
1989-05-15 23:00:00,8.449,8.449,0,0,0,0,0,0
1989-05-16 00:00:00,7.7986,7.7986,0,0,0,0,0,0
1989-05-16 01:00:00,7.59,7.59,0,0,0,0,0,0
1989-05-16 02:00:00,7.4312,7.4312,0,0,0,0,0,0
1989-05-16 03:00:00,7.0687,7.0687,0,0,0,0,0,0
1989-05-16 04:00:00,7.0933,7.0933,0,0,0,0,0,0
1989-05-16 05:00:00,6.9991,6.9991,0,0,0,0,0,0
1989-05-16 06:00:00,6.6325,6.6325,0,0,0,0,0,0
1989-05-16 07:00:00,5.9165,5.9165,0,0,0,0,0,0
1989-05-16 08:00:00,5.735,5.735,0,0,0,0,0,0
1989-05-16 09:00:00,6.1168,6.1168,0,0,0,0,0,0
1989-05-16 10:00:00,6.6885,6.6885,0,0,0,0,0,0
1989-05-16 11:00:00,7.1589,7.1589,0,0,0,0,0,0
1989-05-16 12:00:00,7.9967,7.9967,0,0,0,0,0,0
1989-05-16 13:00:00,9.7276,9.7276,0,0,0,0,0,0
1989-05-16 14:00:00,11.372,11.372,0,0,0,0,0,0
1989-05-16 15:00:00,12.3339,12.3339,0,0,0,0,0,0
1989-05-16 16:00:00,12.3483,12.3483,0,0,0,0,0,0
1989-05-16 17:00:00,11.7869,11.7869,0,0,0,0,0,0
1989-05-16 18:00:00,11.3203,11.3203,0,0,0,0,0,0
1989-05-16 19:00:00,10.6946,10.6946,0,0,0,0,0,0
1989-05-16 20:00:00,9.1583,9.1583,0,0,0,0,0,0
1989-05-16 21:00:00,7.7859,7.7859,0,0,0,0,0,0
1989-05-16 22:00:00,6.8703,6.8703,0,0,0,0,0,0
1989-05-16 23:00:00,6.5368,6.5368,0,0,0,0,0,0
1989-05-17 00:00:00,6.618,6.618,0,0,0,0,0,0
1989-05-17 01:00:00,7.5124,7.5124,0,0,0,0,0,0
1989-05-17 02:00:00,8.1545,8.1545,0,0,0,0,0,0
1989-05-17 03:00:00,7.8909,7.8909,0,0,0,0,0,0
1989-05-17 04:00:00,7.2865,7.2865,0,0,0,0,0,0
1989-05-17 05:00:00,7.2006,7.2006,0,0,0,0,0,0
1989-05-17 06:00:00,6.7691,6.7691,0,0,0,0,0,0
1989-05-17 07:00:00,6.3425,6.3425,0,0,0,0,0,0
1989-05-17 08:00:00,5.7877,5.7877,0,0,0,0,0,0
1989-05-17 09:00:00,5.1362,5.1362,0,0,0,0,0,0
1989-05-17 10:00:00,5.6011,5.6011,0,0,0,0,0,0
1989-05-17 11:00:00,6.4794,6.4794,0,0,0,0,0,0
1989-05-17 12:00:00,7.815,7.815,0,0,0,0,0,0
1989-05-17 13:00:00,8.1972,8.1972,0,0,0,0,0,0
1989-05-17 14:00:00,8.4144,8.4144,0,0,0,0,0,0
1989-05-17 15:00:00,8.8042,8.8042,0,0,0,0,0,0
1989-05-17 16:00:00,9.2769,9.2769,0,0,0,0,0,0
1989-05-17 17:00:00,9.1333,9.1333,0,0,0,0,0,0
1989-05-17 18:00:00,8.5738,8.5738,0,0,0,0,0,0
1989-05-17 19:00:00,7.6883,7.6883,0,0,0,0,0,0
1989-05-17 20:00:00,6.3408,6.3408,0,0,0,0,0,0
1989-05-17 21:00:00,5.0406,5.0406,0,0,0,0,0,0
1989-05-17 22:00:00,4.7333,4.7333,0,0,0,0,0,0
1989-05-17 23:00:00,4.4209,4.4209,0,0,0,0,0,0
1989-05-18 00:00:00,3.6459,3.6459,0,0,0,0,0,0
1989-05-18 01:00:00,3.1985,3.1985,0,0,0,0,0,0
1989-05-18 02:00:00,2.8186,2.8186,0,0,0,0,0,0
1989-05-18 03:00:00,2.0655,2.0655,0,0,0,0,0,0
1989-05-18 04:00:00,1.4776,1.4776,0,0,0,0,0,0
1989-05-18 05:00:00,2.7066,2.7066,0,0,0,0,0,0
1989-05-18 06:00:00,3.6321,3.6321,0,0,0,0,0,0
1989-05-18 07:00:00,3.9764,3.9764,0,0,0,0,0,0
1989-05-18 08:00:00,4.7305,4.7305,0,0,0,0,0,0
1989-05-18 09:00:00,5.4513,5.4513,0,0,0,0,0,0
1989-05-18 10:00:00,5.0928,5.0928,0,0,0,0,0,0
1989-05-18 11:00:00,4.6335,4.6335,0,0,0,0,0,0
1989-05-18 12:00:00,4.3623,4.3623,0,0,0,0,0,0
1989-05-18 13:00:00,4.675,4.675,0,0,0,0,0,0
1989-05-18 14:00:00,5.3378,5.3378,0,0,0,0,0,0
1989-05-18 15:00:00,6.366,6.366,0,0,0,0,0,0
1989-05-18 16:00:00,6.9289,6.9289,0,0,0,0,0,0
1989-05-18 17:00:00,7.153,7.153,0,0,0,0,0,0
1989-05-18 18:00:00,7.1561,7.1561,0,0,0,0,0,0
1989-05-18 19:00:00,6.7812,6.7812,0,0,0,0,0,0
1989-05-18 20:00:00,6.3921,6.3921,0,0,0,0,0,0
1989-05-18 21:00:00,6.1145,6.1145,0,0,0,0,0,0
1989-05-18 22:00:00,6.1563,6.1563,0,0,0,0,0,0
1989-05-18 23:00:00,6.3453,6.3453,0,0,0,0,0,0
1989-05-19 00:00:00,6.3593,6.3593,0,0,0,0,0,0
1989-05-19 01:00:00,5.5478,5.5478,0,0,0,0,0,0
1989-05-19 02:00:00,4.6291,4.6291,0,0,0,0,0,0
1989-05-19 03:00:00,3.968,3.968,0,0,0,0,0,0
1989-05-19 04:00:00,3.4104,3.4104,0,0,0,0,0,0
1989-05-19 05:00:00,3.1185,3.1185,0,0,0,0,0,0
1989-05-19 06:00:00,3.1208,3.1208,0,0,0,0,0,0
1989-05-19 07:00:00,2.8447,2.8447,0,0,0,0,0,0
1989-05-19 08:00:00,2.721,2.721,0,0,0,0,0,0
1989-05-19 09:00:00,3.4936,3.4936,0,0,0,0,0,0
1989-05-19 10:00:00,4.6704,4.6704,0,0,0,0,0,0
1989-05-19 11:00:00,5.7177,5.7177,0,0,0,0,0,0
1989-05-19 12:00:00,7.1,7.1,0,0,0,0,0,0
1989-05-19 13:00:00,8.1024,8.1024,0,0,0,0,0,0
1989-05-19 14:00:00,8.7997,8.7997,0,0,0,0,0,0
1989-05-19 15:00:00,9.2129,9.2129,0,0,0,0,0,0
1989-05-19 16:00:00,8.9631,8.9631,0,0,0,0,0,0
1989-05-19 17:00:00,8.6334,8.6334,0,0,0,0,0,0
1989-05-19 18:00:00,8.1741,8.1741,0,0,0,0,0,0
1989-05-19 19:00:00,7.5963,7.5963,0,0,0,0,0,0
1989-05-19 20:00:00,6.8879,6.8879,0,0,0,0,0,0
1989-05-19 21:00:00,6.0223,6.0223,0,0,0,0,0,0
1989-05-19 22:00:00,5.3989,5.3989,0,0,0,0,0,0
1989-05-19 23:00:00,4.593,4.593,0,0,0,0,0,0
1989-05-20 00:00:00,4.015,4.015,0,0,0,0,0,0
1989-05-20 01:00:00,3.5189,3.5189,0,0,0,0,0,0
1989-05-20 02:00:00,3.0637,3.0637,0,0,0,0,0,0
1989-05-20 03:00:00,2.7163,2.7163,0,0,0,0,0,0
1989-05-20 04:00:00,2.609,2.609,0,0,0,0,0,0
1989-05-20 05:00:00,2.84,2.84,0,0,0,0,0,0
1989-05-20 06:00:00,2.8798,2.8798,0,0,0,0,0,0
1989-05-20 07:00:00,2.8117,2.8117,0,0,0,0,0,0
1989-05-20 08:00:00,2.8569,2.8569,0,0,0,0,0,0
1989-05-20 09:00:00,3.305,3.305,0,0,0,0,0,0
1989-05-20 10:00:00,3.8544,3.8544,0,0,0,0,0,0
1989-05-20 11:00:00,4.5885,4.5885,0,0,0,0,0,0
1989-05-20 12:00:00,6.2754,6.2754,0,0,0,0,0,0
1989-05-20 13:00:00,7.586,7.586,0,0,0,0,0,0
1989-05-20 14:00:00,8.0141,8.0141,0,0,0,0,0,0
1989-05-20 15:00:00,7.7467,7.7467,0,0,0,0,0,0
1989-05-20 16:00:00,7.4299,7.4299,0,0,0,0,0,0
1989-05-20 17:00:00,7.146,7.146,0,0,0,0,0,0
1989-05-20 18:00:00,6.8991,6.8991,0,0,0,0,0,0
1989-05-20 19:00:00,6.5303,6.5303,0,0,0,0,0,0
1989-05-20 20:00:00,5.8349,5.8349,0,0,0,0,0,0
1989-05-20 21:00:00,5.0586,5.0586,0,0,0,0,0,0
1989-05-20 22:00:00,4.1909,4.1909,0,0,0,0,0,0
1989-05-20 23:00:00,3.2546,3.2546,0,0,0,0,0,0
1989-05-21 00:00:00,2.382,2.382,0,0,0,0,0,0
1989-05-21 01:00:00,2.0848,2.0848,0,0,0,0,0,0
1989-05-21 02:00:00,2.1572,2.1572,0,0,0,0,0,0
1989-05-21 03:00:00,2.1301,2.1301,0,0,0,0,0,0
1989-05-21 04:00:00,1.7551,1.7551,0,0,0,0,0,0
1989-05-21 05:00:00,1.2962,1.2962,0,0,0,0,0,0
1989-05-21 06:00:00,1.1062,1.1062,0,0,0,0,0,0
1989-05-21 07:00:00,0.8392,0.8392,0,0,0,0,0,0
1989-05-21 08:00:00,0.5251,0.5251,0,0,0,0,0,0
1989-05-21 09:00:00,0.7876,0.7876,0,0,0,0,0,0
1989-05-21 10:00:00,0.9505,0.9505,0,0,0,0,0,0
1989-05-21 11:00:00,1.4736,1.4736,0,0,0,0,0,0
1989-05-21 12:00:00,2.8542,2.8542,0,0,0,0,0,0
1989-05-21 13:00:00,4.4544,4.4544,0,0,0,0,0,0
1989-05-21 14:00:00,5.5234,5.5234,0,0,0,0,0,0
1989-05-21 15:00:00,5.9785,5.9785,0,0,0,0,0,0
1989-05-21 16:00:00,5.8202,5.8202,0,0,0,0,0,0
1989-05-21 17:00:00,5.4018,5.4018,0,0,0,0,0,0
1989-05-21 18:00:00,4.8567,4.8567,0,0,0,0,0,0
1989-05-21 19:00:00,4.5669,4.5669,0,0,0,0,0,0
1989-05-21 20:00:00,4.3302,4.3302,0,0,0,0,0,0
1989-05-21 21:00:00,3.6854,3.6854,0,0,0,0,0,0
1989-05-21 22:00:00,3.846,3.846,0,0,0,0,0,0
1989-05-21 23:00:00,3.8608,3.8608,0,0,0,0,0,0
1989-05-22 00:00:00,4.0482,4.0482,0,0,0,0,0,0
1989-05-22 01:00:00,3.4999,3.4999,0,0,0,0,0,0
1989-05-22 02:00:00,3.0089,3.0089,0,0,0,0,0,0
1989-05-22 03:00:00,2.2317,2.2317,0,0,0,0,0,0
1989-05-22 04:00:00,2.2119,2.2119,0,0,0,0,0,0
1989-05-22 05:00:00,2.2108,2.2108,0,0,0,0,0,0
1989-05-22 06:00:00,1.812,1.812,0,0,0,0,0,0
1989-05-22 07:00:00,1.6308,1.6308,0,0,0,0,0,0
1989-05-22 08:00:00,2.1415,2.1415,0,0,0,0,0,0
1989-05-22 09:00:00,2.9465,2.9465,0,0,0,0,0,0
1989-05-22 10:00:00,2.8835,2.8835,0,0,0,0,0,0
1989-05-22 11:00:00,3.853,3.853,0,0,0,0,0,0
1989-05-22 12:00:00,5.816,5.816,0,0,0,0,0,0
1989-05-22 13:00:00,6.7456,6.7456,0,0,0,0,0,0
1989-05-22 14:00:00,5.3096,5.3096,0,0,0,0,0,0
1989-05-22 15:00:00,3.5552,3.5552,0,0,0,0,0,0
1989-05-22 16:00:00,3.0324,3.0324,0,0,0,0,0,0
1989-05-22 17:00:00,4.3586,4.3586,0,0,0,0,0,0
1989-05-22 18:00:00,4.4536,4.4536,0,0,0,0,0,0
1989-05-22 19:00:00,3.8371,3.8371,0,0,0,0,0,0
1989-05-22 20:00:00,2.9644,2.9644,0,0,0,0,0,0
1989-05-22 21:00:00,1.9686,1.9686,0,0,0,0,0,0
1989-05-22 22:00:00,1.8515,1.8515,0,0,0,0,0,0
1989-05-22 23:00:00,2.7964,2.7964,0,0,0,0,0,0
1989-05-23 00:00:00,3.1847,3.1847,0,0,0,0,0,0
1989-05-23 01:00:00,3.6509,3.6509,0,0,0,0,0,0
1989-05-23 02:00:00,4.2804,4.2804,0,0,0,0,0,0
1989-05-23 03:00:00,4.5854,4.5854,0,0,0,0,0,0
1989-05-23 04:00:00,4.5721,4.5721,0,0,0,0,0,0
1989-05-23 05:00:00,4.6677,4.6677,0,0,0,0,0,0
1989-05-23 06:00:00,4.4449,4.4449,0,0,0,0,0,0
1989-05-23 07:00:00,3.3635,3.3635,0,0,0,0,0,0
1989-05-23 08:00:00,2.7027,2.7027,0,0,0,0,0,0
1989-05-23 09:00:00,3.1514,3.1514,0,0,0,0,0,0
1989-05-23 10:00:00,2.6539,2.6539,0,0,0,0,0,0
1989-05-23 11:00:00,3.0877,3.0877,0,0,0,0,0,0
1989-05-23 12:00:00,3.4823,3.4823,0,0,0,0,0,0
1989-05-23 13:00:00,4.681,4.681,0,0,0,0,0,0
1989-05-23 14:00:00,6.4564,6.4564,0,0,0,0,0,0
1989-05-23 15:00:00,7.5937,7.5937,0,0,0,0,0,0
1989-05-23 16:00:00,7.5844,7.5844,0,0,0,0,0,0
1989-05-23 17:00:00,7.2388,7.2388,0,0,0,0,0,0
1989-05-23 18:00:00,6.7307,6.7307,0,0,0,0,0,0
1989-05-23 19:00:00,7.1302,7.1302,0,0,0,0,0,0
1989-05-23 20:00:00,8.4903,8.4903,0,0,0,0,0,0
1989-05-23 21:00:00,9.6078,9.6078,0,0,0,0,0,0
1989-05-23 22:00:00,9.4948,9.4948,0,0,0,0,0,0
1989-05-23 23:00:00,9.2573,9.2573,0,0,0,0,0,0
1989-05-24 00:00:00,9.1317,9.1317,0,0,0,0,0,0
1989-05-24 01:00:00,9.548,9.548,0,0,0,0,0,0
1989-05-24 02:00:00,10.7382,10.7382,0,0,0,0,0,0
1989-05-24 03:00:00,11.453,11.453,0,0,0,0,0,0
1989-05-24 04:00:00,11.7123,11.7123,0,0,0,0,0,0
1989-05-24 05:00:00,12.5571,12.5571,0,0,0,0,0,0
1989-05-24 06:00:00,13.1129,13.1129,0,0,0,0,0,0
1989-05-24 07:00:00,12.6521,12.6521,0,0,0,0,0,0
1989-05-24 08:00:00,12.1927,12.1927,0,0,0,0,0,0
1989-05-24 09:00:00,12.6743,12.6743,0,0,0,0,0,0
1989-05-24 10:00:00,11.9223,11.9223,0,0,0,0,0,0
1989-05-24 11:00:00,12.0838,12.0838,0,0,0,0,0,0
1989-05-24 12:00:00,12.621,12.621,0,0,0,0,0,0
1989-05-24 13:00:00,13.4904,13.4904,0,0,0,0,0,0
1989-05-24 14:00:00,14.457,14.457,0,0,0,0,0,0
1989-05-24 15:00:00,15.2381,15.2381,0,0,0,0,0,0
1989-05-24 16:00:00,15.3302,15.3302,0,0,0,0,0,0
1989-05-24 17:00:00,14.8858,14.8858,0,0,0,0,0,0
1989-05-24 18:00:00,14.3916,14.3916,0,0,0,0,0,0
1989-05-24 19:00:00,14.5234,14.5234,0,0,0,0,0,0
1989-05-24 20:00:00,14.5478,14.5478,0,0,0,0,0,0
1989-05-24 21:00:00,14.3122,14.3122,0,0,0,0,0,0
1989-05-24 22:00:00,13.0728,13.0728,0,0,0,0,0,0
1989-05-24 23:00:00,13.1217,13.1217,0,0,0,0,0,0
1989-05-25 00:00:00,12.8969,12.8969,0,0,0,0,0,0
1989-05-25 01:00:00,12.9349,12.9349,0,0,0,0,0,0
1989-05-25 02:00:00,13.1983,13.1983,0,0,0,0,0,0
1989-05-25 03:00:00,13.5425,13.5425,0,0,0,0,0,0
1989-05-25 04:00:00,14.1931,14.1931,0,0,0,0,0,0
1989-05-25 05:00:00,14.2564,14.2564,0,0,0,0,0,0
1989-05-25 06:00:00,13.8558,13.8558,0,0,0,0,0,0
1989-05-25 07:00:00,13.6174,13.6174,0,0,0,0,0,0
1989-05-25 08:00:00,14.1123,14.1123,0,0,0,0,0,0
1989-05-25 09:00:00,14.286,14.286,0,0,0,0,0,0
1989-05-25 10:00:00,12.8178,12.8178,0,0,0,0,0,0
1989-05-25 11:00:00,13.2682,13.2682,0,0,0,0,0,0
1989-05-25 12:00:00,14.139,14.139,0,0,0,0,0,0
1989-05-25 13:00:00,14.3873,14.3873,0,0,0,0,0,0
1989-05-25 14:00:00,14.0605,14.0605,0,0,0,0,0,0
1989-05-25 15:00:00,13.5448,13.5448,0,0,0,0,0,0
1989-05-25 16:00:00,13.5338,13.5338,0,0,0,0,0,0
1989-05-25 17:00:00,13.5061,13.5061,0,0,0,0,0,0
1989-05-25 18:00:00,13.3481,13.3481,0,0,0,0,0,0
1989-05-25 19:00:00,12.5719,12.5719,0,0,0,0,0,0
1989-05-25 20:00:00,11.6391,11.6391,0,0,0,0,0,0
1989-05-25 21:00:00,10.5636,10.5636,0,0,0,0,0,0
1989-05-25 22:00:00,8.4855,8.4855,0,0,0,0,0,0
1989-05-25 23:00:00,8.0098,8.0098,0,0,0,0,0,0
1989-05-26 00:00:00,7.6704,7.6704,0,0,0,0,0,0
1989-05-26 01:00:00,7.2549,7.2549,0,0,0,0,0,0
1989-05-26 02:00:00,6.9962,6.9962,0,0,0,0,0,0
1989-05-26 03:00:00,6.8039,6.8039,0,0,0,0,0,0
1989-05-26 04:00:00,6.6301,6.6301,0,0,0,0,0,0
1989-05-26 05:00:00,6.4002,6.4002,0,0,0,0,0,0
1989-05-26 06:00:00,6.1644,6.1644,0,0,0,0,0,0
1989-05-26 07:00:00,5.9962,5.9962,0,0,0,0,0,0
1989-05-26 08:00:00,5.5855,5.5855,0,0,0,0,0,0
1989-05-26 09:00:00,4.7797,4.7797,0,0,0,0,0,0
1989-05-26 10:00:00,3.4371,3.4371,0,0,0,0,0,0
1989-05-26 11:00:00,2.8989,2.8989,0,0,0,0,0,0
1989-05-26 12:00:00,3.7645,3.7645,0,0,0,0,0,0
1989-05-26 13:00:00,4.4828,4.4828,0,0,0,0,0,0
1989-05-26 14:00:00,4.2121,4.2121,0,0,0,0,0,0
1989-05-26 15:00:00,3.6813,3.6813,0,0,0,0,0,0
1989-05-26 16:00:00,2.7535,2.7535,0,0,0,0,0,0
1989-05-26 17:00:00,3.6313,3.6313,0,0,0,0,0,0
1989-05-26 18:00:00,4.422,4.422,0,0,0,0,0,0
1989-05-26 19:00:00,4.0518,4.0518,0,0,0,0,0,0
1989-05-26 20:00:00,3.0653,3.0653,0,0,0,0,0,0
1989-05-26 21:00:00,2.0234,2.0234,0,0,0,0,0,0
1989-05-26 22:00:00,1.4132,1.4132,0,0,0,0,0,0
1989-05-26 23:00:00,1.0996,1.0996,0,0,0,0,0,0
1989-05-27 00:00:00,0.9366,0.9366,0,0,0,0,0,0
1989-05-27 01:00:00,1.1461,1.1461,0,0,0,0,0,0
1989-05-27 02:00:00,1.2989,1.2989,0,0,0,0,0,0
1989-05-27 03:00:00,1.1008,1.1008,0,0,0,0,0,0
1989-05-27 04:00:00,1.4449,1.4449,0,0,0,0,0,0
1989-05-27 05:00:00,1.5606,1.5606,0,0,0,0,0,0
1989-05-27 06:00:00,1.6627,1.6627,0,0,0,0,0,0
1989-05-27 07:00:00,1.64,1.64,0,0,0,0,0,0
1989-05-27 08:00:00,1.0464,1.0464,0,0,0,0,0,0
1989-05-27 09:00:00,0.919,0.919,0,0,0,0,0,0
1989-05-27 10:00:00,1.182,1.182,0,0,0,0,0,0
1989-05-27 11:00:00,1.9943,1.9943,0,0,0,0,0,0
1989-05-27 12:00:00,3.2386,3.2386,0,0,0,0,0,0
1989-05-27 13:00:00,3.8745,3.8745,0,0,0,0,0,0
1989-05-27 14:00:00,3.7076,3.7076,0,0,0,0,0,0
1989-05-27 15:00:00,3.0328,3.0328,0,0,0,0,0,0
1989-05-27 16:00:00,2.3503,2.3503,0,0,0,0,0,0
1989-05-27 17:00:00,1.7161,1.7161,0,0,0,0,0,0
1989-05-27 18:00:00,1.1295,1.1295,0,0,0,0,0,0
1989-05-27 19:00:00,1.0073,1.0073,0,0,0,0,0,0
1989-05-27 20:00:00,0.895,0.895,0,0,0,0,0,0
1989-05-27 21:00:00,0.935,0.935,0,0,0,0,0,0
1989-05-27 22:00:00,1.1364,1.1364,0,0,0,0,0,0
1989-05-27 23:00:00,0.9083,0.9083,0,0,0,0,0,0
1989-05-28 00:00:00,0.7112,0.7112,0,0,0,0,0,0
1989-05-28 01:00:00,1.4079,1.4079,0,0,0,0,0,0
1989-05-28 02:00:00,1.7804,1.7804,0,0,0,0,0,0
1989-05-28 03:00:00,1.5383,1.5383,0,0,0,0,0,0
1989-05-28 04:00:00,1.4613,1.4613,0,0,0,0,0,0
1989-05-28 05:00:00,1.3516,1.3516,0,0,0,0,0,0
1989-05-28 06:00:00,1.1763,1.1763,0,0,0,0,0,0
1989-05-28 07:00:00,1.0185,1.0185,0,0,0,0,0,0
1989-05-28 08:00:00,0.7633,0.7633,0,0,0,0,0,0
1989-05-28 09:00:00,0.8842,0.8842,0,0,0,0,0,0
1989-05-28 10:00:00,1.758,1.758,0,0,0,0,0,0
1989-05-28 11:00:00,2.3743,2.3743,0,0,0,0,0,0
1989-05-28 12:00:00,2.3192,2.3192,0,0,0,0,0,0
1989-05-28 13:00:00,2.2286,2.2286,0,0,0,0,0,0
1989-05-28 14:00:00,2.3756,2.3756,0,0,0,0,0,0
1989-05-28 15:00:00,2.3978,2.3978,0,0,0,0,0,0
1989-05-28 16:00:00,2.0861,2.0861,0,0,0,0,0,0
1989-05-28 17:00:00,1.5914,1.5914,0,0,0,0,0,0
1989-05-28 18:00:00,0.8773,0.8773,0,0,0,0,0,0
1989-05-28 19:00:00,0.7879,0.7879,0,0,0,0,0,0
1989-05-28 20:00:00,1.1139,1.1139,0,0,0,0,0,0
1989-05-28 21:00:00,1.0448,1.0448,0,0,0,0,0,0
1989-05-28 22:00:00,0.6529,0.6529,0,0,0,0,0,0
1989-05-28 23:00:00,0.3487,0.3487,0,0,0,0,0,0
1989-05-29 00:00:00,0.5512,0.5512,0,0,0,0,0,0
1989-05-29 01:00:00,0.8554,0.8554,0,0,0,0,0,0
1989-05-29 02:00:00,0.9316,0.9316,0,0,0,0,0,0
1989-05-29 03:00:00,0.6764,0.6764,0,0,0,0,0,0
1989-05-29 04:00:00,1.2343,1.2343,0,0,0,0,0,0
1989-05-29 05:00:00,1.8747,1.8747,0,0,0,0,0,0
1989-05-29 06:00:00,1.9466,1.9466,0,0,0,0,0,0
1989-05-29 07:00:00,1.5724,1.5724,0,0,0,0,0,0
1989-05-29 08:00:00,1.3533,1.3533,0,0,0,0,0,0
1989-05-29 09:00:00,1.4538,1.4538,0,0,0,0,0,0
1989-05-29 10:00:00,2.4341,2.4341,0,0,0,0,0,0
1989-05-29 11:00:00,3.0052,3.0052,0,0,0,0,0,0
1989-05-29 12:00:00,3.6128,3.6128,0,0,0,0,0,0
1989-05-29 13:00:00,4.1026,4.1026,0,0,0,0,0,0
1989-05-29 14:00:00,4.4399,4.4399,0,0,0,0,0,0
1989-05-29 15:00:00,4.5193,4.5193,0,0,0,0,0,0
1989-05-29 16:00:00,4.2512,4.2512,0,0,0,0,0,0
1989-05-29 17:00:00,3.5631,3.5631,0,0,0,0,0,0
1989-05-29 18:00:00,3.3283,3.3283,0,0,0,0,0,0
1989-05-29 19:00:00,4.0473,4.0473,0,0,0,0,0,0
1989-05-29 20:00:00,4.8057,4.8057,0,0,0,0,0,0
1989-05-29 21:00:00,5.3179,5.3179,0,0,0,0,0,0
1989-05-29 22:00:00,5.721,5.721,0,0,0,0,0,0
1989-05-29 23:00:00,6.4445,6.4445,0,0,0,0,0,0
1989-05-30 00:00:00,6.9162,6.9162,0,0,0,0,0,0
1989-05-30 01:00:00,7.1961,7.1961,0,0,0,0,0,0
1989-05-30 02:00:00,7.6094,7.6094,0,0,0,0,0,0
1989-05-30 03:00:00,8.3072,8.3072,0,0,0,0,0,0
1989-05-30 04:00:00,9.0748,9.0748,0,0,0,0,0,0
1989-05-30 05:00:00,9.6581,9.6581,0,0,0,0,0,0
1989-05-30 06:00:00,9.8825,9.8825,0,0,0,0,0,0
1989-05-30 07:00:00,9.9948,9.9948,0,0,0,0,0,0
1989-05-30 08:00:00,10.4401,10.4401,0,0,0,0,0,0
1989-05-30 09:00:00,10.9042,10.9042,0,0,0,0,0,0
1989-05-30 10:00:00,10.8245,10.8245,0,0,0,0,0,0
1989-05-30 11:00:00,11.3755,11.3755,0,0,0,0,0,0
1989-05-30 12:00:00,11.3629,11.3629,0,0,0,0,0,0
1989-05-30 13:00:00,11.6021,11.6021,0,0,0,0,0,0
1989-05-30 14:00:00,12.2176,12.2176,0,0,0,0,0,0
1989-05-30 15:00:00,13.2327,13.2327,0,0,0,0,0,0
1989-05-30 16:00:00,14.0435,14.0435,0,0,0,0,0,0
1989-05-30 17:00:00,14.5859,14.5859,0,0,0,0,0,0
1989-05-30 18:00:00,14.4311,14.4311,0,0,0,0,0,0
1989-05-30 19:00:00,14.0958,14.0958,0,0,0,0,0,0
1989-05-30 20:00:00,13.6861,13.6861,0,0,0,0,0,0
1989-05-30 21:00:00,13.211,13.211,0,0,0,0,0,0
1989-05-30 22:00:00,12.7969,12.7969,0,0,0,0,0,0
1989-05-30 23:00:00,12.7382,12.7382,0,0,0,0,0,0
1989-05-31 00:00:00,12.5599,12.5599,0,0,0,0,0,0
1989-05-31 01:00:00,12.3175,12.3175,0,0,0,0,0,0
1989-05-31 02:00:00,10.8361,10.8361,0,0,0,0,0,0
1989-05-31 03:00:00,8.9449,8.9449,0,0,0,0,0,0
1989-05-31 04:00:00,7.3324,7.3324,0,0,0,0,0,0
1989-05-31 05:00:00,6.0594,6.0594,0,0,0,0,0,0
1989-05-31 06:00:00,4.2797,4.2797,0,0,0,0,0,0
1989-05-31 07:00:00,3.0505,3.0505,0,0,0,0,0,0
1989-05-31 08:00:00,1.7758,1.7758,0,0,0,0,0,0
1989-05-31 09:00:00,1.6112,1.6112,0,0,0,0,0,0
1989-05-31 10:00:00,7.0129,7.0129,0,0,0,0,0,0
1989-05-31 11:00:00,9.1109,9.1109,0,0,0,0,0,0
1989-05-31 12:00:00,10.0651,10.0651,0,0,0,0,0,0
1989-05-31 13:00:00,10.6602,10.6602,0,0,0,0,0,0
1989-05-31 14:00:00,10.8121,10.8121,0,0,0,0,0,0
1989-05-31 15:00:00,10.7015,10.7015,0,0,0,0,0,0
1989-05-31 16:00:00,9.7372,9.7372,0,0,0,0,0,0
1989-05-31 17:00:00,8.5762,8.5762,0,0,0,0,0,0
1989-05-31 18:00:00,7.9203,7.9203,0,0,0,0,0,0
1989-05-31 19:00:00,7.7105,7.7105,0,0,0,0,0,0
1989-05-31 20:00:00,7.8493,7.8493,0,0,0,0,0,0
1989-05-31 21:00:00,8.4916,8.4916,0,0,0,0,0,0
1989-05-31 22:00:00,11.0731,11.0731,0,0,0,0,0,0
1989-05-31 23:00:00,12.7201,12.7201,0,0,0,0,0,0
1989-06-01 00:00:00,13.2599,13.2599,0,0,0,0,0,0
1989-06-01 01:00:00,12.8211,12.8211,0,0,0,0,0,0
1989-06-01 02:00:00,12.4545,12.4545,0,0,0,0,0,0
1989-06-01 03:00:00,11.8501,11.8501,0,0,0,0,0,0
1989-06-01 04:00:00,11.4036,11.4036,0,0,0,0,0,0
1989-06-01 05:00:00,11.8931,11.8931,0,0,0,0,0,0
1989-06-01 06:00:00,12.3792,12.3792,0,0,0,0,0,0
1989-06-01 07:00:00,12.3146,12.3146,0,0,0,0,0,0
1989-06-01 08:00:00,11.8742,11.8742,0,0,0,0,0,0
1989-06-01 09:00:00,11.7357,11.7357,0,0,0,0,0,0
1989-06-01 10:00:00,11.8704,11.8704,0,0,0,0,0,0
1989-06-01 11:00:00,11.5411,11.5411,0,0,0,0,0,0
1989-06-01 12:00:00,10.9667,10.9667,0,0,0,0,0,0
1989-06-01 13:00:00,10.1915,10.1915,0,0,0,0,0,0
1989-06-01 14:00:00,9.7574,9.7574,0,0,0,0,0,0
1989-06-01 15:00:00,9.6729,9.6729,0,0,0,0,0,0
1989-06-01 16:00:00,9.7372,9.7372,0,0,0,0,0,0
1989-06-01 17:00:00,9.1687,9.1687,0,0,0,0,0,0
1989-06-01 18:00:00,8.7619,8.7619,0,0,0,0,0,0
1989-06-01 19:00:00,8.0395,8.0395,0,0,0,0,0,0
1989-06-01 20:00:00,7.2111,7.2111,0,0,0,0,0,0
1989-06-01 21:00:00,6.5698,6.5698,0,0,0,0,0,0
1989-06-01 22:00:00,6.5485,6.5485,0,0,0,0,0,0
1989-06-01 23:00:00,6.0539,6.0539,0,0,0,0,0,0
1989-06-02 00:00:00,6.1942,6.1942,0,0,0,0,0,0
1989-06-02 01:00:00,7.2751,7.2751,0,0,0,0,0,0
1989-06-02 02:00:00,7.8497,7.8497,0,0,0,0,0,0
1989-06-02 03:00:00,7.6242,7.6242,0,0,0,0,0,0
1989-06-02 04:00:00,7.0767,7.0767,0,0,0,0,0,0
1989-06-02 05:00:00,6.1347,6.1347,0,0,0,0,0,0
1989-06-02 06:00:00,5.0019,5.0019,0,0,0,0,0,0
1989-06-02 07:00:00,3.9696,3.9696,0,0,0,0,0,0
1989-06-02 08:00:00,3.984,3.984,0,0,0,0,0,0
1989-06-02 09:00:00,4.4553,4.4553,0,0,0,0,0,0
1989-06-02 10:00:00,4.6608,4.6608,0,0,0,0,0,0
1989-06-02 11:00:00,5.3767,5.3767,0,0,0,0,0,0
1989-06-02 12:00:00,5.8127,5.8127,0,0,0,0,0,0
1989-06-02 13:00:00,5.5279,5.5279,0,0,0,0,0,0
1989-06-02 14:00:00,5.0383,5.0383,0,0,0,0,0,0
1989-06-02 15:00:00,4.7079,4.7079,0,0,0,0,0,0
1989-06-02 16:00:00,4.8804,4.8804,0,0,0,0,0,0
1989-06-02 17:00:00,5.4044,5.4044,0,0,0,0,0,0
1989-06-02 18:00:00,5.0642,5.0642,0,0,0,0,0,0
1989-06-02 19:00:00,4.4711,4.4711,0,0,0,0,0,0
1989-06-02 20:00:00,4.6168,4.6168,0,0,0,0,0,0
1989-06-02 21:00:00,4.4295,4.4295,0,0,0,0,0,0
1989-06-02 22:00:00,3.48,3.48,0,0,0,0,0,0
1989-06-02 23:00:00,3.1423,3.1423,0,0,0,0,0,0
1989-06-03 00:00:00,3.2969,3.2969,0,0,0,0,0,0
1989-06-03 01:00:00,3.6743,3.6743,0,0,0,0,0,0
1989-06-03 02:00:00,3.6904,3.6904,0,0,0,0,0,0
1989-06-03 03:00:00,3.3964,3.3964,0,0,0,0,0,0
1989-06-03 04:00:00,2.7085,2.7085,0,0,0,0,0,0
1989-06-03 05:00:00,2.187,2.187,0,0,0,0,0,0
1989-06-03 06:00:00,2.4267,2.4267,0,0,0,0,0,0
1989-06-03 07:00:00,2.382,2.382,0,0,0,0,0,0
1989-06-03 08:00:00,2.3892,2.3892,0,0,0,0,0,0
1989-06-03 09:00:00,2.2181,2.2181,0,0,0,0,0,0
1989-06-03 10:00:00,2.5479,2.5479,0,0,0,0,0,0
1989-06-03 11:00:00,2.3899,2.3899,0,0,0,0,0,0
1989-06-03 12:00:00,2.5686,2.5686,0,0,0,0,0,0
1989-06-03 13:00:00,3.8738,3.8738,0,0,0,0,0,0
1989-06-03 14:00:00,3.8829,3.8829,0,0,0,0,0,0
1989-06-03 15:00:00,3.3028,3.3028,0,0,0,0,0,0
1989-06-03 16:00:00,2.1251,2.1251,0,0,0,0,0,0
1989-06-03 17:00:00,1.1645,1.1645,0,0,0,0,0,0
1989-06-03 18:00:00,2.1953,2.1953,0,0,0,0,0,0
1989-06-03 19:00:00,4.2173,4.2173,0,0,0,0,0,0
1989-06-03 20:00:00,5.5127,5.5127,0,0,0,0,0,0
1989-06-03 21:00:00,6.0541,6.0541,0,0,0,0,0,0
1989-06-03 22:00:00,4.7312,4.7312,0,0,0,0,0,0
1989-06-03 23:00:00,5.6,5.6,0,0,0,0,0,0
1989-06-04 00:00:00,6.5921,6.5921,0,0,0,0,0,0
1989-06-04 01:00:00,6.815,6.815,0,0,0,0,0,0
1989-06-04 02:00:00,6.3953,6.3953,0,0,0,0,0,0
1989-06-04 03:00:00,5.9776,5.9776,0,0,0,0,0,0
1989-06-04 04:00:00,5.9735,5.9735,0,0,0,0,0,0
1989-06-04 05:00:00,5.8984,5.8984,0,0,0,0,0,0
1989-06-04 06:00:00,5.5039,5.5039,0,0,0,0,0,0
1989-06-04 07:00:00,4.5036,4.5036,0,0,0,0,0,0
1989-06-04 08:00:00,2.9026,2.9026,0,0,0,0,0,0
1989-06-04 09:00:00,0.7765,0.7765,0,0,0,0,0,0
1989-06-04 10:00:00,2.9039,2.9039,0,0,0,0,0,0
1989-06-04 11:00:00,4.8195,4.8195,0,0,0,0,0,0
1989-06-04 12:00:00,6.6677,6.6677,0,0,0,0,0,0
1989-06-04 13:00:00,8.5961,8.5961,0,0,0,0,0,0
1989-06-04 14:00:00,9.7178,9.7178,0,0,0,0,0,0
1989-06-04 15:00:00,9.8882,9.8882,0,0,0,0,0,0
1989-06-04 16:00:00,9.7888,9.7888,0,0,0,0,0,0
1989-06-04 17:00:00,9.3515,9.3515,0,0,0,0,0,0
1989-06-04 18:00:00,9.5613,9.5613,0,0,0,0,0,0
1989-06-04 19:00:00,9.5671,9.5671,0,0,0,0,0,0
1989-06-04 20:00:00,8.6049,8.6049,0,0,0,0,0,0
1989-06-04 21:00:00,7.5319,7.5319,0,0,0,0,0,0
1989-06-04 22:00:00,5.9138,5.9138,0,0,0,0,0,0
1989-06-04 23:00:00,5.6573,5.6573,0,0,0,0,0,0
1989-06-05 00:00:00,5.6761,5.6761,0,0,0,0,0,0
1989-06-05 01:00:00,5.8399,5.8399,0,0,0,0,0,0
1989-06-05 02:00:00,4.8558,4.8558,0,0,0,0,0,0
1989-06-05 03:00:00,3.9199,3.9199,0,0,0,0,0,0
1989-06-05 04:00:00,3.1204,3.1204,0,0,0,0,0,0
1989-06-05 05:00:00,3.1851,3.1851,0,0,0,0,0,0
1989-06-05 06:00:00,2.9591,2.9591,0,0,0,0,0,0
1989-06-05 07:00:00,2.4543,2.4543,0,0,0,0,0,0
1989-06-05 08:00:00,1.9993,1.9993,0,0,0,0,0,0
1989-06-05 09:00:00,3.7592,3.7592,0,0,0,0,0,0
1989-06-05 10:00:00,4.5729,4.5729,0,0,0,0,0,0
1989-06-05 11:00:00,5.1852,5.1852,0,0,0,0,0,0
1989-06-05 12:00:00,6.6548,6.6548,0,0,0,0,0,0
1989-06-05 13:00:00,7.6506,7.6506,0,0,0,0,0,0
1989-06-05 14:00:00,7.8588,7.8588,0,0,0,0,0,0
1989-06-05 15:00:00,8.8463,8.8463,0,0,0,0,0,0
1989-06-05 16:00:00,10.6897,10.6897,0,0,0,0,0,0
1989-06-05 17:00:00,12.3572,12.3572,0,0,0,0,0,0
1989-06-05 18:00:00,13.307,13.307,0,0,0,0,0,0
1989-06-05 19:00:00,13.5727,13.5727,0,0,0,0,0,0
1989-06-05 20:00:00,13.7051,13.7051,0,0,0,0,0,0
1989-06-05 21:00:00,12.7955,12.7955,0,0,0,0,0,0
1989-06-05 22:00:00,11.742,11.742,0,0,0,0,0,0
1989-06-05 23:00:00,11.2222,11.2222,0,0,0,0,0,0
1989-06-06 00:00:00,11.7122,11.7122,0,0,0,0,0,0
1989-06-06 01:00:00,11.4034,11.4034,0,0,0,0,0,0
1989-06-06 02:00:00,9.6775,9.6775,0,0,0,0,0,0
1989-06-06 03:00:00,8.5124,8.5124,0,0,0,0,0,0
1989-06-06 04:00:00,8.4576,8.4576,0,0,0,0,0,0
1989-06-06 05:00:00,8.5304,8.5304,0,0,0,0,0,0
1989-06-06 06:00:00,8.3377,8.3377,0,0,0,0,0,0
1989-06-06 07:00:00,8.7746,8.7746,0,0,0,0,0,0
1989-06-06 08:00:00,9.4273,9.4273,0,0,0,0,0,0
1989-06-06 09:00:00,10.3515,10.3515,0,0,0,0,0,0
1989-06-06 10:00:00,10.6423,10.6423,0,0,0,0,0,0
1989-06-06 11:00:00,11.7232,11.7232,0,0,0,0,0,0
1989-06-06 12:00:00,12.7996,12.7996,0,0,0,0,0,0
1989-06-06 13:00:00,13.1897,13.1897,0,0,0,0,0,0
1989-06-06 14:00:00,13.1949,13.1949,0,0,0,0,0,0
1989-06-06 15:00:00,13.3328,13.3328,0,0,0,0,0,0
1989-06-06 16:00:00,13.4434,13.4434,0,0,0,0,0,0
1989-06-06 17:00:00,13.2691,13.2691,0,0,0,0,0,0
1989-06-06 18:00:00,12.717,12.717,0,0,0,0,0,0
1989-06-06 19:00:00,11.69,11.69,0,0,0,0,0,0
1989-06-06 20:00:00,10.8722,10.8722,0,0,0,0,0,0
1989-06-06 21:00:00,10.0351,10.0351,0,0,0,0,0,0
1989-06-06 22:00:00,9.088,9.088,0,0,0,0,0,0
1989-06-06 23:00:00,9.1095,9.1095,0,0,0,0,0,0
1989-06-07 00:00:00,9.6592,9.6592,0,0,0,0,0,0
1989-06-07 01:00:00,9.8832,9.8832,0,0,0,0,0,0
1989-06-07 02:00:00,9.56,9.56,0,0,0,0,0,0
1989-06-07 03:00:00,8.7978,8.7978,0,0,0,0,0,0
1989-06-07 04:00:00,8.0913,8.0913,0,0,0,0,0,0
1989-06-07 05:00:00,7.6014,7.6014,0,0,0,0,0,0
1989-06-07 06:00:00,7.3476,7.3476,0,0,0,0,0,0
1989-06-07 07:00:00,7.4103,7.4103,0,0,0,0,0,0
1989-06-07 08:00:00,7.481,7.481,0,0,0,0,0,0
1989-06-07 09:00:00,7.5625,7.5625,0,0,0,0,0,0
1989-06-07 10:00:00,7.3576,7.3576,0,0,0,0,0,0
1989-06-07 11:00:00,7.1967,7.1967,0,0,0,0,0,0
1989-06-07 12:00:00,7.033,7.033,0,0,0,0,0,0
1989-06-07 13:00:00,6.8653,6.8653,0,0,0,0,0,0
1989-06-07 14:00:00,6.7071,6.7071,0,0,0,0,0,0
1989-06-07 15:00:00,6.4678,6.4678,0,0,0,0,0,0
1989-06-07 16:00:00,6.3033,6.3033,0,0,0,0,0,0
1989-06-07 17:00:00,6.3968,6.3968,0,0,0,0,0,0
1989-06-07 18:00:00,6.3799,6.3799,0,0,0,0,0,0
1989-06-07 19:00:00,6.0793,6.0793,0,0,0,0,0,0
1989-06-07 20:00:00,5.7093,5.7093,0,0,0,0,0,0
1989-06-07 21:00:00,5.306,5.306,0,0,0,0,0,0
1989-06-07 22:00:00,4.5733,4.5733,0,0,0,0,0,0
1989-06-07 23:00:00,3.8734,3.8734,0,0,0,0,0,0
1989-06-08 00:00:00,3.4552,3.4552,0,0,0,0,0,0
1989-06-08 01:00:00,3.2388,3.2388,0,0,0,0,0,0
1989-06-08 02:00:00,3.1449,3.1449,0,0,0,0,0,0
1989-06-08 03:00:00,3.0536,3.0536,0,0,0,0,0,0
1989-06-08 04:00:00,2.9429,2.9429,0,0,0,0,0,0
1989-06-08 05:00:00,2.5287,2.5287,0,0,0,0,0,0
1989-06-08 06:00:00,1.5929,1.5929,0,0,0,0,0,0
1989-06-08 07:00:00,0.4335,0.4335,0,0,0,0,0,0
1989-06-08 08:00:00,1.0357,1.0357,0,0,0,0,0,0
1989-06-08 09:00:00,2.1968,2.1968,0,0,0,0,0,0
1989-06-08 10:00:00,2.8177,2.8177,0,0,0,0,0,0
1989-06-08 11:00:00,3.4939,3.4939,0,0,0,0,0,0
1989-06-08 12:00:00,4.0492,4.0492,0,0,0,0,0,0
1989-06-08 13:00:00,4.5953,4.5953,0,0,0,0,0,0
1989-06-08 14:00:00,4.8607,4.8607,0,0,0,0,0,0
1989-06-08 15:00:00,4.6638,4.6638,0,0,0,0,0,0
1989-06-08 16:00:00,4.603,4.603,0,0,0,0,0,0
1989-06-08 17:00:00,4.7891,4.7891,0,0,0,0,0,0
1989-06-08 18:00:00,4.1583,4.1583,0,0,0,0,0,0
1989-06-08 19:00:00,3.5759,3.5759,0,0,0,0,0,0
1989-06-08 20:00:00,3.3726,3.3726,0,0,0,0,0,0
1989-06-08 21:00:00,3.7758,3.7758,0,0,0,0,0,0
1989-06-08 22:00:00,4.5787,4.5787,0,0,0,0,0,0
1989-06-08 23:00:00,5.0409,5.0409,0,0,0,0,0,0
1989-06-09 00:00:00,5.9718,5.9718,0,0,0,0,0,0
1989-06-09 01:00:00,6.5546,6.5546,0,0,0,0,0,0
1989-06-09 02:00:00,7.1395,7.1395,0,0,0,0,0,0
1989-06-09 03:00:00,7.3579,7.3579,0,0,0,0,0,0
1989-06-09 04:00:00,7.4256,7.4256,0,0,0,0,0,0
1989-06-09 05:00:00,7.5158,7.5158,0,0,0,0,0,0
1989-06-09 06:00:00,7.4076,7.4076,0,0,0,0,0,0
1989-06-09 07:00:00,6.665,6.665,0,0,0,0,0,0
1989-06-09 08:00:00,6.205,6.205,0,0,0,0,0,0
1989-06-09 09:00:00,5.6562,5.6562,0,0,0,0,0,0
1989-06-09 10:00:00,3.8996,3.8996,0,0,0,0,0,0
1989-06-09 11:00:00,4.6815,4.6815,0,0,0,0,0,0
1989-06-09 12:00:00,5.8044,5.8044,0,0,0,0,0,0
1989-06-09 13:00:00,6.4354,6.4354,0,0,0,0,0,0
1989-06-09 14:00:00,6.225,6.225,0,0,0,0,0,0
1989-06-09 15:00:00,5.3473,5.3473,0,0,0,0,0,0
1989-06-09 16:00:00,3.54,3.54,0,0,0,0,0,0
1989-06-09 17:00:00,1.6703,1.6703,0,0,0,0,0,0
1989-06-09 18:00:00,0.6615,0.6615,0,0,0,0,0,0
1989-06-09 19:00:00,0.832,0.832,0,0,0,0,0,0
1989-06-09 20:00:00,1.1889,1.1889,0,0,0,0,0,0
1989-06-09 21:00:00,2.0542,2.0542,0,0,0,0,0,0
1989-06-09 22:00:00,3.286,3.286,0,0,0,0,0,0
1989-06-09 23:00:00,3.9368,3.9368,0,0,0,0,0,0
1989-06-10 00:00:00,2.8615,2.8615,0,0,0,0,0,0
1989-06-10 01:00:00,1.3535,1.3535,0,0,0,0,0,0
1989-06-10 02:00:00,2.4865,2.4865,0,0,0,0,0,0
1989-06-10 03:00:00,5.6086,5.6086,0,0,0,0,0,0
1989-06-10 04:00:00,7.5317,7.5317,0,0,0,0,0,0
1989-06-10 05:00:00,5.9912,5.9912,0,0,0,0,0,0
1989-06-10 06:00:00,5.1373,5.1373,0,0,0,0,0,0
1989-06-10 07:00:00,4.951,4.951,0,0,0,0,0,0
1989-06-10 08:00:00,5.3823,5.3823,0,0,0,0,0,0
1989-06-10 09:00:00,5.137,5.137,0,0,0,0,0,0
1989-06-10 10:00:00,4.4863,4.4863,0,0,0,0,0,0
1989-06-10 11:00:00,4.6649,4.6649,0,0,0,0,0,0
1989-06-10 12:00:00,4.6079,4.6079,0,0,0,0,0,0
1989-06-10 13:00:00,4.0164,4.0164,0,0,0,0,0,0
1989-06-10 14:00:00,3.6111,3.6111,0,0,0,0,0,0
1989-06-10 15:00:00,3.7351,3.7351,0,0,0,0,0,0
1989-06-10 16:00:00,3.1233,3.1233,0,0,0,0,0,0
1989-06-10 17:00:00,2.803,2.803,0,0,0,0,0,0
1989-06-10 18:00:00,1.7,1.7,0,0,0,0,0,0
1989-06-10 19:00:00,1.8622,1.8622,0,0,0,0,0,0
1989-06-10 20:00:00,4.1358,4.1358,0,0,0,0,0,0
1989-06-10 21:00:00,5.6543,5.6543,0,0,0,0,0,0
1989-06-10 22:00:00,4.9647,4.9647,0,0,0,0,0,0
1989-06-10 23:00:00,1.8359,1.8359,0,0,0,0,0,0
1989-06-11 00:00:00,4.5868,4.5868,0,0,0,0,0,0
1989-06-11 01:00:00,4.3197,4.3197,0,0,0,0,0,0
1989-06-11 02:00:00,3.1466,3.1466,0,0,0,0,0,0
1989-06-11 03:00:00,1.7044,1.7044,0,0,0,0,0,0
1989-06-11 04:00:00,2.4322,2.4322,0,0,0,0,0,0
1989-06-11 05:00:00,3.1754,3.1754,0,0,0,0,0,0
1989-06-11 06:00:00,2.6873,2.6873,0,0,0,0,0,0
1989-06-11 07:00:00,1.7813,1.7813,0,0,0,0,0,0
1989-06-11 08:00:00,1.6046,1.6046,0,0,0,0,0,0
1989-06-11 09:00:00,3.4321,3.4321,0,0,0,0,0,0
1989-06-11 10:00:00,5.3492,5.3492,0,0,0,0,0,0
1989-06-11 11:00:00,7.1409,7.1409,0,0,0,0,0,0
1989-06-11 12:00:00,7.3117,7.3117,0,0,0,0,0,0
1989-06-11 13:00:00,7.0686,7.0686,0,0,0,0,0,0
1989-06-11 14:00:00,7.6018,7.6018,0,0,0,0,0,0
1989-06-11 15:00:00,7.3798,7.3798,0,0,0,0,0,0
1989-06-11 16:00:00,5.1686,5.1686,0,0,0,0,0,0
1989-06-11 17:00:00,3.768,3.768,0,0,0,0,0,0
1989-06-11 18:00:00,3.8604,3.8604,0,0,0,0,0,0
1989-06-11 19:00:00,3.8219,3.8219,0,0,0,0,0,0
1989-06-11 20:00:00,3.6235,3.6235,0,0,0,0,0,0
1989-06-11 21:00:00,3.6884,3.6884,0,0,0,0,0,0
1989-06-11 22:00:00,3.3823,3.3823,0,0,0,0,0,0
1989-06-11 23:00:00,4.6811,4.6811,0,0,0,0,0,0
1989-06-12 00:00:00,5.607,5.607,0,0,0,0,0,0
1989-06-12 01:00:00,5.7769,5.7769,0,0,0,0,0,0
1989-06-12 02:00:00,5.7027,5.7027,0,0,0,0,0,0
1989-06-12 03:00:00,5.5736,5.5736,0,0,0,0,0,0
1989-06-12 04:00:00,5.1595,5.1595,0,0,0,0,0,0
1989-06-12 05:00:00,4.6128,4.6128,0,0,0,0,0,0
1989-06-12 06:00:00,4.191,4.191,0,0,0,0,0,0
1989-06-12 07:00:00,3.5383,3.5383,0,0,0,0,0,0
1989-06-12 08:00:00,2.8364,2.8364,0,0,0,0,0,0
1989-06-12 09:00:00,3.0933,3.0933,0,0,0,0,0,0
1989-06-12 10:00:00,4.7447,4.7447,0,0,0,0,0,0
1989-06-12 11:00:00,6.1576,6.1576,0,0,0,0,0,0
1989-06-12 12:00:00,8.0851,8.0851,0,0,0,0,0,0
1989-06-12 13:00:00,10.095,10.095,0,0,0,0,0,0
1989-06-12 14:00:00,11.1584,11.1584,0,0,0,0,0,0
1989-06-12 15:00:00,11.4672,11.4672,0,0,0,0,0,0
1989-06-12 16:00:00,11.2041,11.2041,0,0,0,0,0,0
1989-06-12 17:00:00,10.7275,10.7275,0,0,0,0,0,0
1989-06-12 18:00:00,10.05,10.05,0,0,0,0,0,0
1989-06-12 19:00:00,9.0958,9.0958,0,0,0,0,0,0
1989-06-12 20:00:00,7.7227,7.7227,0,0,0,0,0,0
1989-06-12 21:00:00,6.4919,6.4919,0,0,0,0,0,0
1989-06-12 22:00:00,5.3305,5.3305,0,0,0,0,0,0
1989-06-12 23:00:00,4.5172,4.5172,0,0,0,0,0,0
1989-06-13 00:00:00,3.83,3.83,0,0,0,0,0,0
1989-06-13 01:00:00,3.8542,3.8542,0,0,0,0,0,0
1989-06-13 02:00:00,4.1012,4.1012,0,0,0,0,0,0
1989-06-13 03:00:00,4.0689,4.0689,0,0,0,0,0,0
1989-06-13 04:00:00,3.5164,3.5164,0,0,0,0,0,0
1989-06-13 05:00:00,2.7417,2.7417,0,0,0,0,0,0
1989-06-13 06:00:00,2.1281,2.1281,0,0,0,0,0,0
1989-06-13 07:00:00,2.0549,2.0549,0,0,0,0,0,0
1989-06-13 08:00:00,3.0366,3.0366,0,0,0,0,0,0
1989-06-13 09:00:00,4.1034,4.1034,0,0,0,0,0,0
1989-06-13 10:00:00,6.1555,6.1555,0,0,0,0,0,0
1989-06-13 11:00:00,6.8394,6.8394,0,0,0,0,0,0
1989-06-13 12:00:00,6.6506,6.6506,0,0,0,0,0,0
1989-06-13 13:00:00,5.7189,5.7189,0,0,0,0,0,0
1989-06-13 14:00:00,5.5021,5.5021,0,0,0,0,0,0
1989-06-13 15:00:00,5.709,5.709,0,0,0,0,0,0
1989-06-13 16:00:00,5.5523,5.5523,0,0,0,0,0,0
1989-06-13 17:00:00,5.0609,5.0609,0,0,0,0,0,0
1989-06-13 18:00:00,4.594,4.594,0,0,0,0,0,0
1989-06-13 19:00:00,3.8374,3.8374,0,0,0,0,0,0
1989-06-13 20:00:00,3.2515,3.2515,0,0,0,0,0,0
1989-06-13 21:00:00,2.6472,2.6472,0,0,0,0,0,0
1989-06-13 22:00:00,2.2675,2.2675,0,0,0,0,0,0
1989-06-13 23:00:00,2.0855,2.0855,0,0,0,0,0,0
1989-06-14 00:00:00,2.3598,2.3598,0,0,0,0,0,0
1989-06-14 01:00:00,2.8452,2.8452,0,0,0,0,0,0
1989-06-14 02:00:00,3.4848,3.4848,0,0,0,0,0,0
1989-06-14 03:00:00,3.418,3.418,0,0,0,0,0,0
1989-06-14 04:00:00,3.0788,3.0788,0,0,0,0,0,0
1989-06-14 05:00:00,2.6553,2.6553,0,0,0,0,0,0
1989-06-14 06:00:00,2.0467,2.0467,0,0,0,0,0,0
1989-06-14 07:00:00,1.5469,1.5469,0,0,0,0,0,0
1989-06-14 08:00:00,1.4103,1.4103,0,0,0,0,0,0
1989-06-14 09:00:00,2.0751,2.0751,0,0,0,0,0,0
1989-06-14 10:00:00,3.6724,3.6724,0,0,0,0,0,0
1989-06-14 11:00:00,5.0631,5.0631,0,0,0,0,0,0
1989-06-14 12:00:00,6.1098,6.1098,0,0,0,0,0,0
1989-06-14 13:00:00,6.7062,6.7062,0,0,0,0,0,0
1989-06-14 14:00:00,7.2045,7.2045,0,0,0,0,0,0
1989-06-14 15:00:00,7.6132,7.6132,0,0,0,0,0,0
1989-06-14 16:00:00,7.6963,7.6963,0,0,0,0,0,0
1989-06-14 17:00:00,7.674,7.674,0,0,0,0,0,0
1989-06-14 18:00:00,7.6157,7.6157,0,0,0,0,0,0
1989-06-14 19:00:00,7.302,7.302,0,0,0,0,0,0
1989-06-14 20:00:00,6.6993,6.6993,0,0,0,0,0,0
1989-06-14 21:00:00,5.8899,5.8899,0,0,0,0,0,0
1989-06-14 22:00:00,4.5731,4.5731,0,0,0,0,0,0
1989-06-14 23:00:00,3.9489,3.9489,0,0,0,0,0,0
1989-06-15 00:00:00,3.2652,3.2652,0,0,0,0,0,0
1989-06-15 01:00:00,2.6614,2.6614,0,0,0,0,0,0
1989-06-15 02:00:00,2.1263,2.1263,0,0,0,0,0,0
1989-06-15 03:00:00,1.5973,1.5973,0,0,0,0,0,0
1989-06-15 04:00:00,1.1299,1.1299,0,0,0,0,0,0
1989-06-15 05:00:00,0.9948,0.9948,0,0,0,0,0,0
1989-06-15 06:00:00,1.0561,1.0561,0,0,0,0,0,0
1989-06-15 07:00:00,0.7386,0.7386,0,0,0,0,0,0
1989-06-15 08:00:00,0.8662,0.8662,0,0,0,0,0,0
1989-06-15 09:00:00,2.1235,2.1235,0,0,0,0,0,0
1989-06-15 10:00:00,2.8424,2.8424,0,0,0,0,0,0
1989-06-15 11:00:00,3.9066,3.9066,0,0,0,0,0,0
1989-06-15 12:00:00,5.1132,5.1132,0,0,0,0,0,0
1989-06-15 13:00:00,6.0713,6.0713,0,0,0,0,0,0
1989-06-15 14:00:00,6.8841,6.8841,0,0,0,0,0,0
1989-06-15 15:00:00,7.3951,7.3951,0,0,0,0,0,0
1989-06-15 16:00:00,7.5275,7.5275,0,0,0,0,0,0
1989-06-15 17:00:00,7.8722,7.8722,0,0,0,0,0,0
1989-06-15 18:00:00,7.9542,7.9542,0,0,0,0,0,0
1989-06-15 19:00:00,7.4244,7.4244,0,0,0,0,0,0
1989-06-15 20:00:00,6.5019,6.5019,0,0,0,0,0,0
1989-06-15 21:00:00,5.2605,5.2605,0,0,0,0,0,0
1989-06-15 22:00:00,4.7829,4.7829,0,0,0,0,0,0
1989-06-15 23:00:00,3.8505,3.8505,0,0,0,0,0,0
1989-06-16 00:00:00,2.7412,2.7412,0,0,0,0,0,0
1989-06-16 01:00:00,2.0643,2.0643,0,0,0,0,0,0
1989-06-16 02:00:00,1.9477,1.9477,0,0,0,0,0,0
1989-06-16 03:00:00,1.8871,1.8871,0,0,0,0,0,0
1989-06-16 04:00:00,1.5999,1.5999,0,0,0,0,0,0
1989-06-16 05:00:00,1.518,1.518,0,0,0,0,0,0
1989-06-16 06:00:00,1.4529,1.4529,0,0,0,0,0,0
1989-06-16 07:00:00,1.086,1.086,0,0,0,0,0,0
1989-06-16 08:00:00,0.5317,0.5317,0,0,0,0,0,0
1989-06-16 09:00:00,1.2242,1.2242,0,0,0,0,0,0
1989-06-16 10:00:00,2.9423,2.9423,0,0,0,0,0,0
1989-06-16 11:00:00,4.496,4.496,0,0,0,0,0,0
1989-06-16 12:00:00,6.0382,6.0382,0,0,0,0,0,0
1989-06-16 13:00:00,7.1395,7.1395,0,0,0,0,0,0
1989-06-16 14:00:00,7.8551,7.8551,0,0,0,0,0,0
1989-06-16 15:00:00,8.1835,8.1835,0,0,0,0,0,0
1989-06-16 16:00:00,8.2514,8.2514,0,0,0,0,0,0
1989-06-16 17:00:00,8.1739,8.1739,0,0,0,0,0,0
1989-06-16 18:00:00,8.1754,8.1754,0,0,0,0,0,0
1989-06-16 19:00:00,7.8514,7.8514,0,0,0,0,0,0
1989-06-16 20:00:00,7.3671,7.3671,0,0,0,0,0,0
1989-06-16 21:00:00,6.6313,6.6313,0,0,0,0,0,0
1989-06-16 22:00:00,6.2608,6.2608,0,0,0,0,0,0
1989-06-16 23:00:00,6.3419,6.3419,0,0,0,0,0,0
1989-06-17 00:00:00,6.6802,6.6802,0,0,0,0,0,0
1989-06-17 01:00:00,6.9323,6.9323,0,0,0,0,0,0
1989-06-17 02:00:00,6.7856,6.7856,0,0,0,0,0,0
1989-06-17 03:00:00,6.3813,6.3813,0,0,0,0,0,0
1989-06-17 04:00:00,5.8007,5.8007,0,0,0,0,0,0
1989-06-17 05:00:00,5.1615,5.1615,0,0,0,0,0,0
1989-06-17 06:00:00,4.6029,4.6029,0,0,0,0,0,0
1989-06-17 07:00:00,3.8634,3.8634,0,0,0,0,0,0
1989-06-17 08:00:00,3.4998,3.4998,0,0,0,0,0,0
1989-06-17 09:00:00,4.0403,4.0403,0,0,0,0,0,0
1989-06-17 10:00:00,4.6282,4.6282,0,0,0,0,0,0
1989-06-17 11:00:00,5.1607,5.1607,0,0,0,0,0,0
1989-06-17 12:00:00,5.974,5.974,0,0,0,0,0,0
1989-06-17 13:00:00,6.5065,6.5065,0,0,0,0,0,0
1989-06-17 14:00:00,6.8595,6.8595,0,0,0,0,0,0
1989-06-17 15:00:00,6.6728,6.6728,0,0,0,0,0,0
1989-06-17 16:00:00,6.6559,6.6559,0,0,0,0,0,0
1989-06-17 17:00:00,6.2178,6.2178,0,0,0,0,0,0
1989-06-17 18:00:00,5.5434,5.5434,0,0,0,0,0,0
1989-06-17 19:00:00,4.6751,4.6751,0,0,0,0,0,0
1989-06-17 20:00:00,4.3041,4.3041,0,0,0,0,0,0
1989-06-17 21:00:00,4.5609,4.5609,0,0,0,0,0,0
1989-06-17 22:00:00,4.2503,4.2503,0,0,0,0,0,0
1989-06-17 23:00:00,5.4976,5.4976,0,0,0,0,0,0
1989-06-18 00:00:00,6.3882,6.3882,0,0,0,0,0,0
1989-06-18 01:00:00,6.7636,6.7636,0,0,0,0,0,0
1989-06-18 02:00:00,6.4864,6.4864,0,0,0,0,0,0
1989-06-18 03:00:00,5.9371,5.9371,0,0,0,0,0,0
1989-06-18 04:00:00,5.6286,5.6286,0,0,0,0,0,0
1989-06-18 05:00:00,5.7071,5.7071,0,0,0,0,0,0
1989-06-18 06:00:00,4.8333,4.8333,0,0,0,0,0,0
1989-06-18 07:00:00,4.0447,4.0447,0,0,0,0,0,0
1989-06-18 08:00:00,3.693,3.693,0,0,0,0,0,0
1989-06-18 09:00:00,3.0262,3.0262,0,0,0,0,0,0
1989-06-18 10:00:00,2.7063,2.7063,0,0,0,0,0,0
1989-06-18 11:00:00,3.0771,3.0771,0,0,0,0,0,0
1989-06-18 12:00:00,4.3562,4.3562,0,0,0,0,0,0
1989-06-18 13:00:00,5.4418,5.4418,0,0,0,0,0,0
1989-06-18 14:00:00,5.6692,5.6692,0,0,0,0,0,0
1989-06-18 15:00:00,5.4639,5.4639,0,0,0,0,0,0
1989-06-18 16:00:00,5.3205,5.3205,0,0,0,0,0,0
1989-06-18 17:00:00,4.6061,4.6061,0,0,0,0,0,0
1989-06-18 18:00:00,3.6157,3.6157,0,0,0,0,0,0
1989-06-18 19:00:00,3.3849,3.3849,0,0,0,0,0,0
1989-06-18 20:00:00,3.4747,3.4747,0,0,0,0,0,0
1989-06-18 21:00:00,3.8324,3.8324,0,0,0,0,0,0
1989-06-18 22:00:00,3.4928,3.4928,0,0,0,0,0,0
1989-06-18 23:00:00,3.7425,3.7425,0,0,0,0,0,0
1989-06-19 00:00:00,3.8781,3.8781,0,0,0,0,0,0
1989-06-19 01:00:00,3.8234,3.8234,0,0,0,0,0,0
1989-06-19 02:00:00,3.9887,3.9887,0,0,0,0,0,0
1989-06-19 03:00:00,4.3185,4.3185,0,0,0,0,0,0
1989-06-19 04:00:00,4.5152,4.5152,0,0,0,0,0,0
1989-06-19 05:00:00,4.5985,4.5985,0,0,0,0,0,0
1989-06-19 06:00:00,4.5811,4.5811,0,0,0,0,0,0
1989-06-19 07:00:00,4.8244,4.8244,0,0,0,0,0,0
1989-06-19 08:00:00,5.1337,5.1337,0,0,0,0,0,0
1989-06-19 09:00:00,5.0128,5.0128,0,0,0,0,0,0
1989-06-19 10:00:00,4.707,4.707,0,0,0,0,0,0
1989-06-19 11:00:00,4.291,4.291,0,0,0,0,0,0
1989-06-19 12:00:00,3.8511,3.8511,0,0,0,0,0,0
1989-06-19 13:00:00,3.2746,3.2746,0,0,0,0,0,0
1989-06-19 14:00:00,3.2597,3.2597,0,0,0,0,0,0
1989-06-19 15:00:00,3.6767,3.6767,0,0,0,0,0,0
1989-06-19 16:00:00,3.6681,3.6681,0,0,0,0,0,0
1989-06-19 17:00:00,3.4733,3.4733,0,0,0,0,0,0
1989-06-19 18:00:00,2.8321,2.8321,0,0,0,0,0,0
1989-06-19 19:00:00,1.9639,1.9639,0,0,0,0,0,0
1989-06-19 20:00:00,2.2123,2.2123,0,0,0,0,0,0
1989-06-19 21:00:00,2.4334,2.4334,0,0,0,0,0,0
1989-06-19 22:00:00,2.7366,2.7366,0,0,0,0,0,0
1989-06-19 23:00:00,2.5941,2.5941,0,0,0,0,0,0
1989-06-20 00:00:00,2.1371,2.1371,0,0,0,0,0,0
1989-06-20 01:00:00,1.5124,1.5124,0,0,0,0,0,0
1989-06-20 02:00:00,1.7439,1.7439,0,0,0,0,0,0
1989-06-20 03:00:00,2.1033,2.1033,0,0,0,0,0,0
1989-06-20 04:00:00,2.2069,2.2069,0,0,0,0,0,0
1989-06-20 05:00:00,1.9593,1.9593,0,0,0,0,0,0
1989-06-20 06:00:00,1.5339,1.5339,0,0,0,0,0,0
1989-06-20 07:00:00,1.4366,1.4366,0,0,0,0,0,0
1989-06-20 08:00:00,1.7186,1.7186,0,0,0,0,0,0
1989-06-20 09:00:00,1.9991,1.9991,0,0,0,0,0,0
1989-06-20 10:00:00,3.1572,3.1572,0,0,0,0,0,0
1989-06-20 11:00:00,4.1757,4.1757,0,0,0,0,0,0
1989-06-20 12:00:00,4.7953,4.7953,0,0,0,0,0,0
1989-06-20 13:00:00,4.9835,4.9835,0,0,0,0,0,0
1989-06-20 14:00:00,5.1886,5.1886,0,0,0,0,0,0
1989-06-20 15:00:00,5.5206,5.5206,0,0,0,0,0,0
1989-06-20 16:00:00,5.5092,5.5092,0,0,0,0,0,0
1989-06-20 17:00:00,5.6294,5.6294,0,0,0,0,0,0
1989-06-20 18:00:00,5.6374,5.6374,0,0,0,0,0,0
1989-06-20 19:00:00,5.3888,5.3888,0,0,0,0,0,0
1989-06-20 20:00:00,4.6694,4.6694,0,0,0,0,0,0
1989-06-20 21:00:00,3.8697,3.8697,0,0,0,0,0,0
1989-06-20 22:00:00,2.8999,2.8999,0,0,0,0,0,0
1989-06-20 23:00:00,2.2391,2.2391,0,0,0,0,0,0
1989-06-21 00:00:00,1.5932,1.5932,0,0,0,0,0,0
1989-06-21 01:00:00,1.2873,1.2873,0,0,0,0,0,0
1989-06-21 02:00:00,1.4103,1.4103,0,0,0,0,0,0
1989-06-21 03:00:00,1.4707,1.4707,0,0,0,0,0,0
1989-06-21 04:00:00,0.9166,0.9166,0,0,0,0,0,0
1989-06-21 05:00:00,1.1314,1.1314,0,0,0,0,0,0
1989-06-21 06:00:00,1.0807,1.0807,0,0,0,0,0,0
1989-06-21 07:00:00,0.6056,0.6056,0,0,0,0,0,0
1989-06-21 08:00:00,1.2897,1.2897,0,0,0,0,0,0
1989-06-21 09:00:00,2.5799,2.5799,0,0,0,0,0,0
1989-06-21 10:00:00,3.7354,3.7354,0,0,0,0,0,0
1989-06-21 11:00:00,5.2849,5.2849,0,0,0,0,0,0
1989-06-21 12:00:00,6.9443,6.9443,0,0,0,0,0,0
1989-06-21 13:00:00,8.3481,8.3481,0,0,0,0,0,0
1989-06-21 14:00:00,9.406,9.406,0,0,0,0,0,0
1989-06-21 15:00:00,9.908,9.908,0,0,0,0,0,0
1989-06-21 16:00:00,9.9259,9.9259,0,0,0,0,0,0
1989-06-21 17:00:00,9.6064,9.6064,0,0,0,0,0,0
1989-06-21 18:00:00,9.2527,9.2527,0,0,0,0,0,0
1989-06-21 19:00:00,8.5949,8.5949,0,0,0,0,0,0
1989-06-21 20:00:00,7.632,7.632,0,0,0,0,0,0
1989-06-21 21:00:00,6.8346,6.8346,0,0,0,0,0,0
1989-06-21 22:00:00,6.5286,6.5286,0,0,0,0,0,0
1989-06-21 23:00:00,5.61,5.61,0,0,0,0,0,0
1989-06-22 00:00:00,5.0729,5.0729,0,0,0,0,0,0
1989-06-22 01:00:00,4.8226,4.8226,0,0,0,0,0,0
1989-06-22 02:00:00,4.4954,4.4954,0,0,0,0,0,0
1989-06-22 03:00:00,4.0708,4.0708,0,0,0,0,0,0
1989-06-22 04:00:00,3.7878,3.7878,0,0,0,0,0,0
1989-06-22 05:00:00,3.8603,3.8603,0,0,0,0,0,0
1989-06-22 06:00:00,4.3801,4.3801,0,0,0,0,0,0
1989-06-22 07:00:00,4.584,4.584,0,0,0,0,0,0
1989-06-22 08:00:00,4.8231,4.8231,0,0,0,0,0,0
1989-06-22 09:00:00,4.8364,4.8364,0,0,0,0,0,0
1989-06-22 10:00:00,5.3814,5.3814,0,0,0,0,0,0
1989-06-22 11:00:00,5.9024,5.9024,0,0,0,0,0,0
1989-06-22 12:00:00,6.9655,6.9655,0,0,0,0,0,0
1989-06-22 13:00:00,7.6683,7.6683,0,0,0,0,0,0
1989-06-22 14:00:00,8.1998,8.1998,0,0,0,0,0,0
1989-06-22 15:00:00,8.3923,8.3923,0,0,0,0,0,0
1989-06-22 16:00:00,8.113,8.113,0,0,0,0,0,0
1989-06-22 17:00:00,7.6073,7.6073,0,0,0,0,0,0
1989-06-22 18:00:00,6.8968,6.8968,0,0,0,0,0,0
1989-06-22 19:00:00,6.0055,6.0055,0,0,0,0,0,0
1989-06-22 20:00:00,5.0183,5.0183,0,0,0,0,0,0
1989-06-22 21:00:00,3.8563,3.8563,0,0,0,0,0,0
1989-06-22 22:00:00,3.5114,3.5114,0,0,0,0,0,0
1989-06-22 23:00:00,2.71,2.71,0,0,0,0,0,0
1989-06-23 00:00:00,2.7234,2.7234,0,0,0,0,0,0
1989-06-23 01:00:00,2.6224,2.6224,0,0,0,0,0,0
1989-06-23 02:00:00,2.0786,2.0786,0,0,0,0,0,0
1989-06-23 03:00:00,1.8095,1.8095,0,0,0,0,0,0
1989-06-23 04:00:00,1.8518,1.8518,0,0,0,0,0,0
1989-06-23 05:00:00,1.5677,1.5677,0,0,0,0,0,0
1989-06-23 06:00:00,0.8389,0.8389,0,0,0,0,0,0
1989-06-23 07:00:00,0.2094,0.2094,0,0,0,0,0,0
1989-06-23 08:00:00,0.4085,0.4085,0,0,0,0,0,0
1989-06-23 09:00:00,1.2868,1.2868,0,0,0,0,0,0
1989-06-23 10:00:00,2.3118,2.3118,0,0,0,0,0,0
1989-06-23 11:00:00,3.9941,3.9941,0,0,0,0,0,0
1989-06-23 12:00:00,5.1384,5.1384,0,0,0,0,0,0
1989-06-23 13:00:00,5.1603,5.1603,0,0,0,0,0,0
1989-06-23 14:00:00,4.4969,4.4969,0,0,0,0,0,0
1989-06-23 15:00:00,3.8818,3.8818,0,0,0,0,0,0
1989-06-23 16:00:00,3.4075,3.4075,0,0,0,0,0,0
1989-06-23 17:00:00,3.3141,3.3141,0,0,0,0,0,0
1989-06-23 18:00:00,3.5133,3.5133,0,0,0,0,0,0
1989-06-23 19:00:00,3.7439,3.7439,0,0,0,0,0,0
1989-06-23 20:00:00,4.064,4.064,0,0,0,0,0,0
1989-06-23 21:00:00,4.1524,4.1524,0,0,0,0,0,0
1989-06-23 22:00:00,4.7601,4.7601,0,0,0,0,0,0
1989-06-23 23:00:00,4.2581,4.2581,0,0,0,0,0,0
1989-06-24 00:00:00,4.1665,4.1665,0,0,0,0,0,0
1989-06-24 01:00:00,3.781,3.781,0,0,0,0,0,0
1989-06-24 02:00:00,3.6088,3.6088,0,0,0,0,0,0
1989-06-24 03:00:00,3.7226,3.7226,0,0,0,0,0,0
1989-06-24 04:00:00,3.7516,3.7516,0,0,0,0,0,0
1989-06-24 05:00:00,3.748,3.748,0,0,0,0,0,0
1989-06-24 06:00:00,3.9499,3.9499,0,0,0,0,0,0
1989-06-24 07:00:00,4.1727,4.1727,0,0,0,0,0,0
1989-06-24 08:00:00,4.3328,4.3328,0,0,0,0,0,0
1989-06-24 09:00:00,4.475,4.475,0,0,0,0,0,0
1989-06-24 10:00:00,3.5818,3.5818,0,0,0,0,0,0
1989-06-24 11:00:00,3.8761,3.8761,0,0,0,0,0,0
1989-06-24 12:00:00,4.2704,4.2704,0,0,0,0,0,0
1989-06-24 13:00:00,4.5473,4.5473,0,0,0,0,0,0
1989-06-24 14:00:00,4.7656,4.7656,0,0,0,0,0,0
1989-06-24 15:00:00,4.6931,4.6931,0,0,0,0,0,0
1989-06-24 16:00:00,4.5863,4.5863,0,0,0,0,0,0
1989-06-24 17:00:00,4.3641,4.3641,0,0,0,0,0,0
1989-06-24 18:00:00,4.1659,4.1659,0,0,0,0,0,0
1989-06-24 19:00:00,3.8293,3.8293,0,0,0,0,0,0
1989-06-24 20:00:00,3.57,3.57,0,0,0,0,0,0
1989-06-24 21:00:00,3.1589,3.1589,0,0,0,0,0,0
1989-06-24 22:00:00,2.8763,2.8763,0,0,0,0,0,0
1989-06-24 23:00:00,3.0228,3.0228,0,0,0,0,0,0
1989-06-25 00:00:00,3.6337,3.6337,0,0,0,0,0,0
1989-06-25 01:00:00,4.0813,4.0813,0,0,0,0,0,0
1989-06-25 02:00:00,4.138,4.138,0,0,0,0,0,0
1989-06-25 03:00:00,4.206,4.206,0,0,0,0,0,0
1989-06-25 04:00:00,4.5057,4.5057,0,0,0,0,0,0
1989-06-25 05:00:00,4.7772,4.7772,0,0,0,0,0,0
1989-06-25 06:00:00,4.6614,4.6614,0,0,0,0,0,0
1989-06-25 07:00:00,4.8079,4.8079,0,0,0,0,0,0
1989-06-25 08:00:00,4.9874,4.9874,0,0,0,0,0,0
1989-06-25 09:00:00,5.3189,5.3189,0,0,0,0,0,0
1989-06-25 10:00:00,5.6624,5.6624,0,0,0,0,0,0
1989-06-25 11:00:00,6.3999,6.3999,0,0,0,0,0,0
1989-06-25 12:00:00,7.4817,7.4817,0,0,0,0,0,0
1989-06-25 13:00:00,8.4506,8.4506,0,0,0,0,0,0
1989-06-25 14:00:00,9.3441,9.3441,0,0,0,0,0,0
1989-06-25 15:00:00,10.2477,10.2477,0,0,0,0,0,0
1989-06-25 16:00:00,10.9508,10.9508,0,0,0,0,0,0
1989-06-25 17:00:00,11.2352,11.2352,0,0,0,0,0,0
1989-06-25 18:00:00,11.2237,11.2237,0,0,0,0,0,0
1989-06-25 19:00:00,10.7084,10.7084,0,0,0,0,0,0
1989-06-25 20:00:00,10.0032,10.0032,0,0,0,0,0,0
1989-06-25 21:00:00,9.0904,9.0904,0,0,0,0,0,0
1989-06-25 22:00:00,8.8232,8.8232,0,0,0,0,0,0
1989-06-25 23:00:00,8.6471,8.6471,0,0,0,0,0,0
1989-06-26 00:00:00,8.7353,8.7353,0,0,0,0,0,0
1989-06-26 01:00:00,8.6664,8.6664,0,0,0,0,0,0
1989-06-26 02:00:00,8.2355,8.2355,0,0,0,0,0,0
1989-06-26 03:00:00,7.7489,7.7489,0,0,0,0,0,0
1989-06-26 04:00:00,7.2063,7.2063,0,0,0,0,0,0
1989-06-26 05:00:00,6.7126,6.7126,0,0,0,0,0,0
1989-06-26 06:00:00,6.3065,6.3065,0,0,0,0,0,0
1989-06-26 07:00:00,6.0907,6.0907,0,0,0,0,0,0
1989-06-26 08:00:00,6.031,6.031,0,0,0,0,0,0
1989-06-26 09:00:00,6.3907,6.3907,0,0,0,0,0,0
1989-06-26 10:00:00,6.8833,6.8833,0,0,0,0,0,0
1989-06-26 11:00:00,7.4085,7.4085,0,0,0,0,0,0
1989-06-26 12:00:00,8.4139,8.4139,0,0,0,0,0,0
1989-06-26 13:00:00,9.4384,9.4384,0,0,0,0,0,0
1989-06-26 14:00:00,10.2521,10.2521,0,0,0,0,0,0
1989-06-26 15:00:00,10.2687,10.2687,0,0,0,0,0,0
1989-06-26 16:00:00,10.0336,10.0336,0,0,0,0,0,0
1989-06-26 17:00:00,9.5315,9.5315,0,0,0,0,0,0
1989-06-26 18:00:00,8.8901,8.8901,0,0,0,0,0,0
1989-06-26 19:00:00,7.9243,7.9243,0,0,0,0,0,0
1989-06-26 20:00:00,6.8458,6.8458,0,0,0,0,0,0
1989-06-26 21:00:00,5.6924,5.6924,0,0,0,0,0,0
1989-06-26 22:00:00,4.4299,4.4299,0,0,0,0,0,0
1989-06-26 23:00:00,3.6099,3.6099,0,0,0,0,0,0
1989-06-27 00:00:00,2.822,2.822,0,0,0,0,0,0
1989-06-27 01:00:00,2.4677,2.4677,0,0,0,0,0,0
1989-06-27 02:00:00,2.3001,2.3001,0,0,0,0,0,0
1989-06-27 03:00:00,2.2682,2.2682,0,0,0,0,0,0
1989-06-27 04:00:00,2.0635,2.0635,0,0,0,0,0,0
1989-06-27 05:00:00,1.4718,1.4718,0,0,0,0,0,0
1989-06-27 06:00:00,1.036,1.036,0,0,0,0,0,0
1989-06-27 07:00:00,1.0222,1.0222,0,0,0,0,0,0
1989-06-27 08:00:00,1.86,1.86,0,0,0,0,0,0
1989-06-27 09:00:00,2.9215,2.9215,0,0,0,0,0,0
1989-06-27 10:00:00,2.7545,2.7545,0,0,0,0,0,0
1989-06-27 11:00:00,2.9792,2.9792,0,0,0,0,0,0
1989-06-27 12:00:00,2.9491,2.9491,0,0,0,0,0,0
1989-06-27 13:00:00,3.2416,3.2416,0,0,0,0,0,0
1989-06-27 14:00:00,3.4848,3.4848,0,0,0,0,0,0
1989-06-27 15:00:00,3.4964,3.4964,0,0,0,0,0,0
1989-06-27 16:00:00,3.8142,3.8142,0,0,0,0,0,0
1989-06-27 17:00:00,3.7348,3.7348,0,0,0,0,0,0
1989-06-27 18:00:00,3.5357,3.5357,0,0,0,0,0,0
1989-06-27 19:00:00,3.7649,3.7649,0,0,0,0,0,0
1989-06-27 20:00:00,3.9533,3.9533,0,0,0,0,0,0
1989-06-27 21:00:00,3.955,3.955,0,0,0,0,0,0
1989-06-27 22:00:00,5.3381,5.3381,0,0,0,0,0,0
1989-06-27 23:00:00,5.8556,5.8556,0,0,0,0,0,0
1989-06-28 00:00:00,5.7198,5.7198,0,0,0,0,0,0
1989-06-28 01:00:00,5.5257,5.5257,0,0,0,0,0,0
1989-06-28 02:00:00,5.5046,5.5046,0,0,0,0,0,0
1989-06-28 03:00:00,5.3685,5.3685,0,0,0,0,0,0
1989-06-28 04:00:00,5.101,5.101,0,0,0,0,0,0
1989-06-28 05:00:00,5.0673,5.0673,0,0,0,0,0,0
1989-06-28 06:00:00,4.8727,4.8727,0,0,0,0,0,0
1989-06-28 07:00:00,4.4831,4.4831,0,0,0,0,0,0
1989-06-28 08:00:00,4.2631,4.2631,0,0,0,0,0,0
1989-06-28 09:00:00,4.0432,4.0432,0,0,0,0,0,0
1989-06-28 10:00:00,3.7015,3.7015,0,0,0,0,0,0
1989-06-28 11:00:00,3.6102,3.6102,0,0,0,0,0,0
1989-06-28 12:00:00,3.4194,3.4194,0,0,0,0,0,0
1989-06-28 13:00:00,3.4861,3.4861,0,0,0,0,0,0
1989-06-28 14:00:00,3.9539,3.9539,0,0,0,0,0,0
1989-06-28 15:00:00,3.5474,3.5474,0,0,0,0,0,0
1989-06-28 16:00:00,3.6908,3.6908,0,0,0,0,0,0
1989-06-28 17:00:00,4.461,4.461,0,0,0,0,0,0
1989-06-28 18:00:00,5.9112,5.9112,0,0,0,0,0,0
1989-06-28 19:00:00,6.757,6.757,0,0,0,0,0,0
1989-06-28 20:00:00,7.2082,7.2082,0,0,0,0,0,0
1989-06-28 21:00:00,6.9823,6.9823,0,0,0,0,0,0
1989-06-28 22:00:00,5.5411,5.5411,0,0,0,0,0,0
1989-06-28 23:00:00,4.5738,4.5738,0,0,0,0,0,0
1989-06-29 00:00:00,4.0649,4.0649,0,0,0,0,0,0
1989-06-29 01:00:00,4.8627,4.8627,0,0,0,0,0,0
1989-06-29 02:00:00,5.5556,5.5556,0,0,0,0,0,0
1989-06-29 03:00:00,5.5633,5.5633,0,0,0,0,0,0
1989-06-29 04:00:00,4.9961,4.9961,0,0,0,0,0,0
1989-06-29 05:00:00,4.1932,4.1932,0,0,0,0,0,0
1989-06-29 06:00:00,3.5032,3.5032,0,0,0,0,0,0
1989-06-29 07:00:00,3.4155,3.4155,0,0,0,0,0,0
1989-06-29 08:00:00,4.5685,4.5685,0,0,0,0,0,0
1989-06-29 09:00:00,6.2256,6.2256,0,0,0,0,0,0
1989-06-29 10:00:00,6.7212,6.7212,0,0,0,0,0,0
1989-06-29 11:00:00,8.006,8.006,0,0,0,0,0,0
1989-06-29 12:00:00,9.626,9.626,0,0,0,0,0,0
1989-06-29 13:00:00,10.9705,10.9705,0,0,0,0,0,0
1989-06-29 14:00:00,12.1548,12.1548,0,0,0,0,0,0
1989-06-29 15:00:00,12.7641,12.7641,0,0,0,0,0,0
1989-06-29 16:00:00,12.6815,12.6815,0,0,0,0,0,0
1989-06-29 17:00:00,12.1491,12.1491,0,0,0,0,0,0
1989-06-29 18:00:00,11.2296,11.2296,0,0,0,0,0,0
1989-06-29 19:00:00,10.065,10.065,0,0,0,0,0,0
1989-06-29 20:00:00,8.9182,8.9182,0,0,0,0,0,0
1989-06-29 21:00:00,8.5217,8.5217,0,0,0,0,0,0
1989-06-29 22:00:00,8.7975,8.7975,0,0,0,0,0,0
1989-06-29 23:00:00,8.6864,8.6864,0,0,0,0,0,0
1989-06-30 00:00:00,8.3946,8.3946,0,0,0,0,0,0
1989-06-30 01:00:00,7.8919,7.8919,0,0,0,0,0,0
1989-06-30 02:00:00,7.2707,7.2707,0,0,0,0,0,0
1989-06-30 03:00:00,6.8418,6.8418,0,0,0,0,0,0
1989-06-30 04:00:00,6.3426,6.3426,0,0,0,0,0,0
1989-06-30 05:00:00,5.8978,5.8978,0,0,0,0,0,0
1989-06-30 06:00:00,5.6305,5.6305,0,0,0,0,0,0
1989-06-30 07:00:00,6.1243,6.1243,0,0,0,0,0,0
1989-06-30 08:00:00,7.1455,7.1455,0,0,0,0,0,0
1989-06-30 09:00:00,8.1565,8.1565,0,0,0,0,0,0
1989-06-30 10:00:00,8.6219,8.6219,0,0,0,0,0,0
1989-06-30 11:00:00,9.369,9.369,0,0,0,0,0,0
1989-06-30 12:00:00,9.844,9.844,0,0,0,0,0,0
1989-06-30 13:00:00,10.5474,10.5474,0,0,0,0,0,0
1989-06-30 14:00:00,11.5218,11.5218,0,0,0,0,0,0
1989-06-30 15:00:00,12.088,12.088,0,0,0,0,0,0
1989-06-30 16:00:00,12.4461,12.4461,0,0,0,0,0,0
1989-06-30 17:00:00,12.2723,12.2723,0,0,0,0,0,0
1989-06-30 18:00:00,11.9768,11.9768,0,0,0,0,0,0
1989-06-30 19:00:00,11.3512,11.3512,0,0,0,0,0,0
1989-06-30 20:00:00,10.5405,10.5405,0,0,0,0,0,0
1989-06-30 21:00:00,9.4637,9.4637,0,0,0,0,0,0
1989-06-30 22:00:00,8.3213,8.3213,0,0,0,0,0,0
1989-06-30 23:00:00,7.5837,7.5837,0,0,0,0,0,0
1989-07-01 00:00:00,7.2655,7.2655,0,0,0,0,0,0
1989-07-01 01:00:00,7.2162,7.2162,0,0,0,0,0,0
1989-07-01 02:00:00,7.079,7.079,0,0,0,0,0,0
1989-07-01 03:00:00,6.7611,6.7611,0,0,0,0,0,0
1989-07-01 04:00:00,6.5367,6.5367,0,0,0,0,0,0
1989-07-01 05:00:00,6.2078,6.2078,0,0,0,0,0,0
1989-07-01 06:00:00,5.7941,5.7941,0,0,0,0,0,0
1989-07-01 07:00:00,5.3662,5.3662,0,0,0,0,0,0
1989-07-01 08:00:00,5.0387,5.0387,0,0,0,0,0,0
1989-07-01 09:00:00,5.3947,5.3947,0,0,0,0,0,0
1989-07-01 10:00:00,5.7377,5.7377,0,0,0,0,0,0
1989-07-01 11:00:00,6.3416,6.3416,0,0,0,0,0,0
1989-07-01 12:00:00,7.3495,7.3495,0,0,0,0,0,0
1989-07-01 13:00:00,8.544,8.544,0,0,0,0,0,0
1989-07-01 14:00:00,9.5465,9.5465,0,0,0,0,0,0
1989-07-01 15:00:00,9.7862,9.7862,0,0,0,0,0,0
1989-07-01 16:00:00,9.6394,9.6394,0,0,0,0,0,0
1989-07-01 17:00:00,9.4679,9.4679,0,0,0,0,0,0
1989-07-01 18:00:00,9.3522,9.3522,0,0,0,0,0,0
1989-07-01 19:00:00,8.728,8.728,0,0,0,0,0,0
1989-07-01 20:00:00,7.9595,7.9595,0,0,0,0,0,0
1989-07-01 21:00:00,6.8276,6.8276,0,0,0,0,0,0
1989-07-01 22:00:00,5.5302,5.5302,0,0,0,0,0,0
1989-07-01 23:00:00,4.746,4.746,0,0,0,0,0,0
1989-07-02 00:00:00,4.1923,4.1923,0,0,0,0,0,0
1989-07-02 01:00:00,3.4331,3.4331,0,0,0,0,0,0
1989-07-02 02:00:00,2.9889,2.9889,0,0,0,0,0,0
1989-07-02 03:00:00,2.7308,2.7308,0,0,0,0,0,0
1989-07-02 04:00:00,2.5923,2.5923,0,0,0,0,0,0
1989-07-02 05:00:00,2.2245,2.2245,0,0,0,0,0,0
1989-07-02 06:00:00,1.6318,1.6318,0,0,0,0,0,0
1989-07-02 07:00:00,1.0845,1.0845,0,0,0,0,0,0
1989-07-02 08:00:00,0.5425,0.5425,0,0,0,0,0,0
1989-07-02 09:00:00,2.3603,2.3603,0,0,0,0,0,0
1989-07-02 10:00:00,3.8928,3.8928,0,0,0,0,0,0
1989-07-02 11:00:00,4.2534,4.2534,0,0,0,0,0,0
1989-07-02 12:00:00,5.05,5.05,0,0,0,0,0,0
1989-07-02 13:00:00,6.6295,6.6295,0,0,0,0,0,0
1989-07-02 14:00:00,7.558,7.558,0,0,0,0,0,0
1989-07-02 15:00:00,6.9116,6.9116,0,0,0,0,0,0
1989-07-02 16:00:00,6.2702,6.2702,0,0,0,0,0,0
1989-07-02 17:00:00,5.6882,5.6882,0,0,0,0,0,0
1989-07-02 18:00:00,6.1874,6.1874,0,0,0,0,0,0
1989-07-02 19:00:00,6.5613,6.5613,0,0,0,0,0,0
1989-07-02 20:00:00,5.5553,5.5553,0,0,0,0,0,0
1989-07-02 21:00:00,5.1676,5.1676,0,0,0,0,0,0
1989-07-02 22:00:00,6.0041,6.0041,0,0,0,0,0,0
1989-07-02 23:00:00,6.2484,6.2484,0,0,0,0,0,0
1989-07-03 00:00:00,6.5617,6.5617,0,0,0,0,0,0
1989-07-03 01:00:00,6.799,6.799,0,0,0,0,0,0
1989-07-03 02:00:00,6.7467,6.7467,0,0,0,0,0,0
1989-07-03 03:00:00,6.6614,6.6614,0,0,0,0,0,0
1989-07-03 04:00:00,7.175,7.175,0,0,0,0,0,0
1989-07-03 05:00:00,7.691,7.691,0,0,0,0,0,0
1989-07-03 06:00:00,7.585,7.585,0,0,0,0,0,0
1989-07-03 07:00:00,7.4713,7.4713,0,0,0,0,0,0
1989-07-03 08:00:00,7.5448,7.5448,0,0,0,0,0,0
1989-07-03 09:00:00,7.8973,7.8973,0,0,0,0,0,0
1989-07-03 10:00:00,9.2114,9.2114,0,0,0,0,0,0
1989-07-03 11:00:00,9.5703,9.5703,0,0,0,0,0,0
1989-07-03 12:00:00,9.659,9.659,0,0,0,0,0,0
1989-07-03 13:00:00,9.7379,9.7379,0,0,0,0,0,0
1989-07-03 14:00:00,9.7057,9.7057,0,0,0,0,0,0
1989-07-03 15:00:00,9.6776,9.6776,0,0,0,0,0,0
1989-07-03 16:00:00,9.7296,9.7296,0,0,0,0,0,0
1989-07-03 17:00:00,9.621,9.621,0,0,0,0,0,0
1989-07-03 18:00:00,9.3882,9.3882,0,0,0,0,0,0
1989-07-03 19:00:00,9.102,9.102,0,0,0,0,0,0
1989-07-03 20:00:00,8.9151,8.9151,0,0,0,0,0,0
1989-07-03 21:00:00,8.532,8.532,0,0,0,0,0,0
1989-07-03 22:00:00,8.0694,8.0694,0,0,0,0,0,0
1989-07-03 23:00:00,7.8106,7.8106,0,0,0,0,0,0
1989-07-04 00:00:00,7.1509,7.1509,0,0,0,0,0,0
1989-07-04 01:00:00,6.1179,6.1179,0,0,0,0,0,0
1989-07-04 02:00:00,5.3104,5.3104,0,0,0,0,0,0
1989-07-04 03:00:00,5.4378,5.4378,0,0,0,0,0,0
1989-07-04 04:00:00,6.0945,6.0945,0,0,0,0,0,0
1989-07-04 05:00:00,6.2947,6.2947,0,0,0,0,0,0
1989-07-04 06:00:00,5.9845,5.9845,0,0,0,0,0,0
1989-07-04 07:00:00,5.5483,5.5483,0,0,0,0,0,0
1989-07-04 08:00:00,4.9742,4.9742,0,0,0,0,0,0
1989-07-04 09:00:00,4.9552,4.9552,0,0,0,0,0,0
1989-07-04 10:00:00,4.833,4.833,0,0,0,0,0,0
1989-07-04 11:00:00,5.1906,5.1906,0,0,0,0,0,0
1989-07-04 12:00:00,5.5531,5.5531,0,0,0,0,0,0
1989-07-04 13:00:00,5.6791,5.6791,0,0,0,0,0,0
1989-07-04 14:00:00,5.9907,5.9907,0,0,0,0,0,0
1989-07-04 15:00:00,6.409,6.409,0,0,0,0,0,0
1989-07-04 16:00:00,6.5841,6.5841,0,0,0,0,0,0
1989-07-04 17:00:00,6.2026,6.2026,0,0,0,0,0,0
1989-07-04 18:00:00,5.5526,5.5526,0,0,0,0,0,0
1989-07-04 19:00:00,5.0758,5.0758,0,0,0,0,0,0
1989-07-04 20:00:00,4.8328,4.8328,0,0,0,0,0,0
1989-07-04 21:00:00,5.0557,5.0557,0,0,0,0,0,0
1989-07-04 22:00:00,4.591,4.591,0,0,0,0,0,0
1989-07-04 23:00:00,5.2766,5.2766,0,0,0,0,0,0
1989-07-05 00:00:00,5.9982,5.9982,0,0,0,0,0,0
1989-07-05 01:00:00,6.0853,6.0853,0,0,0,0,0,0
1989-07-05 02:00:00,5.921,5.921,0,0,0,0,0,0
1989-07-05 03:00:00,5.5886,5.5886,0,0,0,0,0,0
1989-07-05 04:00:00,5.1262,5.1262,0,0,0,0,0,0
1989-07-05 05:00:00,4.6259,4.6259,0,0,0,0,0,0
1989-07-05 06:00:00,4.2585,4.2585,0,0,0,0,0,0
1989-07-05 07:00:00,4.0498,4.0498,0,0,0,0,0,0
1989-07-05 08:00:00,3.7958,3.7958,0,0,0,0,0,0
1989-07-05 09:00:00,3.8175,3.8175,0,0,0,0,0,0
1989-07-05 10:00:00,4.7408,4.7408,0,0,0,0,0,0
1989-07-05 11:00:00,5.7454,5.7454,0,0,0,0,0,0
1989-07-05 12:00:00,6.896,6.896,0,0,0,0,0,0
1989-07-05 13:00:00,7.9123,7.9123,0,0,0,0,0,0
1989-07-05 14:00:00,8.6129,8.6129,0,0,0,0,0,0
1989-07-05 15:00:00,8.8391,8.8391,0,0,0,0,0,0
1989-07-05 16:00:00,8.9963,8.9963,0,0,0,0,0,0
1989-07-05 17:00:00,9.1373,9.1373,0,0,0,0,0,0
1989-07-05 18:00:00,9.0179,9.0179,0,0,0,0,0,0
1989-07-05 19:00:00,8.1288,8.1288,0,0,0,0,0,0
1989-07-05 20:00:00,6.7954,6.7954,0,0,0,0,0,0
1989-07-05 21:00:00,5.6511,5.6511,0,0,0,0,0,0
1989-07-05 22:00:00,4.6777,4.6777,0,0,0,0,0,0
1989-07-05 23:00:00,4.8925,4.8925,0,0,0,0,0,0
1989-07-06 00:00:00,4.8863,4.8863,0,0,0,0,0,0
1989-07-06 01:00:00,4.6394,4.6394,0,0,0,0,0,0
1989-07-06 02:00:00,4.3981,4.3981,0,0,0,0,0,0
1989-07-06 03:00:00,4.0107,4.0107,0,0,0,0,0,0
1989-07-06 04:00:00,3.3421,3.3421,0,0,0,0,0,0
1989-07-06 05:00:00,2.7653,2.7653,0,0,0,0,0,0
1989-07-06 06:00:00,2.3886,2.3886,0,0,0,0,0,0
1989-07-06 07:00:00,2.129,2.129,0,0,0,0,0,0
1989-07-06 08:00:00,1.6901,1.6901,0,0,0,0,0,0
1989-07-06 09:00:00,1.3745,1.3745,0,0,0,0,0,0
1989-07-06 10:00:00,1.9355,1.9355,0,0,0,0,0,0
1989-07-06 11:00:00,2.9672,2.9672,0,0,0,0,0,0
1989-07-06 12:00:00,4.1671,4.1671,0,0,0,0,0,0
1989-07-06 13:00:00,4.8292,4.8292,0,0,0,0,0,0
1989-07-06 14:00:00,5.6234,5.6234,0,0,0,0,0,0
1989-07-06 15:00:00,6.2527,6.2527,0,0,0,0,0,0
1989-07-06 16:00:00,6.0288,6.0288,0,0,0,0,0,0
1989-07-06 17:00:00,5.6018,5.6018,0,0,0,0,0,0
1989-07-06 18:00:00,4.9213,4.9213,0,0,0,0,0,0
1989-07-06 19:00:00,3.481,3.481,0,0,0,0,0,0
1989-07-06 20:00:00,1.9983,1.9983,0,0,0,0,0,0
1989-07-06 21:00:00,1.0796,1.0796,0,0,0,0,0,0
1989-07-06 22:00:00,1.809,1.809,0,0,0,0,0,0
1989-07-06 23:00:00,2.7582,2.7582,0,0,0,0,0,0
1989-07-07 00:00:00,3.3312,3.3312,0,0,0,0,0,0
1989-07-07 01:00:00,3.7977,3.7977,0,0,0,0,0,0
1989-07-07 02:00:00,3.8303,3.8303,0,0,0,0,0,0
1989-07-07 03:00:00,3.3956,3.3956,0,0,0,0,0,0
1989-07-07 04:00:00,2.8125,2.8125,0,0,0,0,0,0
1989-07-07 05:00:00,2.641,2.641,0,0,0,0,0,0
1989-07-07 06:00:00,2.6369,2.6369,0,0,0,0,0,0
1989-07-07 07:00:00,2.4098,2.4098,0,0,0,0,0,0
1989-07-07 08:00:00,2.6314,2.6314,0,0,0,0,0,0
1989-07-07 09:00:00,2.9495,2.9495,0,0,0,0,0,0
1989-07-07 10:00:00,2.37,2.37,0,0,0,0,0,0
1989-07-07 11:00:00,2.9005,2.9005,0,0,0,0,0,0
1989-07-07 12:00:00,3.6206,3.6206,0,0,0,0,0,0
1989-07-07 13:00:00,3.759,3.759,0,0,0,0,0,0
1989-07-07 14:00:00,3.4617,3.4617,0,0,0,0,0,0
1989-07-07 15:00:00,3.3172,3.3172,0,0,0,0,0,0
1989-07-07 16:00:00,3.3642,3.3642,0,0,0,0,0,0
1989-07-07 17:00:00,3.3488,3.3488,0,0,0,0,0,0
1989-07-07 18:00:00,2.8357,2.8357,0,0,0,0,0,0
1989-07-07 19:00:00,1.8286,1.8286,0,0,0,0,0,0
1989-07-07 20:00:00,1.3031,1.3031,0,0,0,0,0,0
1989-07-07 21:00:00,1.8359,1.8359,0,0,0,0,0,0
1989-07-07 22:00:00,2.0869,2.0869,0,0,0,0,0,0
1989-07-07 23:00:00,2.315,2.315,0,0,0,0,0,0
1989-07-08 00:00:00,2.6382,2.6382,0,0,0,0,0,0
1989-07-08 01:00:00,2.4436,2.4436,0,0,0,0,0,0
1989-07-08 02:00:00,1.8426,1.8426,0,0,0,0,0,0
1989-07-08 03:00:00,1.4174,1.4174,0,0,0,0,0,0
1989-07-08 04:00:00,1.1926,1.1926,0,0,0,0,0,0
1989-07-08 05:00:00,1.0671,1.0671,0,0,0,0,0,0
1989-07-08 06:00:00,0.8251,0.8251,0,0,0,0,0,0
1989-07-08 07:00:00,0.9314,0.9314,0,0,0,0,0,0
1989-07-08 08:00:00,1.8835,1.8835,0,0,0,0,0,0
1989-07-08 09:00:00,2.9465,2.9465,0,0,0,0,0,0
1989-07-08 10:00:00,3.0784,3.0784,0,0,0,0,0,0
1989-07-08 11:00:00,3.8444,3.8444,0,0,0,0,0,0
1989-07-08 12:00:00,4.2122,4.2122,0,0,0,0,0,0
1989-07-08 13:00:00,4.9473,4.9473,0,0,0,0,0,0
1989-07-08 14:00:00,5.7702,5.7702,0,0,0,0,0,0
1989-07-08 15:00:00,5.3956,5.3956,0,0,0,0,0,0
1989-07-08 16:00:00,4.448,4.448,0,0,0,0,0,0
1989-07-08 17:00:00,3.0346,3.0346,0,0,0,0,0,0
1989-07-08 18:00:00,2.4733,2.4733,0,0,0,0,0,0
1989-07-08 19:00:00,4.0284,4.0284,0,0,0,0,0,0
1989-07-08 20:00:00,4.5458,4.5458,0,0,0,0,0,0
1989-07-08 21:00:00,4.2686,4.2686,0,0,0,0,0,0
1989-07-08 22:00:00,2.7092,2.7092,0,0,0,0,0,0
1989-07-08 23:00:00,1.5166,1.5166,0,0,0,0,0,0
1989-07-09 00:00:00,2.0442,2.0442,0,0,0,0,0,0
1989-07-09 01:00:00,2.7058,2.7058,0,0,0,0,0,0
1989-07-09 02:00:00,2.5924,2.5924,0,0,0,0,0,0
1989-07-09 03:00:00,2.6367,2.6367,0,0,0,0,0,0
1989-07-09 04:00:00,2.4796,2.4796,0,0,0,0,0,0
1989-07-09 05:00:00,1.3561,1.3561,0,0,0,0,0,0
1989-07-09 06:00:00,1.7434,1.7434,0,0,0,0,0,0
1989-07-09 07:00:00,2.0267,2.0267,0,0,0,0,0,0
1989-07-09 08:00:00,2.8162,2.8162,0,0,0,0,0,0
1989-07-09 09:00:00,2.959,2.959,0,0,0,0,0,0
1989-07-09 10:00:00,2.636,2.636,0,0,0,0,0,0
1989-07-09 11:00:00,3.0941,3.0941,0,0,0,0,0,0
1989-07-09 12:00:00,3.6625,3.6625,0,0,0,0,0,0
1989-07-09 13:00:00,3.9396,3.9396,0,0,0,0,0,0
1989-07-09 14:00:00,3.9405,3.9405,0,0,0,0,0,0
1989-07-09 15:00:00,3.5825,3.5825,0,0,0,0,0,0
1989-07-09 16:00:00,3.4796,3.4796,0,0,0,0,0,0
1989-07-09 17:00:00,3.4492,3.4492,0,0,0,0,0,0
1989-07-09 18:00:00,3.4301,3.4301,0,0,0,0,0,0
1989-07-09 19:00:00,3.4107,3.4107,0,0,0,0,0,0
1989-07-09 20:00:00,2.9675,2.9675,0,0,0,0,0,0
1989-07-09 21:00:00,2.6505,2.6505,0,0,0,0,0,0
1989-07-09 22:00:00,3.7978,3.7978,0,0,0,0,0,0
1989-07-09 23:00:00,3.4993,3.4993,0,0,0,0,0,0
1989-07-10 00:00:00,2.9187,2.9187,0,0,0,0,0,0
1989-07-10 01:00:00,1.846,1.846,0,0,0,0,0,0
1989-07-10 02:00:00,0.7492,0.7492,0,0,0,0,0,0
1989-07-10 03:00:00,1.5755,1.5755,0,0,0,0,0,0
1989-07-10 04:00:00,2.8524,2.8524,0,0,0,0,0,0
1989-07-10 05:00:00,3.4651,3.4651,0,0,0,0,0,0
1989-07-10 06:00:00,3.3001,3.3001,0,0,0,0,0,0
1989-07-10 07:00:00,2.612,2.612,0,0,0,0,0,0
1989-07-10 08:00:00,2.0503,2.0503,0,0,0,0,0,0
1989-07-10 09:00:00,2.1634,2.1634,0,0,0,0,0,0
1989-07-10 10:00:00,3.6946,3.6946,0,0,0,0,0,0
1989-07-10 11:00:00,4.751,4.751,0,0,0,0,0,0
1989-07-10 12:00:00,6.1035,6.1035,0,0,0,0,0,0
1989-07-10 13:00:00,6.993,6.993,0,0,0,0,0,0
1989-07-10 14:00:00,8.3247,8.3247,0,0,0,0,0,0
1989-07-10 15:00:00,9.0682,9.0682,0,0,0,0,0,0
1989-07-10 16:00:00,9.3164,9.3164,0,0,0,0,0,0
1989-07-10 17:00:00,8.6886,8.6886,0,0,0,0,0,0
1989-07-10 18:00:00,8.2625,8.2625,0,0,0,0,0,0
1989-07-10 19:00:00,8.0824,8.0824,0,0,0,0,0,0
1989-07-10 20:00:00,7.2668,7.2668,0,0,0,0,0,0
1989-07-10 21:00:00,5.9889,5.9889,0,0,0,0,0,0
1989-07-10 22:00:00,4.2023,4.2023,0,0,0,0,0,0
1989-07-10 23:00:00,3.1292,3.1292,0,0,0,0,0,0
1989-07-11 00:00:00,2.705,2.705,0,0,0,0,0,0
1989-07-11 01:00:00,2.4927,2.4927,0,0,0,0,0,0
1989-07-11 02:00:00,2.393,2.393,0,0,0,0,0,0
1989-07-11 03:00:00,2.066,2.066,0,0,0,0,0,0
1989-07-11 04:00:00,2.1584,2.1584,0,0,0,0,0,0
1989-07-11 05:00:00,2.6372,2.6372,0,0,0,0,0,0
1989-07-11 06:00:00,3.1874,3.1874,0,0,0,0,0,0
1989-07-11 07:00:00,3.7247,3.7247,0,0,0,0,0,0
1989-07-11 08:00:00,3.9452,3.9452,0,0,0,0,0,0
1989-07-11 09:00:00,4.0002,4.0002,0,0,0,0,0,0
1989-07-11 10:00:00,2.8796,2.8796,0,0,0,0,0,0
1989-07-11 11:00:00,3.0765,3.0765,0,0,0,0,0,0
1989-07-11 12:00:00,3.3378,3.3378,0,0,0,0,0,0
1989-07-11 13:00:00,3.7074,3.7074,0,0,0,0,0,0
1989-07-11 14:00:00,3.6126,3.6126,0,0,0,0,0,0
1989-07-11 15:00:00,3.1353,3.1353,0,0,0,0,0,0
1989-07-11 16:00:00,2.6063,2.6063,0,0,0,0,0,0
1989-07-11 17:00:00,2.2149,2.2149,0,0,0,0,0,0
1989-07-11 18:00:00,2.1273,2.1273,0,0,0,0,0,0
1989-07-11 19:00:00,2.6046,2.6046,0,0,0,0,0,0
1989-07-11 20:00:00,2.4194,2.4194,0,0,0,0,0,0
1989-07-11 21:00:00,0.6565,0.6565,0,0,0,0,0,0
1989-07-11 22:00:00,1.0164,1.0164,0,0,0,0,0,0
1989-07-11 23:00:00,3.5482,3.5482,0,0,0,0,0,0
1989-07-12 00:00:00,5.3075,5.3075,0,0,0,0,0,0
1989-07-12 01:00:00,5.7867,5.7867,0,0,0,0,0,0
1989-07-12 02:00:00,4.7528,4.7528,0,0,0,0,0,0
1989-07-12 03:00:00,3.3824,3.3824,0,0,0,0,0,0
1989-07-12 04:00:00,2.117,2.117,0,0,0,0,0,0
1989-07-12 05:00:00,1.9916,1.9916,0,0,0,0,0,0
1989-07-12 06:00:00,2.4256,2.4256,0,0,0,0,0,0
1989-07-12 07:00:00,2.4091,2.4091,0,0,0,0,0,0
1989-07-12 08:00:00,2.4059,2.4059,0,0,0,0,0,0
1989-07-12 09:00:00,2.239,2.239,0,0,0,0,0,0
1989-07-12 10:00:00,2.1407,2.1407,0,0,0,0,0,0
1989-07-12 11:00:00,2.5767,2.5767,0,0,0,0,0,0
1989-07-12 12:00:00,3.0759,3.0759,0,0,0,0,0,0
1989-07-12 13:00:00,4.0679,4.0679,0,0,0,0,0,0
1989-07-12 14:00:00,5.7503,5.7503,0,0,0,0,0,0
1989-07-12 15:00:00,7.6977,7.6977,0,0,0,0,0,0
1989-07-12 16:00:00,8.0098,8.0098,0,0,0,0,0,0
1989-07-12 17:00:00,6.5349,6.5349,0,0,0,0,0,0
1989-07-12 18:00:00,4.3648,4.3648,0,0,0,0,0,0
1989-07-12 19:00:00,1.4222,1.4222,0,0,0,0,0,0
1989-07-12 20:00:00,3.3322,3.3322,0,0,0,0,0,0
1989-07-12 21:00:00,6.9047,6.9047,0,0,0,0,0,0
1989-07-12 22:00:00,8.3283,8.3283,0,0,0,0,0,0
1989-07-12 23:00:00,8.7161,8.7161,0,0,0,0,0,0
1989-07-13 00:00:00,7.5635,7.5635,0,0,0,0,0,0
1989-07-13 01:00:00,5.7289,5.7289,0,0,0,0,0,0
1989-07-13 02:00:00,4.5612,4.5612,0,0,0,0,0,0
1989-07-13 03:00:00,4.9242,4.9242,0,0,0,0,0,0
1989-07-13 04:00:00,6.6747,6.6747,0,0,0,0,0,0
1989-07-13 05:00:00,6.1115,6.1115,0,0,0,0,0,0
1989-07-13 06:00:00,4.2817,4.2817,0,0,0,0,0,0
1989-07-13 07:00:00,4.7477,4.7477,0,0,0,0,0,0
1989-07-13 08:00:00,6.3252,6.3252,0,0,0,0,0,0
1989-07-13 09:00:00,7.6812,7.6812,0,0,0,0,0,0
1989-07-13 10:00:00,9.0502,9.0502,0,0,0,0,0,0
1989-07-13 11:00:00,8.745,8.745,0,0,0,0,0,0
1989-07-13 12:00:00,8.814,8.814,0,0,0,0,0,0
1989-07-13 13:00:00,7.722,7.722,0,0,0,0,0,0
1989-07-13 14:00:00,5.5814,5.5814,0,0,0,0,0,0
1989-07-13 15:00:00,5.0637,5.0637,0,0,0,0,0,0
1989-07-13 16:00:00,6.3342,6.3342,0,0,0,0,0,0
1989-07-13 17:00:00,6.8817,6.8817,0,0,0,0,0,0
1989-07-13 18:00:00,6.393,6.393,0,0,0,0,0,0
1989-07-13 19:00:00,5.0243,5.0243,0,0,0,0,0,0
1989-07-13 20:00:00,3.5825,3.5825,0,0,0,0,0,0
1989-07-13 21:00:00,3.1187,3.1187,0,0,0,0,0,0
1989-07-13 22:00:00,3.7416,3.7416,0,0,0,0,0,0
1989-07-13 23:00:00,5.0295,5.0295,0,0,0,0,0,0
1989-07-14 00:00:00,5.6769,5.6769,0,0,0,0,0,0
1989-07-14 01:00:00,6.2963,6.2963,0,0,0,0,0,0
1989-07-14 02:00:00,5.9666,5.9666,0,0,0,0,0,0
1989-07-14 03:00:00,5.7633,5.7633,0,0,0,0,0,0
1989-07-14 04:00:00,5.5339,5.5339,0,0,0,0,0,0
1989-07-14 05:00:00,5.357,5.357,0,0,0,0,0,0
1989-07-14 06:00:00,5.5731,5.5731,0,0,0,0,0,0
1989-07-14 07:00:00,6.0821,6.0821,0,0,0,0,0,0
1989-07-14 08:00:00,6.5224,6.5224,0,0,0,0,0,0
1989-07-14 09:00:00,6.6415,6.6415,0,0,0,0,0,0
1989-07-14 10:00:00,6.2403,6.2403,0,0,0,0,0,0
1989-07-14 11:00:00,6.443,6.443,0,0,0,0,0,0
1989-07-14 12:00:00,6.9762,6.9762,0,0,0,0,0,0
1989-07-14 13:00:00,6.815,6.815,0,0,0,0,0,0
1989-07-14 14:00:00,6.8737,6.8737,0,0,0,0,0,0
1989-07-14 15:00:00,7.4134,7.4134,0,0,0,0,0,0
1989-07-14 16:00:00,7.6531,7.6531,0,0,0,0,0,0
1989-07-14 17:00:00,7.4769,7.4769,0,0,0,0,0,0
1989-07-14 18:00:00,7.0542,7.0542,0,0,0,0,0,0
1989-07-14 19:00:00,6.7429,6.7429,0,0,0,0,0,0
1989-07-14 20:00:00,6.7505,6.7505,0,0,0,0,0,0
1989-07-14 21:00:00,6.47,6.47,0,0,0,0,0,0
1989-07-14 22:00:00,5.4602,5.4602,0,0,0,0,0,0
1989-07-14 23:00:00,4.8885,4.8885,0,0,0,0,0,0
1989-07-15 00:00:00,5.2636,5.2636,0,0,0,0,0,0
1989-07-15 01:00:00,5.7603,5.7603,0,0,0,0,0,0
1989-07-15 02:00:00,5.7838,5.7838,0,0,0,0,0,0
1989-07-15 03:00:00,5.4334,5.4334,0,0,0,0,0,0
1989-07-15 04:00:00,5.1924,5.1924,0,0,0,0,0,0
1989-07-15 05:00:00,4.9282,4.9282,0,0,0,0,0,0
1989-07-15 06:00:00,4.8147,4.8147,0,0,0,0,0,0
1989-07-15 07:00:00,5.3942,5.3942,0,0,0,0,0,0
1989-07-15 08:00:00,5.7428,5.7428,0,0,0,0,0,0
1989-07-15 09:00:00,5.6436,5.6436,0,0,0,0,0,0
1989-07-15 10:00:00,4.37,4.37,0,0,0,0,0,0
1989-07-15 11:00:00,5.3354,5.3354,0,0,0,0,0,0
1989-07-15 12:00:00,6.6874,6.6874,0,0,0,0,0,0
1989-07-15 13:00:00,7.2436,7.2436,0,0,0,0,0,0
1989-07-15 14:00:00,7.5744,7.5744,0,0,0,0,0,0
1989-07-15 15:00:00,7.931,7.931,0,0,0,0,0,0
1989-07-15 16:00:00,8.3845,8.3845,0,0,0,0,0,0
1989-07-15 17:00:00,8.8573,8.8573,0,0,0,0,0,0
1989-07-15 18:00:00,9.2041,9.2041,0,0,0,0,0,0
1989-07-15 19:00:00,8.6832,8.6832,0,0,0,0,0,0
1989-07-15 20:00:00,8.2872,8.2872,0,0,0,0,0,0
1989-07-15 21:00:00,7.8352,7.8352,0,0,0,0,0,0
1989-07-15 22:00:00,7.248,7.248,0,0,0,0,0,0
1989-07-15 23:00:00,7.3517,7.3517,0,0,0,0,0,0
1989-07-16 00:00:00,7.4766,7.4766,0,0,0,0,0,0
1989-07-16 01:00:00,7.2697,7.2697,0,0,0,0,0,0
1989-07-16 02:00:00,6.5023,6.5023,0,0,0,0,0,0
1989-07-16 03:00:00,5.8384,5.8384,0,0,0,0,0,0
1989-07-16 04:00:00,6.0301,6.0301,0,0,0,0,0,0
1989-07-16 05:00:00,6.2928,6.2928,0,0,0,0,0,0
1989-07-16 06:00:00,6.3514,6.3514,0,0,0,0,0,0
1989-07-16 07:00:00,6.4948,6.4948,0,0,0,0,0,0
1989-07-16 08:00:00,6.5707,6.5707,0,0,0,0,0,0
1989-07-16 09:00:00,6.5768,6.5768,0,0,0,0,0,0
1989-07-16 10:00:00,6.6158,6.6158,0,0,0,0,0,0
1989-07-16 11:00:00,7.5644,7.5644,0,0,0,0,0,0
1989-07-16 12:00:00,9.4233,9.4233,0,0,0,0,0,0
1989-07-16 13:00:00,11.0613,11.0613,0,0,0,0,0,0
1989-07-16 14:00:00,12.0624,12.0624,0,0,0,0,0,0
1989-07-16 15:00:00,12.4289,12.4289,0,0,0,0,0,0
1989-07-16 16:00:00,12.6309,12.6309,0,0,0,0,0,0
1989-07-16 17:00:00,12.6109,12.6109,0,0,0,0,0,0
1989-07-16 18:00:00,12.1575,12.1575,0,0,0,0,0,0
1989-07-16 19:00:00,11.1682,11.1682,0,0,0,0,0,0
1989-07-16 20:00:00,10.1603,10.1603,0,0,0,0,0,0
1989-07-16 21:00:00,8.6412,8.6412,0,0,0,0,0,0
1989-07-16 22:00:00,7.8055,7.8055,0,0,0,0,0,0
1989-07-16 23:00:00,6.7642,6.7642,0,0,0,0,0,0
1989-07-17 00:00:00,5.7364,5.7364,0,0,0,0,0,0
1989-07-17 01:00:00,5.6666,5.6666,0,0,0,0,0,0
1989-07-17 02:00:00,6.1439,6.1439,0,0,0,0,0,0
1989-07-17 03:00:00,6.5476,6.5476,0,0,0,0,0,0
1989-07-17 04:00:00,6.5496,6.5496,0,0,0,0,0,0
1989-07-17 05:00:00,5.9824,5.9824,0,0,0,0,0,0
1989-07-17 06:00:00,5.3541,5.3541,0,0,0,0,0,0
1989-07-17 07:00:00,5.017,5.017,0,0,0,0,0,0
1989-07-17 08:00:00,4.8362,4.8362,0,0,0,0,0,0
1989-07-17 09:00:00,4.9469,4.9469,0,0,0,0,0,0
1989-07-17 10:00:00,5.343,5.343,0,0,0,0,0,0
1989-07-17 11:00:00,6.0244,6.0244,0,0,0,0,0,0
1989-07-17 12:00:00,7.1267,7.1267,0,0,0,0,0,0
1989-07-17 13:00:00,8.4524,8.4524,0,0,0,0,0,0
1989-07-17 14:00:00,9.6679,9.6679,0,0,0,0,0,0
1989-07-17 15:00:00,10.2837,10.2837,0,0,0,0,0,0
1989-07-17 16:00:00,10.5138,10.5138,0,0,0,0,0,0
1989-07-17 17:00:00,10.527,10.527,0,0,0,0,0,0
1989-07-17 18:00:00,10.1354,10.1354,0,0,0,0,0,0
1989-07-17 19:00:00,8.9483,8.9483,0,0,0,0,0,0
1989-07-17 20:00:00,7.4402,7.4402,0,0,0,0,0,0
1989-07-17 21:00:00,6.0696,6.0696,0,0,0,0,0,0
1989-07-17 22:00:00,6.6203,6.6203,0,0,0,0,0,0
1989-07-17 23:00:00,6.2633,6.2633,0,0,0,0,0,0
1989-07-18 00:00:00,5.3119,5.3119,0,0,0,0,0,0
1989-07-18 01:00:00,4.4884,4.4884,0,0,0,0,0,0
1989-07-18 02:00:00,3.8016,3.8016,0,0,0,0,0,0
1989-07-18 03:00:00,3.4128,3.4128,0,0,0,0,0,0
1989-07-18 04:00:00,3.3444,3.3444,0,0,0,0,0,0
1989-07-18 05:00:00,3.5862,3.5862,0,0,0,0,0,0
1989-07-18 06:00:00,3.613,3.613,0,0,0,0,0,0
1989-07-18 07:00:00,3.7111,3.7111,0,0,0,0,0,0
1989-07-18 08:00:00,4.2076,4.2076,0,0,0,0,0,0
1989-07-18 09:00:00,5.1177,5.1177,0,0,0,0,0,0
1989-07-18 10:00:00,5.5373,5.5373,0,0,0,0,0,0
1989-07-18 11:00:00,6.598,6.598,0,0,0,0,0,0
1989-07-18 12:00:00,7.6075,7.6075,0,0,0,0,0,0
1989-07-18 13:00:00,8.4386,8.4386,0,0,0,0,0,0
1989-07-18 14:00:00,8.8616,8.8616,0,0,0,0,0,0
1989-07-18 15:00:00,8.8541,8.8541,0,0,0,0,0,0
1989-07-18 16:00:00,8.3339,8.3339,0,0,0,0,0,0
1989-07-18 17:00:00,7.6949,7.6949,0,0,0,0,0,0
1989-07-18 18:00:00,7.7345,7.7345,0,0,0,0,0,0
1989-07-18 19:00:00,7.6208,7.6208,0,0,0,0,0,0
1989-07-18 20:00:00,7.3139,7.3139,0,0,0,0,0,0
1989-07-18 21:00:00,7.0595,7.0595,0,0,0,0,0,0
1989-07-18 22:00:00,7.3335,7.3335,0,0,0,0,0,0
1989-07-18 23:00:00,7.5064,7.5064,0,0,0,0,0,0
1989-07-19 00:00:00,7.304,7.304,0,0,0,0,0,0
1989-07-19 01:00:00,6.7061,6.7061,0,0,0,0,0,0
1989-07-19 02:00:00,5.9892,5.9892,0,0,0,0,0,0
1989-07-19 03:00:00,5.2985,5.2985,0,0,0,0,0,0
1989-07-19 04:00:00,4.6784,4.6784,0,0,0,0,0,0
1989-07-19 05:00:00,4.0541,4.0541,0,0,0,0,0,0
1989-07-19 06:00:00,3.7022,3.7022,0,0,0,0,0,0
1989-07-19 07:00:00,3.2714,3.2714,0,0,0,0,0,0
1989-07-19 08:00:00,3.2455,3.2455,0,0,0,0,0,0
1989-07-19 09:00:00,4.095,4.095,0,0,0,0,0,0
1989-07-19 10:00:00,4.7881,4.7881,0,0,0,0,0,0
1989-07-19 11:00:00,5.3869,5.3869,0,0,0,0,0,0
1989-07-19 12:00:00,6.1348,6.1348,0,0,0,0,0,0
1989-07-19 13:00:00,6.9936,6.9936,0,0,0,0,0,0
1989-07-19 14:00:00,7.6369,7.6369,0,0,0,0,0,0
1989-07-19 15:00:00,7.821,7.821,0,0,0,0,0,0
1989-07-19 16:00:00,7.8811,7.8811,0,0,0,0,0,0
1989-07-19 17:00:00,7.8921,7.8921,0,0,0,0,0,0
1989-07-19 18:00:00,7.8519,7.8519,0,0,0,0,0,0
1989-07-19 19:00:00,7.3332,7.3332,0,0,0,0,0,0
1989-07-19 20:00:00,6.7296,6.7296,0,0,0,0,0,0
1989-07-19 21:00:00,5.8604,5.8604,0,0,0,0,0,0
1989-07-19 22:00:00,5.0863,5.0863,0,0,0,0,0,0
1989-07-19 23:00:00,4.0562,4.0562,0,0,0,0,0,0
1989-07-20 00:00:00,2.9185,2.9185,0,0,0,0,0,0
1989-07-20 01:00:00,2.0156,2.0156,0,0,0,0,0,0
1989-07-20 02:00:00,1.6721,1.6721,0,0,0,0,0,0
1989-07-20 03:00:00,1.6269,1.6269,0,0,0,0,0,0
1989-07-20 04:00:00,1.9157,1.9157,0,0,0,0,0,0
1989-07-20 05:00:00,2.1517,2.1517,0,0,0,0,0,0
1989-07-20 06:00:00,2.1122,2.1122,0,0,0,0,0,0
1989-07-20 07:00:00,1.8575,1.8575,0,0,0,0,0,0
1989-07-20 08:00:00,2.0122,2.0122,0,0,0,0,0,0
1989-07-20 09:00:00,2.2081,2.2081,0,0,0,0,0,0
1989-07-20 10:00:00,2.3528,2.3528,0,0,0,0,0,0
1989-07-20 11:00:00,2.79,2.79,0,0,0,0,0,0
1989-07-20 12:00:00,3.4961,3.4961,0,0,0,0,0,0
1989-07-20 13:00:00,3.8193,3.8193,0,0,0,0,0,0
1989-07-20 14:00:00,3.8509,3.8509,0,0,0,0,0,0
1989-07-20 15:00:00,3.4492,3.4492,0,0,0,0,0,0
1989-07-20 16:00:00,2.6441,2.6441,0,0,0,0,0,0
1989-07-20 17:00:00,1.6476,1.6476,0,0,0,0,0,0
1989-07-20 18:00:00,0.7432,0.7432,0,0,0,0,0,0
1989-07-20 19:00:00,0.4595,0.4595,0,0,0,0,0,0
1989-07-20 20:00:00,1.3901,1.3901,0,0,0,0,0,0
1989-07-20 21:00:00,2.4269,2.4269,0,0,0,0,0,0
1989-07-20 22:00:00,2.8883,2.8883,0,0,0,0,0,0
1989-07-20 23:00:00,2.9569,2.9569,0,0,0,0,0,0
1989-07-21 00:00:00,2.7343,2.7343,0,0,0,0,0,0
1989-07-21 01:00:00,2.4106,2.4106,0,0,0,0,0,0
1989-07-21 02:00:00,2.2395,2.2395,0,0,0,0,0,0
1989-07-21 03:00:00,1.9368,1.9368,0,0,0,0,0,0
1989-07-21 04:00:00,1.1183,1.1183,0,0,0,0,0,0
1989-07-21 05:00:00,0.7562,0.7562,0,0,0,0,0,0
1989-07-21 06:00:00,0.8725,0.8725,0,0,0,0,0,0
1989-07-21 07:00:00,0.9107,0.9107,0,0,0,0,0,0
1989-07-21 08:00:00,0.9195,0.9195,0,0,0,0,0,0
1989-07-21 09:00:00,1.4847,1.4847,0,0,0,0,0,0
1989-07-21 10:00:00,2.3676,2.3676,0,0,0,0,0,0
1989-07-21 11:00:00,3.4934,3.4934,0,0,0,0,0,0
1989-07-21 12:00:00,4.5717,4.5717,0,0,0,0,0,0
1989-07-21 13:00:00,5.4409,5.4409,0,0,0,0,0,0
1989-07-21 14:00:00,5.8591,5.8591,0,0,0,0,0,0
1989-07-21 15:00:00,5.9133,5.9133,0,0,0,0,0,0
1989-07-21 16:00:00,5.7345,5.7345,0,0,0,0,0,0
1989-07-21 17:00:00,5.4031,5.4031,0,0,0,0,0,0
1989-07-21 18:00:00,5.0326,5.0326,0,0,0,0,0,0
1989-07-21 19:00:00,4.3371,4.3371,0,0,0,0,0,0
1989-07-21 20:00:00,3.5776,3.5776,0,0,0,0,0,0
1989-07-21 21:00:00,2.7994,2.7994,0,0,0,0,0,0
1989-07-21 22:00:00,2.0168,2.0168,0,0,0,0,0,0
1989-07-21 23:00:00,1.3154,1.3154,0,0,0,0,0,0
1989-07-22 00:00:00,1.4982,1.4982,0,0,0,0,0,0
1989-07-22 01:00:00,1.6768,1.6768,0,0,0,0,0,0
1989-07-22 02:00:00,1.4365,1.4365,0,0,0,0,0,0
1989-07-22 03:00:00,1.1518,1.1518,0,0,0,0,0,0
1989-07-22 04:00:00,1.0269,1.0269,0,0,0,0,0,0
1989-07-22 05:00:00,0.9889,0.9889,0,0,0,0,0,0
1989-07-22 06:00:00,0.9304,0.9304,0,0,0,0,0,0
1989-07-22 07:00:00,0.9,0.9,0,0,0,0,0,0
1989-07-22 08:00:00,0.8328,0.8328,0,0,0,0,0,0
1989-07-22 09:00:00,0.997,0.997,0,0,0,0,0,0
1989-07-22 10:00:00,1.2899,1.2899,0,0,0,0,0,0
1989-07-22 11:00:00,2.4201,2.4201,0,0,0,0,0,0
1989-07-22 12:00:00,3.6012,3.6012,0,0,0,0,0,0
1989-07-22 13:00:00,4.2223,4.2223,0,0,0,0,0,0
1989-07-22 14:00:00,4.2477,4.2477,0,0,0,0,0,0
1989-07-22 15:00:00,4.2837,4.2837,0,0,0,0,0,0
1989-07-22 16:00:00,4.3245,4.3245,0,0,0,0,0,0
1989-07-22 17:00:00,4.2101,4.2101,0,0,0,0,0,0
1989-07-22 18:00:00,4.1559,4.1559,0,0,0,0,0,0
1989-07-22 19:00:00,4.069,4.069,0,0,0,0,0,0
1989-07-22 20:00:00,3.7722,3.7722,0,0,0,0,0,0
1989-07-22 21:00:00,3.1036,3.1036,0,0,0,0,0,0
1989-07-22 22:00:00,3.0151,3.0151,0,0,0,0,0,0
1989-07-22 23:00:00,2.4103,2.4103,0,0,0,0,0,0
1989-07-23 00:00:00,2.2926,2.2926,0,0,0,0,0,0
1989-07-23 01:00:00,2.3051,2.3051,0,0,0,0,0,0
1989-07-23 02:00:00,2.1005,2.1005,0,0,0,0,0,0
1989-07-23 03:00:00,2.0454,2.0454,0,0,0,0,0,0
1989-07-23 04:00:00,2.1883,2.1883,0,0,0,0,0,0
1989-07-23 05:00:00,2.0802,2.0802,0,0,0,0,0,0
1989-07-23 06:00:00,1.8158,1.8158,0,0,0,0,0,0
1989-07-23 07:00:00,1.4667,1.4667,0,0,0,0,0,0
1989-07-23 08:00:00,1.1732,1.1732,0,0,0,0,0,0
1989-07-23 09:00:00,1.4053,1.4053,0,0,0,0,0,0
1989-07-23 10:00:00,1.8825,1.8825,0,0,0,0,0,0
1989-07-23 11:00:00,2.6991,2.6991,0,0,0,0,0,0
1989-07-23 12:00:00,3.5692,3.5692,0,0,0,0,0,0
1989-07-23 13:00:00,4.2993,4.2993,0,0,0,0,0,0
1989-07-23 14:00:00,4.88,4.88,0,0,0,0,0,0
1989-07-23 15:00:00,5.305,5.305,0,0,0,0,0,0
1989-07-23 16:00:00,5.5301,5.5301,0,0,0,0,0,0
1989-07-23 17:00:00,5.4594,5.4594,0,0,0,0,0,0
1989-07-23 18:00:00,5.4816,5.4816,0,0,0,0,0,0
1989-07-23 19:00:00,5.4064,5.4064,0,0,0,0,0,0
1989-07-23 20:00:00,5.1639,5.1639,0,0,0,0,0,0
1989-07-23 21:00:00,4.5622,4.5622,0,0,0,0,0,0
1989-07-23 22:00:00,4.6318,4.6318,0,0,0,0,0,0
1989-07-23 23:00:00,3.9192,3.9192,0,0,0,0,0,0
1989-07-24 00:00:00,3.4716,3.4716,0,0,0,0,0,0
1989-07-24 01:00:00,3.2637,3.2637,0,0,0,0,0,0
1989-07-24 02:00:00,3.2387,3.2387,0,0,0,0,0,0
1989-07-24 03:00:00,3.3487,3.3487,0,0,0,0,0,0
1989-07-24 04:00:00,3.476,3.476,0,0,0,0,0,0
1989-07-24 05:00:00,3.617,3.617,0,0,0,0,0,0
1989-07-24 06:00:00,3.486,3.486,0,0,0,0,0,0
1989-07-24 07:00:00,3.1899,3.1899,0,0,0,0,0,0
1989-07-24 08:00:00,2.6438,2.6438,0,0,0,0,0,0
1989-07-24 09:00:00,2.575,2.575,0,0,0,0,0,0
1989-07-24 10:00:00,2.718,2.718,0,0,0,0,0,0
1989-07-24 11:00:00,3.476,3.476,0,0,0,0,0,0
1989-07-24 12:00:00,4.7918,4.7918,0,0,0,0,0,0
1989-07-24 13:00:00,5.8852,5.8852,0,0,0,0,0,0
1989-07-24 14:00:00,6.5625,6.5625,0,0,0,0,0,0
1989-07-24 15:00:00,6.8884,6.8884,0,0,0,0,0,0
1989-07-24 16:00:00,6.8251,6.8251,0,0,0,0,0,0
1989-07-24 17:00:00,6.3803,6.3803,0,0,0,0,0,0
1989-07-24 18:00:00,5.491,5.491,0,0,0,0,0,0
1989-07-24 19:00:00,3.9272,3.9272,0,0,0,0,0,0
1989-07-24 20:00:00,1.9246,1.9246,0,0,0,0,0,0
1989-07-24 21:00:00,1.986,1.986,0,0,0,0,0,0
1989-07-24 22:00:00,3.5411,3.5411,0,0,0,0,0,0
1989-07-24 23:00:00,3.2336,3.2336,0,0,0,0,0,0
1989-07-25 00:00:00,2.7752,2.7752,0,0,0,0,0,0
1989-07-25 01:00:00,1.9265,1.9265,0,0,0,0,0,0
1989-07-25 02:00:00,1.0212,1.0212,0,0,0,0,0,0
1989-07-25 03:00:00,1.034,1.034,0,0,0,0,0,0
1989-07-25 04:00:00,1.0441,1.0441,0,0,0,0,0,0
1989-07-25 05:00:00,0.7283,0.7283,0,0,0,0,0,0
1989-07-25 06:00:00,0.6152,0.6152,0,0,0,0,0,0
1989-07-25 07:00:00,1.0793,1.0793,0,0,0,0,0,0
1989-07-25 08:00:00,1.6119,1.6119,0,0,0,0,0,0
1989-07-25 09:00:00,2.0262,2.0262,0,0,0,0,0,0
1989-07-25 10:00:00,2.3533,2.3533,0,0,0,0,0,0
1989-07-25 11:00:00,2.5809,2.5809,0,0,0,0,0,0
1989-07-25 12:00:00,3.2393,3.2393,0,0,0,0,0,0
1989-07-25 13:00:00,3.9493,3.9493,0,0,0,0,0,0
1989-07-25 14:00:00,4.6069,4.6069,0,0,0,0,0,0
1989-07-25 15:00:00,5.051,5.051,0,0,0,0,0,0
1989-07-25 16:00:00,5.0786,5.0786,0,0,0,0,0,0
1989-07-25 17:00:00,4.8638,4.8638,0,0,0,0,0,0
1989-07-25 18:00:00,4.4233,4.4233,0,0,0,0,0,0
1989-07-25 19:00:00,3.7524,3.7524,0,0,0,0,0,0
1989-07-25 20:00:00,3.2132,3.2132,0,0,0,0,0,0
1989-07-25 21:00:00,3.2473,3.2473,0,0,0,0,0,0
1989-07-25 22:00:00,4.4316,4.4316,0,0,0,0,0,0
1989-07-25 23:00:00,5.9882,5.9882,0,0,0,0,0,0
1989-07-26 00:00:00,6.2869,6.2869,0,0,0,0,0,0
1989-07-26 01:00:00,5.5612,5.5612,0,0,0,0,0,0
1989-07-26 02:00:00,4.8642,4.8642,0,0,0,0,0,0
1989-07-26 03:00:00,4.971,4.971,0,0,0,0,0,0
1989-07-26 04:00:00,5.528,5.528,0,0,0,0,0,0
1989-07-26 05:00:00,5.8926,5.8926,0,0,0,0,0,0
1989-07-26 06:00:00,6.374,6.374,0,0,0,0,0,0
1989-07-26 07:00:00,6.5922,6.5922,0,0,0,0,0,0
1989-07-26 08:00:00,6.7693,6.7693,0,0,0,0,0,0
1989-07-26 09:00:00,6.9331,6.9331,0,0,0,0,0,0
1989-07-26 10:00:00,7.746,7.746,0,0,0,0,0,0
1989-07-26 11:00:00,8.9648,8.9648,0,0,0,0,0,0
1989-07-26 12:00:00,10.6136,10.6136,0,0,0,0,0,0
1989-07-26 13:00:00,11.6402,11.6402,0,0,0,0,0,0
1989-07-26 14:00:00,12.559,12.559,0,0,0,0,0,0
1989-07-26 15:00:00,13.3629,13.3629,0,0,0,0,0,0
1989-07-26 16:00:00,13.6986,13.6986,0,0,0,0,0,0
1989-07-26 17:00:00,13.4429,13.4429,0,0,0,0,0,0
1989-07-26 18:00:00,12.8837,12.8837,0,0,0,0,0,0
1989-07-26 19:00:00,11.946,11.946,0,0,0,0,0,0
1989-07-26 20:00:00,11.2464,11.2464,0,0,0,0,0,0
1989-07-26 21:00:00,10.7629,10.7629,0,0,0,0,0,0
1989-07-26 22:00:00,10.8803,10.8803,0,0,0,0,0,0
1989-07-26 23:00:00,10.8963,10.8963,0,0,0,0,0,0
1989-07-27 00:00:00,11.0029,11.0029,0,0,0,0,0,0
1989-07-27 01:00:00,10.7998,10.7998,0,0,0,0,0,0
1989-07-27 02:00:00,10.061,10.061,0,0,0,0,0,0
1989-07-27 03:00:00,9.4556,9.4556,0,0,0,0,0,0
1989-07-27 04:00:00,9.1196,9.1196,0,0,0,0,0,0
1989-07-27 05:00:00,8.8717,8.8717,0,0,0,0,0,0
1989-07-27 06:00:00,8.4953,8.4953,0,0,0,0,0,0
1989-07-27 07:00:00,8.5687,8.5687,0,0,0,0,0,0
1989-07-27 08:00:00,9.0898,9.0898,0,0,0,0,0,0
1989-07-27 09:00:00,9.6321,9.6321,0,0,0,0,0,0
1989-07-27 10:00:00,11.1845,11.1845,0,0,0,0,0,0
1989-07-27 11:00:00,12.2313,12.2313,0,0,0,0,0,0
1989-07-27 12:00:00,13.2964,13.2964,0,0,0,0,0,0
1989-07-27 13:00:00,13.5628,13.5628,0,0,0,0,0,0
1989-07-27 14:00:00,13.3808,13.3808,0,0,0,0,0,0
1989-07-27 15:00:00,12.9799,12.9799,0,0,0,0,0,0
1989-07-27 16:00:00,12.2412,12.2412,0,0,0,0,0,0
1989-07-27 17:00:00,11.4322,11.4322,0,0,0,0,0,0
1989-07-27 18:00:00,10.6626,10.6626,0,0,0,0,0,0
1989-07-27 19:00:00,9.8431,9.8431,0,0,0,0,0,0
1989-07-27 20:00:00,9.0837,9.0837,0,0,0,0,0,0
1989-07-27 21:00:00,8.5643,8.5643,0,0,0,0,0,0
1989-07-27 22:00:00,8.3606,8.3606,0,0,0,0,0,0
1989-07-27 23:00:00,8.8084,8.8084,0,0,0,0,0,0
1989-07-28 00:00:00,8.976,8.976,0,0,0,0,0,0
1989-07-28 01:00:00,8.5951,8.5951,0,0,0,0,0,0
1989-07-28 02:00:00,7.896,7.896,0,0,0,0,0,0
1989-07-28 03:00:00,7.3027,7.3027,0,0,0,0,0,0
1989-07-28 04:00:00,7.0474,7.0474,0,0,0,0,0,0
1989-07-28 05:00:00,7.1053,7.1053,0,0,0,0,0,0
1989-07-28 06:00:00,6.9595,6.9595,0,0,0,0,0,0
1989-07-28 07:00:00,6.8952,6.8952,0,0,0,0,0,0
1989-07-28 08:00:00,6.8942,6.8942,0,0,0,0,0,0
1989-07-28 09:00:00,7.5428,7.5428,0,0,0,0,0,0
1989-07-28 10:00:00,9.1676,9.1676,0,0,0,0,0,0
1989-07-28 11:00:00,9.9452,9.9452,0,0,0,0,0,0
1989-07-28 12:00:00,11.1042,11.1042,0,0,0,0,0,0
1989-07-28 13:00:00,12.2105,12.2105,0,0,0,0,0,0
1989-07-28 14:00:00,12.4512,12.4512,0,0,0,0,0,0
1989-07-28 15:00:00,12.4872,12.4872,0,0,0,0,0,0
1989-07-28 16:00:00,12.1864,12.1864,0,0,0,0,0,0
1989-07-28 17:00:00,11.6475,11.6475,0,0,0,0,0,0
1989-07-28 18:00:00,10.8845,10.8845,0,0,0,0,0,0
1989-07-28 19:00:00,9.6024,9.6024,0,0,0,0,0,0
1989-07-28 20:00:00,8.3684,8.3684,0,0,0,0,0,0
1989-07-28 21:00:00,7.1761,7.1761,0,0,0,0,0,0
1989-07-28 22:00:00,7.0887,7.0887,0,0,0,0,0,0
1989-07-28 23:00:00,6.1402,6.1402,0,0,0,0,0,0
1989-07-29 00:00:00,5.4372,5.4372,0,0,0,0,0,0
1989-07-29 01:00:00,4.9056,4.9056,0,0,0,0,0,0
1989-07-29 02:00:00,4.6172,4.6172,0,0,0,0,0,0
1989-07-29 03:00:00,4.4965,4.4965,0,0,0,0,0,0
1989-07-29 04:00:00,4.1892,4.1892,0,0,0,0,0,0
1989-07-29 05:00:00,3.8958,3.8958,0,0,0,0,0,0
1989-07-29 06:00:00,3.4397,3.4397,0,0,0,0,0,0
1989-07-29 07:00:00,2.6915,2.6915,0,0,0,0,0,0
1989-07-29 08:00:00,1.5052,1.5052,0,0,0,0,0,0
1989-07-29 09:00:00,0.7141,0.7141,0,0,0,0,0,0
1989-07-29 10:00:00,2.2566,2.2566,0,0,0,0,0,0
1989-07-29 11:00:00,4.0284,4.0284,0,0,0,0,0,0
1989-07-29 12:00:00,5.7749,5.7749,0,0,0,0,0,0
1989-07-29 13:00:00,7.248,7.248,0,0,0,0,0,0
1989-07-29 14:00:00,8.6739,8.6739,0,0,0,0,0,0
1989-07-29 15:00:00,9.7932,9.7932,0,0,0,0,0,0
1989-07-29 16:00:00,10.3945,10.3945,0,0,0,0,0,0
1989-07-29 17:00:00,10.5121,10.5121,0,0,0,0,0,0
1989-07-29 18:00:00,10.0798,10.0798,0,0,0,0,0,0
1989-07-29 19:00:00,9.0692,9.0692,0,0,0,0,0,0
1989-07-29 20:00:00,7.6204,7.6204,0,0,0,0,0,0
1989-07-29 21:00:00,6.0925,6.0925,0,0,0,0,0,0
1989-07-29 22:00:00,5.1067,5.1067,0,0,0,0,0,0
1989-07-29 23:00:00,3.9553,3.9553,0,0,0,0,0,0
1989-07-30 00:00:00,2.6679,2.6679,0,0,0,0,0,0
1989-07-30 01:00:00,1.8,1.8,0,0,0,0,0,0
1989-07-30 02:00:00,1.5801,1.5801,0,0,0,0,0,0
1989-07-30 03:00:00,1.3371,1.3371,0,0,0,0,0,0
1989-07-30 04:00:00,1.3561,1.3561,0,0,0,0,0,0
1989-07-30 05:00:00,1.4172,1.4172,0,0,0,0,0,0
1989-07-30 06:00:00,1.2524,1.2524,0,0,0,0,0,0
1989-07-30 07:00:00,1.0417,1.0417,0,0,0,0,0,0
1989-07-30 08:00:00,1.1758,1.1758,0,0,0,0,0,0
1989-07-30 09:00:00,1.8461,1.8461,0,0,0,0,0,0
1989-07-30 10:00:00,2.2463,2.2463,0,0,0,0,0,0
1989-07-30 11:00:00,2.8843,2.8843,0,0,0,0,0,0
1989-07-30 12:00:00,3.4747,3.4747,0,0,0,0,0,0
1989-07-30 13:00:00,3.9905,3.9905,0,0,0,0,0,0
1989-07-30 14:00:00,4.6747,4.6747,0,0,0,0,0,0
1989-07-30 15:00:00,5.076,5.076,0,0,0,0,0,0
1989-07-30 16:00:00,5.1022,5.1022,0,0,0,0,0,0
1989-07-30 17:00:00,4.8027,4.8027,0,0,0,0,0,0
1989-07-30 18:00:00,4.4689,4.4689,0,0,0,0,0,0
1989-07-30 19:00:00,4.02,4.02,0,0,0,0,0,0
1989-07-30 20:00:00,3.601,3.601,0,0,0,0,0,0
1989-07-30 21:00:00,3.2727,3.2727,0,0,0,0,0,0
1989-07-30 22:00:00,3.1824,3.1824,0,0,0,0,0,0
1989-07-30 23:00:00,2.5442,2.5442,0,0,0,0,0,0
1989-07-31 00:00:00,2.1907,2.1907,0,0,0,0,0,0
1989-07-31 01:00:00,2.1036,2.1036,0,0,0,0,0,0
1989-07-31 02:00:00,2.41,2.41,0,0,0,0,0,0
1989-07-31 03:00:00,2.6495,2.6495,0,0,0,0,0,0
1989-07-31 04:00:00,2.3268,2.3268,0,0,0,0,0,0
1989-07-31 05:00:00,1.4878,1.4878,0,0,0,0,0,0
1989-07-31 06:00:00,0.8652,0.8652,0,0,0,0,0,0
1989-07-31 07:00:00,0.5872,0.5872,0,0,0,0,0,0
1989-07-31 08:00:00,0.7537,0.7537,0,0,0,0,0,0
1989-07-31 09:00:00,2.3744,2.3744,0,0,0,0,0,0
1989-07-31 10:00:00,3.0372,3.0372,0,0,0,0,0,0
1989-07-31 11:00:00,4.1512,4.1512,0,0,0,0,0,0
1989-07-31 12:00:00,4.6982,4.6982,0,0,0,0,0,0
1989-07-31 13:00:00,5.0069,5.0069,0,0,0,0,0,0
1989-07-31 14:00:00,5.0517,5.0517,0,0,0,0,0,0
1989-07-31 15:00:00,4.8142,4.8142,0,0,0,0,0,0
1989-07-31 16:00:00,4.412,4.412,0,0,0,0,0,0
1989-07-31 17:00:00,3.8776,3.8776,0,0,0,0,0,0
1989-07-31 18:00:00,3.1869,3.1869,0,0,0,0,0,0
1989-07-31 19:00:00,2.6209,2.6209,0,0,0,0,0,0
1989-07-31 20:00:00,2.1484,2.1484,0,0,0,0,0,0
1989-07-31 21:00:00,1.6529,1.6529,0,0,0,0,0,0
1989-07-31 22:00:00,1.3762,1.3762,0,0,0,0,0,0
1989-07-31 23:00:00,0.8795,0.8795,0,0,0,0,0,0
1989-08-01 00:00:00,0.5194,0.5194,0,0,0,0,0,0
1989-08-01 01:00:00,1.0069,1.0069,0,0,0,0,0,0
1989-08-01 02:00:00,1.5985,1.5985,0,0,0,0,0,0
1989-08-01 03:00:00,1.559,1.559,0,0,0,0,0,0
1989-08-01 04:00:00,1.5993,1.5993,0,0,0,0,0,0
1989-08-01 05:00:00,2.0483,2.0483,0,0,0,0,0,0
1989-08-01 06:00:00,2.3707,2.3707,0,0,0,0,0,0
1989-08-01 07:00:00,2.7393,2.7393,0,0,0,0,0,0
1989-08-01 08:00:00,3.3175,3.3175,0,0,0,0,0,0
1989-08-01 09:00:00,3.8826,3.8826,0,0,0,0,0,0
1989-08-01 10:00:00,4.1914,4.1914,0,0,0,0,0,0
1989-08-01 11:00:00,5.4263,5.4263,0,0,0,0,0,0
1989-08-01 12:00:00,6.6423,6.6423,0,0,0,0,0,0
1989-08-01 13:00:00,7.8909,7.8909,0,0,0,0,0,0
1989-08-01 14:00:00,8.8834,8.8834,0,0,0,0,0,0
1989-08-01 15:00:00,9.1955,9.1955,0,0,0,0,0,0
1989-08-01 16:00:00,9.3848,9.3848,0,0,0,0,0,0
1989-08-01 17:00:00,9.9319,9.9319,0,0,0,0,0,0
1989-08-01 18:00:00,10.1432,10.1432,0,0,0,0,0,0
1989-08-01 19:00:00,10.1504,10.1504,0,0,0,0,0,0
1989-08-01 20:00:00,10.0988,10.0988,0,0,0,0,0,0
1989-08-01 21:00:00,9.9823,9.9823,0,0,0,0,0,0
1989-08-01 22:00:00,9.8195,9.8195,0,0,0,0,0,0
1989-08-01 23:00:00,9.7534,9.7534,0,0,0,0,0,0
1989-08-02 00:00:00,10.5777,10.5777,0,0,0,0,0,0
1989-08-02 01:00:00,11.5404,11.5404,0,0,0,0,0,0
1989-08-02 02:00:00,11.5852,11.5852,0,0,0,0,0,0
1989-08-02 03:00:00,11.4185,11.4185,0,0,0,0,0,0
1989-08-02 04:00:00,11.2421,11.2421,0,0,0,0,0,0
1989-08-02 05:00:00,10.8022,10.8022,0,0,0,0,0,0
1989-08-02 06:00:00,10.2459,10.2459,0,0,0,0,0,0
1989-08-02 07:00:00,9.8203,9.8203,0,0,0,0,0,0
1989-08-02 08:00:00,9.5222,9.5222,0,0,0,0,0,0
1989-08-02 09:00:00,9.6078,9.6078,0,0,0,0,0,0
1989-08-02 10:00:00,9.7872,9.7872,0,0,0,0,0,0
1989-08-02 11:00:00,10.2679,10.2679,0,0,0,0,0,0
1989-08-02 12:00:00,10.8161,10.8161,0,0,0,0,0,0
1989-08-02 13:00:00,11.2806,11.2806,0,0,0,0,0,0
1989-08-02 14:00:00,11.9466,11.9466,0,0,0,0,0,0
1989-08-02 15:00:00,12.6039,12.6039,0,0,0,0,0,0
1989-08-02 16:00:00,12.7954,12.7954,0,0,0,0,0,0
1989-08-02 17:00:00,12.3801,12.3801,0,0,0,0,0,0
1989-08-02 18:00:00,11.6476,11.6476,0,0,0,0,0,0
1989-08-02 19:00:00,10.6927,10.6927,0,0,0,0,0,0
1989-08-02 20:00:00,9.8665,9.8665,0,0,0,0,0,0
1989-08-02 21:00:00,9.2023,9.2023,0,0,0,0,0,0
1989-08-02 22:00:00,9.3983,9.3983,0,0,0,0,0,0
1989-08-02 23:00:00,8.0454,8.0454,0,0,0,0,0,0
1989-08-03 00:00:00,6.8936,6.8936,0,0,0,0,0,0
1989-08-03 01:00:00,5.9318,5.9318,0,0,0,0,0,0
1989-08-03 02:00:00,4.9537,4.9537,0,0,0,0,0,0
1989-08-03 03:00:00,3.9394,3.9394,0,0,0,0,0,0
1989-08-03 04:00:00,3.6052,3.6052,0,0,0,0,0,0
1989-08-03 05:00:00,3.4351,3.4351,0,0,0,0,0,0
1989-08-03 06:00:00,2.8586,2.8586,0,0,0,0,0,0
1989-08-03 07:00:00,1.927,1.927,0,0,0,0,0,0
1989-08-03 08:00:00,0.9626,0.9626,0,0,0,0,0,0
1989-08-03 09:00:00,0.6915,0.6915,0,0,0,0,0,0
1989-08-03 10:00:00,0.5069,0.5069,0,0,0,0,0,0
1989-08-03 11:00:00,1.6113,1.6113,0,0,0,0,0,0
1989-08-03 12:00:00,2.767,2.767,0,0,0,0,0,0
1989-08-03 13:00:00,3.6785,3.6785,0,0,0,0,0,0
1989-08-03 14:00:00,3.8957,3.8957,0,0,0,0,0,0
1989-08-03 15:00:00,3.6159,3.6159,0,0,0,0,0,0
1989-08-03 16:00:00,3.0588,3.0588,0,0,0,0,0,0
1989-08-03 17:00:00,2.6141,2.6141,0,0,0,0,0,0
1989-08-03 18:00:00,2.1667,2.1667,0,0,0,0,0,0
1989-08-03 19:00:00,1.3165,1.3165,0,0,0,0,0,0
1989-08-03 20:00:00,1.4034,1.4034,0,0,0,0,0,0
1989-08-03 21:00:00,2.3962,2.3962,0,0,0,0,0,0
1989-08-03 22:00:00,3.1269,3.1269,0,0,0,0,0,0
1989-08-03 23:00:00,3.5459,3.5459,0,0,0,0,0,0
1989-08-04 00:00:00,3.6697,3.6697,0,0,0,0,0,0
1989-08-04 01:00:00,3.4978,3.4978,0,0,0,0,0,0
1989-08-04 02:00:00,3.3599,3.3599,0,0,0,0,0,0
1989-08-04 03:00:00,3.3786,3.3786,0,0,0,0,0,0
1989-08-04 04:00:00,3.2323,3.2323,0,0,0,0,0,0
1989-08-04 05:00:00,3.1387,3.1387,0,0,0,0,0,0
1989-08-04 06:00:00,3.5064,3.5064,0,0,0,0,0,0
1989-08-04 07:00:00,3.8586,3.8586,0,0,0,0,0,0
1989-08-04 08:00:00,3.9425,3.9425,0,0,0,0,0,0
1989-08-04 09:00:00,3.9137,3.9137,0,0,0,0,0,0
1989-08-04 10:00:00,3.9723,3.9723,0,0,0,0,0,0
1989-08-04 11:00:00,4.1804,4.1804,0,0,0,0,0,0
1989-08-04 12:00:00,4.3015,4.3015,0,0,0,0,0,0
1989-08-04 13:00:00,4.4072,4.4072,0,0,0,0,0,0
1989-08-04 14:00:00,4.5494,4.5494,0,0,0,0,0,0
1989-08-04 15:00:00,4.7431,4.7431,0,0,0,0,0,0
1989-08-04 16:00:00,5.035,5.035,0,0,0,0,0,0
1989-08-04 17:00:00,4.7724,4.7724,0,0,0,0,0,0
1989-08-04 18:00:00,4.7497,4.7497,0,0,0,0,0,0
1989-08-04 19:00:00,4.8943,4.8943,0,0,0,0,0,0
1989-08-04 20:00:00,5.1813,5.1813,0,0,0,0,0,0
1989-08-04 21:00:00,5.4793,5.4793,0,0,0,0,0,0
1989-08-04 22:00:00,4.8872,4.8872,0,0,0,0,0,0
1989-08-04 23:00:00,4.3261,4.3261,0,0,0,0,0,0
1989-08-05 00:00:00,4.1936,4.1936,0,0,0,0,0,0
1989-08-05 01:00:00,4.3278,4.3278,0,0,0,0,0,0
1989-08-05 02:00:00,4.7396,4.7396,0,0,0,0,0,0
1989-08-05 03:00:00,5.248,5.248,0,0,0,0,0,0
1989-08-05 04:00:00,5.8394,5.8394,0,0,0,0,0,0
1989-08-05 05:00:00,6.2798,6.2798,0,0,0,0,0,0
1989-08-05 06:00:00,6.1586,6.1586,0,0,0,0,0,0
1989-08-05 07:00:00,5.9805,5.9805,0,0,0,0,0,0
1989-08-05 08:00:00,5.7547,5.7547,0,0,0,0,0,0
1989-08-05 09:00:00,5.8285,5.8285,0,0,0,0,0,0
1989-08-05 10:00:00,5.9548,5.9548,0,0,0,0,0,0
1989-08-05 11:00:00,6.3376,6.3376,0,0,0,0,0,0
1989-08-05 12:00:00,6.8772,6.8772,0,0,0,0,0,0
1989-08-05 13:00:00,7.1104,7.1104,0,0,0,0,0,0
1989-08-05 14:00:00,6.9678,6.9678,0,0,0,0,0,0
1989-08-05 15:00:00,6.9821,6.9821,0,0,0,0,0,0
1989-08-05 16:00:00,7.4837,7.4837,0,0,0,0,0,0
1989-08-05 17:00:00,7.6245,7.6245,0,0,0,0,0,0
1989-08-05 18:00:00,7.5464,7.5464,0,0,0,0,0,0
1989-08-05 19:00:00,7.872,7.872,0,0,0,0,0,0
1989-08-05 20:00:00,8.4092,8.4092,0,0,0,0,0,0
1989-08-05 21:00:00,8.7941,8.7941,0,0,0,0,0,0
1989-08-05 22:00:00,7.9346,7.9346,0,0,0,0,0,0
1989-08-05 23:00:00,8.2555,8.2555,0,0,0,0,0,0
1989-08-06 00:00:00,8.6123,8.6123,0,0,0,0,0,0
1989-08-06 01:00:00,8.1791,8.1791,0,0,0,0,0,0
1989-08-06 02:00:00,8.4631,8.4631,0,0,0,0,0,0
1989-08-06 03:00:00,8.6616,8.6616,0,0,0,0,0,0
1989-08-06 04:00:00,8.582,8.582,0,0,0,0,0,0
1989-08-06 05:00:00,9.3828,9.3828,0,0,0,0,0,0
1989-08-06 06:00:00,9.9278,9.9278,0,0,0,0,0,0
1989-08-06 07:00:00,9.8731,9.8731,0,0,0,0,0,0
1989-08-06 08:00:00,10.1109,10.1109,0,0,0,0,0,0
1989-08-06 09:00:00,10.3332,10.3332,0,0,0,0,0,0
1989-08-06 10:00:00,9.3806,9.3806,0,0,0,0,0,0
1989-08-06 11:00:00,9.3285,9.3285,0,0,0,0,0,0
1989-08-06 12:00:00,9.2731,9.2731,0,0,0,0,0,0
1989-08-06 13:00:00,9.3995,9.3995,0,0,0,0,0,0
1989-08-06 14:00:00,9.4517,9.4517,0,0,0,0,0,0
1989-08-06 15:00:00,10.0583,10.0583,0,0,0,0,0,0
1989-08-06 16:00:00,10.7874,10.7874,0,0,0,0,0,0
1989-08-06 17:00:00,10.7674,10.7674,0,0,0,0,0,0
1989-08-06 18:00:00,10.6179,10.6179,0,0,0,0,0,0
1989-08-06 19:00:00,9.7282,9.7282,0,0,0,0,0,0
1989-08-06 20:00:00,8.8895,8.8895,0,0,0,0,0,0
1989-08-06 21:00:00,8.7607,8.7607,0,0,0,0,0,0
1989-08-06 22:00:00,7.1607,7.1607,0,0,0,0,0,0
1989-08-06 23:00:00,7.9938,7.9938,0,0,0,0,0,0
1989-08-07 00:00:00,8.5816,8.5816,0,0,0,0,0,0
1989-08-07 01:00:00,8.3261,8.3261,0,0,0,0,0,0
1989-08-07 02:00:00,7.8609,7.8609,0,0,0,0,0,0
1989-08-07 03:00:00,7.6993,7.6993,0,0,0,0,0,0
1989-08-07 04:00:00,7.6766,7.6766,0,0,0,0,0,0
1989-08-07 05:00:00,7.725,7.725,0,0,0,0,0,0
1989-08-07 06:00:00,7.8872,7.8872,0,0,0,0,0,0
1989-08-07 07:00:00,7.8535,7.8535,0,0,0,0,0,0
1989-08-07 08:00:00,8.2477,8.2477,0,0,0,0,0,0
1989-08-07 09:00:00,8.5218,8.5218,0,0,0,0,0,0
1989-08-07 10:00:00,7.4572,7.4572,0,0,0,0,0,0
1989-08-07 11:00:00,7.2453,7.2453,0,0,0,0,0,0
1989-08-07 12:00:00,6.8295,6.8295,0,0,0,0,0,0
1989-08-07 13:00:00,5.9541,5.9541,0,0,0,0,0,0
1989-08-07 14:00:00,5.0322,5.0322,0,0,0,0,0,0
1989-08-07 15:00:00,4.7217,4.7217,0,0,0,0,0,0
1989-08-07 16:00:00,4.4795,4.4795,0,0,0,0,0,0
1989-08-07 17:00:00,3.9696,3.9696,0,0,0,0,0,0
1989-08-07 18:00:00,3.3587,3.3587,0,0,0,0,0,0
1989-08-07 19:00:00,2.5998,2.5998,0,0,0,0,0,0
1989-08-07 20:00:00,1.6813,1.6813,0,0,0,0,0,0
1989-08-07 21:00:00,0.9254,0.9254,0,0,0,0,0,0
1989-08-07 22:00:00,1.1643,1.1643,0,0,0,0,0,0
1989-08-07 23:00:00,1.9591,1.9591,0,0,0,0,0,0
1989-08-08 00:00:00,2.4994,2.4994,0,0,0,0,0,0
1989-08-08 01:00:00,2.3629,2.3629,0,0,0,0,0,0
1989-08-08 02:00:00,2.1204,2.1204,0,0,0,0,0,0
1989-08-08 03:00:00,1.8957,1.8957,0,0,0,0,0,0
1989-08-08 04:00:00,1.5347,1.5347,0,0,0,0,0,0
1989-08-08 05:00:00,0.9034,0.9034,0,0,0,0,0,0
1989-08-08 06:00:00,0.8946,0.8946,0,0,0,0,0,0
1989-08-08 07:00:00,1.1915,1.1915,0,0,0,0,0,0
1989-08-08 08:00:00,1.9324,1.9324,0,0,0,0,0,0
1989-08-08 09:00:00,2.9036,2.9036,0,0,0,0,0,0
1989-08-08 10:00:00,2.4682,2.4682,0,0,0,0,0,0
1989-08-08 11:00:00,3.3799,3.3799,0,0,0,0,0,0
1989-08-08 12:00:00,4.2152,4.2152,0,0,0,0,0,0
1989-08-08 13:00:00,4.6221,4.6221,0,0,0,0,0,0
1989-08-08 14:00:00,4.4422,4.4422,0,0,0,0,0,0
1989-08-08 15:00:00,3.906,3.906,0,0,0,0,0,0
1989-08-08 16:00:00,3.208,3.208,0,0,0,0,0,0
1989-08-08 17:00:00,2.3877,2.3877,0,0,0,0,0,0
1989-08-08 18:00:00,2.016,2.016,0,0,0,0,0,0
1989-08-08 19:00:00,1.753,1.753,0,0,0,0,0,0
1989-08-08 20:00:00,1.4961,1.4961,0,0,0,0,0,0
1989-08-08 21:00:00,0.9818,0.9818,0,0,0,0,0,0
1989-08-08 22:00:00,0.5685,0.5685,0,0,0,0,0,0
1989-08-08 23:00:00,0.5134,0.5134,0,0,0,0,0,0
1989-08-09 00:00:00,1.3746,1.3746,0,0,0,0,0,0
1989-08-09 01:00:00,2.0305,2.0305,0,0,0,0,0,0
1989-08-09 02:00:00,3.055,3.055,0,0,0,0,0,0
1989-08-09 03:00:00,3.872,3.872,0,0,0,0,0,0
1989-08-09 04:00:00,4.4954,4.4954,0,0,0,0,0,0
1989-08-09 05:00:00,4.238,4.238,0,0,0,0,0,0
1989-08-09 06:00:00,3.8243,3.8243,0,0,0,0,0,0
1989-08-09 07:00:00,3.22,3.22,0,0,0,0,0,0
1989-08-09 08:00:00,4.0457,4.0457,0,0,0,0,0,0
1989-08-09 09:00:00,7.0314,7.0314,0,0,0,0,0,0
1989-08-09 10:00:00,8.8826,8.8826,0,0,0,0,0,0
1989-08-09 11:00:00,9.3503,9.3503,0,0,0,0,0,0
1989-08-09 12:00:00,9.9508,9.9508,0,0,0,0,0,0
1989-08-09 13:00:00,10.5741,10.5741,0,0,0,0,0,0
1989-08-09 14:00:00,10.6653,10.6653,0,0,0,0,0,0
1989-08-09 15:00:00,10.8172,10.8172,0,0,0,0,0,0
1989-08-09 16:00:00,10.6341,10.6341,0,0,0,0,0,0
1989-08-09 17:00:00,10.2231,10.2231,0,0,0,0,0,0
1989-08-09 18:00:00,10.3076,10.3076,0,0,0,0,0,0
1989-08-09 19:00:00,10.8292,10.8292,0,0,0,0,0,0
1989-08-09 20:00:00,10.8501,10.8501,0,0,0,0,0,0
1989-08-09 21:00:00,10.5986,10.5986,0,0,0,0,0,0
1989-08-09 22:00:00,10.1832,10.1832,0,0,0,0,0,0
1989-08-09 23:00:00,9.3683,9.3683,0,0,0,0,0,0
1989-08-10 00:00:00,8.7568,8.7568,0,0,0,0,0,0
1989-08-10 01:00:00,7.9201,7.9201,0,0,0,0,0,0
1989-08-10 02:00:00,6.9734,6.9734,0,0,0,0,0,0
1989-08-10 03:00:00,6.7162,6.7162,0,0,0,0,0,0
1989-08-10 04:00:00,6.5892,6.5892,0,0,0,0,0,0
1989-08-10 05:00:00,6.1555,6.1555,0,0,0,0,0,0
1989-08-10 06:00:00,5.6723,5.6723,0,0,0,0,0,0
1989-08-10 07:00:00,5.2762,5.2762,0,0,0,0,0,0
1989-08-10 08:00:00,5.3953,5.3953,0,0,0,0,0,0
1989-08-10 09:00:00,6.4357,6.4357,0,0,0,0,0,0
1989-08-10 10:00:00,7.4968,7.4968,0,0,0,0,0,0
1989-08-10 11:00:00,9.1747,9.1747,0,0,0,0,0,0
1989-08-10 12:00:00,10.8371,10.8371,0,0,0,0,0,0
1989-08-10 13:00:00,11.8616,11.8616,0,0,0,0,0,0
1989-08-10 14:00:00,12.6133,12.6133,0,0,0,0,0,0
1989-08-10 15:00:00,12.7411,12.7411,0,0,0,0,0,0
1989-08-10 16:00:00,12.1717,12.1717,0,0,0,0,0,0
1989-08-10 17:00:00,11.3724,11.3724,0,0,0,0,0,0
1989-08-10 18:00:00,10.6706,10.6706,0,0,0,0,0,0
1989-08-10 19:00:00,9.6849,9.6849,0,0,0,0,0,0
1989-08-10 20:00:00,8.5242,8.5242,0,0,0,0,0,0
1989-08-10 21:00:00,7.0027,7.0027,0,0,0,0,0,0
1989-08-10 22:00:00,5.1622,5.1622,0,0,0,0,0,0
1989-08-10 23:00:00,4.5886,4.5886,0,0,0,0,0,0
1989-08-11 00:00:00,4.3396,4.3396,0,0,0,0,0,0
1989-08-11 01:00:00,4.2243,4.2243,0,0,0,0,0,0
1989-08-11 02:00:00,4.174,4.174,0,0,0,0,0,0
1989-08-11 03:00:00,3.9699,3.9699,0,0,0,0,0,0
1989-08-11 04:00:00,3.7732,3.7732,0,0,0,0,0,0
1989-08-11 05:00:00,3.9546,3.9546,0,0,0,0,0,0
1989-08-11 06:00:00,4.1047,4.1047,0,0,0,0,0,0
1989-08-11 07:00:00,3.5772,3.5772,0,0,0,0,0,0
1989-08-11 08:00:00,3.0018,3.0018,0,0,0,0,0,0
1989-08-11 09:00:00,2.4536,2.4536,0,0,0,0,0,0
1989-08-11 10:00:00,2.2354,2.2354,0,0,0,0,0,0
1989-08-11 11:00:00,2.6402,2.6402,0,0,0,0,0,0
1989-08-11 12:00:00,3.1239,3.1239,0,0,0,0,0,0
1989-08-11 13:00:00,3.3869,3.3869,0,0,0,0,0,0
1989-08-11 14:00:00,3.557,3.557,0,0,0,0,0,0
1989-08-11 15:00:00,3.9088,3.9088,0,0,0,0,0,0
1989-08-11 16:00:00,3.9536,3.9536,0,0,0,0,0,0
1989-08-11 17:00:00,3.9073,3.9073,0,0,0,0,0,0
1989-08-11 18:00:00,3.3451,3.3451,0,0,0,0,0,0
1989-08-11 19:00:00,2.9717,2.9717,0,0,0,0,0,0
1989-08-11 20:00:00,2.4345,2.4345,0,0,0,0,0,0
1989-08-11 21:00:00,2.0073,2.0073,0,0,0,0,0,0
1989-08-11 22:00:00,1.5815,1.5815,0,0,0,0,0,0
1989-08-11 23:00:00,2.0539,2.0539,0,0,0,0,0,0
1989-08-12 00:00:00,2.1206,2.1206,0,0,0,0,0,0
1989-08-12 01:00:00,2.365,2.365,0,0,0,0,0,0
1989-08-12 02:00:00,2.6498,2.6498,0,0,0,0,0,0
1989-08-12 03:00:00,2.563,2.563,0,0,0,0,0,0
1989-08-12 04:00:00,2.7343,2.7343,0,0,0,0,0,0
1989-08-12 05:00:00,3.0912,3.0912,0,0,0,0,0,0
1989-08-12 06:00:00,3.3419,3.3419,0,0,0,0,0,0
1989-08-12 07:00:00,3.4069,3.4069,0,0,0,0,0,0
1989-08-12 08:00:00,3.6065,3.6065,0,0,0,0,0,0
1989-08-12 09:00:00,4.1222,4.1222,0,0,0,0,0,0
1989-08-12 10:00:00,5.2686,5.2686,0,0,0,0,0,0
1989-08-12 11:00:00,6.6567,6.6567,0,0,0,0,0,0
1989-08-12 12:00:00,8.8475,8.8475,0,0,0,0,0,0
1989-08-12 13:00:00,10.8566,10.8566,0,0,0,0,0,0
1989-08-12 14:00:00,12.0267,12.0267,0,0,0,0,0,0
1989-08-12 15:00:00,12.449,12.449,0,0,0,0,0,0
1989-08-12 16:00:00,12.2998,12.2998,0,0,0,0,0,0
1989-08-12 17:00:00,11.9367,11.9367,0,0,0,0,0,0
1989-08-12 18:00:00,11.3754,11.3754,0,0,0,0,0,0
1989-08-12 19:00:00,10.1461,10.1461,0,0,0,0,0,0
1989-08-12 20:00:00,8.7263,8.7263,0,0,0,0,0,0
1989-08-12 21:00:00,7.3657,7.3657,0,0,0,0,0,0
1989-08-12 22:00:00,7.241,7.241,0,0,0,0,0,0
1989-08-12 23:00:00,6.4453,6.4453,0,0,0,0,0,0
1989-08-13 00:00:00,5.9564,5.9564,0,0,0,0,0,0
1989-08-13 01:00:00,5.6289,5.6289,0,0,0,0,0,0
1989-08-13 02:00:00,5.079,5.079,0,0,0,0,0,0
1989-08-13 03:00:00,4.342,4.342,0,0,0,0,0,0
1989-08-13 04:00:00,3.6316,3.6316,0,0,0,0,0,0
1989-08-13 05:00:00,3.2886,3.2886,0,0,0,0,0,0
1989-08-13 06:00:00,3.0006,3.0006,0,0,0,0,0,0
1989-08-13 07:00:00,2.3312,2.3312,0,0,0,0,0,0
1989-08-13 08:00:00,1.6349,1.6349,0,0,0,0,0,0
1989-08-13 09:00:00,1.5648,1.5648,0,0,0,0,0,0
1989-08-13 10:00:00,2.6104,2.6104,0,0,0,0,0,0
1989-08-13 11:00:00,3.7015,3.7015,0,0,0,0,0,0
1989-08-13 12:00:00,4.871,4.871,0,0,0,0,0,0
1989-08-13 13:00:00,5.7971,5.7971,0,0,0,0,0,0
1989-08-13 14:00:00,6.6018,6.6018,0,0,0,0,0,0
1989-08-13 15:00:00,6.7014,6.7014,0,0,0,0,0,0
1989-08-13 16:00:00,6.4996,6.4996,0,0,0,0,0,0
1989-08-13 17:00:00,6.0125,6.0125,0,0,0,0,0,0
1989-08-13 18:00:00,5.3624,5.3624,0,0,0,0,0,0
1989-08-13 19:00:00,4.4404,4.4404,0,0,0,0,0,0
1989-08-13 20:00:00,3.2413,3.2413,0,0,0,0,0,0
1989-08-13 21:00:00,2.2908,2.2908,0,0,0,0,0,0
1989-08-13 22:00:00,2.778,2.778,0,0,0,0,0,0
1989-08-13 23:00:00,2.5748,2.5748,0,0,0,0,0,0
1989-08-14 00:00:00,2.5345,2.5345,0,0,0,0,0,0
1989-08-14 01:00:00,2.317,2.317,0,0,0,0,0,0
1989-08-14 02:00:00,2.2024,2.2024,0,0,0,0,0,0
1989-08-14 03:00:00,2.2312,2.2312,0,0,0,0,0,0
1989-08-14 04:00:00,2.1378,2.1378,0,0,0,0,0,0
1989-08-14 05:00:00,1.9914,1.9914,0,0,0,0,0,0
1989-08-14 06:00:00,1.7607,1.7607,0,0,0,0,0,0
1989-08-14 07:00:00,1.5194,1.5194,0,0,0,0,0,0
1989-08-14 08:00:00,1.6564,1.6564,0,0,0,0,0,0
1989-08-14 09:00:00,2.0745,2.0745,0,0,0,0,0,0
1989-08-14 10:00:00,1.8044,1.8044,0,0,0,0,0,0
1989-08-14 11:00:00,1.8901,1.8901,0,0,0,0,0,0
1989-08-14 12:00:00,2.0903,2.0903,0,0,0,0,0,0
1989-08-14 13:00:00,2.4906,2.4906,0,0,0,0,0,0
1989-08-14 14:00:00,2.9449,2.9449,0,0,0,0,0,0
1989-08-14 15:00:00,3.4054,3.4054,0,0,0,0,0,0
1989-08-14 16:00:00,3.2819,3.2819,0,0,0,0,0,0
1989-08-14 17:00:00,2.6977,2.6977,0,0,0,0,0,0
1989-08-14 18:00:00,2.054,2.054,0,0,0,0,0,0
1989-08-14 19:00:00,1.4975,1.4975,0,0,0,0,0,0
1989-08-14 20:00:00,1.211,1.211,0,0,0,0,0,0
1989-08-14 21:00:00,0.9642,0.9642,0,0,0,0,0,0
1989-08-14 22:00:00,0.6968,0.6968,0,0,0,0,0,0
1989-08-14 23:00:00,1.1348,1.1348,0,0,0,0,0,0
1989-08-15 00:00:00,1.0107,1.0107,0,0,0,0,0,0
1989-08-15 01:00:00,0.6475,0.6475,0,0,0,0,0,0
1989-08-15 02:00:00,0.9257,0.9257,0,0,0,0,0,0
1989-08-15 03:00:00,1.517,1.517,0,0,0,0,0,0
1989-08-15 04:00:00,1.6082,1.6082,0,0,0,0,0,0
1989-08-15 05:00:00,1.2116,1.2116,0,0,0,0,0,0
1989-08-15 06:00:00,1.3916,1.3916,0,0,0,0,0,0
1989-08-15 07:00:00,1.7064,1.7064,0,0,0,0,0,0
1989-08-15 08:00:00,1.6959,1.6959,0,0,0,0,0,0
1989-08-15 09:00:00,1.6291,1.6291,0,0,0,0,0,0
1989-08-15 10:00:00,1.8396,1.8396,0,0,0,0,0,0
1989-08-15 11:00:00,1.9397,1.9397,0,0,0,0,0,0
1989-08-15 12:00:00,2.4546,2.4546,0,0,0,0,0,0
1989-08-15 13:00:00,2.9935,2.9935,0,0,0,0,0,0
1989-08-15 14:00:00,3.7025,3.7025,0,0,0,0,0,0
1989-08-15 15:00:00,3.9514,3.9514,0,0,0,0,0,0
1989-08-15 16:00:00,3.6921,3.6921,0,0,0,0,0,0
1989-08-15 17:00:00,3.1852,3.1852,0,0,0,0,0,0
1989-08-15 18:00:00,2.5974,2.5974,0,0,0,0,0,0
1989-08-15 19:00:00,2.1245,2.1245,0,0,0,0,0,0
1989-08-15 20:00:00,1.9487,1.9487,0,0,0,0,0,0
1989-08-15 21:00:00,1.7698,1.7698,0,0,0,0,0,0
1989-08-15 22:00:00,1.5949,1.5949,0,0,0,0,0,0
1989-08-15 23:00:00,1.2635,1.2635,0,0,0,0,0,0
1989-08-16 00:00:00,1.2256,1.2256,0,0,0,0,0,0
1989-08-16 01:00:00,0.9635,0.9635,0,0,0,0,0,0
1989-08-16 02:00:00,0.646,0.646,0,0,0,0,0,0
1989-08-16 03:00:00,0.9415,0.9415,0,0,0,0,0,0
1989-08-16 04:00:00,1.3965,1.3965,0,0,0,0,0,0
1989-08-16 05:00:00,1.6092,1.6092,0,0,0,0,0,0
1989-08-16 06:00:00,1.662,1.662,0,0,0,0,0,0
1989-08-16 07:00:00,1.7165,1.7165,0,0,0,0,0,0
1989-08-16 08:00:00,1.3631,1.3631,0,0,0,0,0,0
1989-08-16 09:00:00,1.4342,1.4342,0,0,0,0,0,0
1989-08-16 10:00:00,2.4832,2.4832,0,0,0,0,0,0
1989-08-16 11:00:00,3.6952,3.6952,0,0,0,0,0,0
1989-08-16 12:00:00,4.0714,4.0714,0,0,0,0,0,0
1989-08-16 13:00:00,3.7884,3.7884,0,0,0,0,0,0
1989-08-16 14:00:00,3.3882,3.3882,0,0,0,0,0,0
1989-08-16 15:00:00,2.5686,2.5686,0,0,0,0,0,0
1989-08-16 16:00:00,2.3042,2.3042,0,0,0,0,0,0
1989-08-16 17:00:00,1.9791,1.9791,0,0,0,0,0,0
1989-08-16 18:00:00,1.5049,1.5049,0,0,0,0,0,0
1989-08-16 19:00:00,0.8713,0.8713,0,0,0,0,0,0
1989-08-16 20:00:00,0.6361,0.6361,0,0,0,0,0,0
1989-08-16 21:00:00,1.1617,1.1617,0,0,0,0,0,0
1989-08-16 22:00:00,0.9986,0.9986,0,0,0,0,0,0
1989-08-16 23:00:00,0.8584,0.8584,0,0,0,0,0,0
1989-08-17 00:00:00,0.7935,0.7935,0,0,0,0,0,0
1989-08-17 01:00:00,0.7697,0.7697,0,0,0,0,0,0
1989-08-17 02:00:00,0.9389,0.9389,0,0,0,0,0,0
1989-08-17 03:00:00,1.2776,1.2776,0,0,0,0,0,0
1989-08-17 04:00:00,1.6252,1.6252,0,0,0,0,0,0
1989-08-17 05:00:00,2.0705,2.0705,0,0,0,0,0,0
1989-08-17 06:00:00,2.3391,2.3391,0,0,0,0,0,0
1989-08-17 07:00:00,2.2993,2.2993,0,0,0,0,0,0
1989-08-17 08:00:00,2.055,2.055,0,0,0,0,0,0
1989-08-17 09:00:00,1.9553,1.9553,0,0,0,0,0,0
1989-08-17 10:00:00,2.7558,2.7558,0,0,0,0,0,0
1989-08-17 11:00:00,4.2408,4.2408,0,0,0,0,0,0
1989-08-17 12:00:00,5.8699,5.8699,0,0,0,0,0,0
1989-08-17 13:00:00,6.6567,6.6567,0,0,0,0,0,0
1989-08-17 14:00:00,7.0681,7.0681,0,0,0,0,0,0
1989-08-17 15:00:00,7.194,7.194,0,0,0,0,0,0
1989-08-17 16:00:00,7.103,7.103,0,0,0,0,0,0
1989-08-17 17:00:00,6.9142,6.9142,0,0,0,0,0,0
1989-08-17 18:00:00,6.5889,6.5889,0,0,0,0,0,0
1989-08-17 19:00:00,5.766,5.766,0,0,0,0,0,0
1989-08-17 20:00:00,4.7576,4.7576,0,0,0,0,0,0
1989-08-17 21:00:00,3.7927,3.7927,0,0,0,0,0,0
1989-08-17 22:00:00,3.238,3.238,0,0,0,0,0,0
1989-08-17 23:00:00,2.9637,2.9637,0,0,0,0,0,0
1989-08-18 00:00:00,2.7233,2.7233,0,0,0,0,0,0
1989-08-18 01:00:00,2.3046,2.3046,0,0,0,0,0,0
1989-08-18 02:00:00,1.8365,1.8365,0,0,0,0,0,0
1989-08-18 03:00:00,1.3246,1.3246,0,0,0,0,0,0
1989-08-18 04:00:00,1.4292,1.4292,0,0,0,0,0,0
1989-08-18 05:00:00,1.5674,1.5674,0,0,0,0,0,0
1989-08-18 06:00:00,1.6885,1.6885,0,0,0,0,0,0
1989-08-18 07:00:00,1.9555,1.9555,0,0,0,0,0,0
1989-08-18 08:00:00,2.1733,2.1733,0,0,0,0,0,0
1989-08-18 09:00:00,2.5899,2.5899,0,0,0,0,0,0
1989-08-18 10:00:00,3.3015,3.3015,0,0,0,0,0,0
1989-08-18 11:00:00,4.1948,4.1948,0,0,0,0,0,0
1989-08-18 12:00:00,5.8153,5.8153,0,0,0,0,0,0
1989-08-18 13:00:00,7.8308,7.8308,0,0,0,0,0,0
1989-08-18 14:00:00,9.525,9.525,0,0,0,0,0,0
1989-08-18 15:00:00,10.2225,10.2225,0,0,0,0,0,0
1989-08-18 16:00:00,10.4801,10.4801,0,0,0,0,0,0
1989-08-18 17:00:00,10.3798,10.3798,0,0,0,0,0,0
1989-08-18 18:00:00,9.8191,9.8191,0,0,0,0,0,0
1989-08-18 19:00:00,8.8805,8.8805,0,0,0,0,0,0
1989-08-18 20:00:00,8.1374,8.1374,0,0,0,0,0,0
1989-08-18 21:00:00,7.2835,7.2835,0,0,0,0,0,0
1989-08-18 22:00:00,6.2385,6.2385,0,0,0,0,0,0
1989-08-18 23:00:00,5.4762,5.4762,0,0,0,0,0,0
1989-08-19 00:00:00,4.4962,4.4962,0,0,0,0,0,0
1989-08-19 01:00:00,3.5884,3.5884,0,0,0,0,0,0
1989-08-19 02:00:00,3.016,3.016,0,0,0,0,0,0
1989-08-19 03:00:00,2.9139,2.9139,0,0,0,0,0,0
1989-08-19 04:00:00,3.1025,3.1025,0,0,0,0,0,0
1989-08-19 05:00:00,3.3062,3.3062,0,0,0,0,0,0
1989-08-19 06:00:00,3.1919,3.1919,0,0,0,0,0,0
1989-08-19 07:00:00,2.759,2.759,0,0,0,0,0,0
1989-08-19 08:00:00,1.8397,1.8397,0,0,0,0,0,0
1989-08-19 09:00:00,0.7583,0.7583,0,0,0,0,0,0
1989-08-19 10:00:00,2.5791,2.5791,0,0,0,0,0,0
1989-08-19 11:00:00,4.0554,4.0554,0,0,0,0,0,0
1989-08-19 12:00:00,6.1855,6.1855,0,0,0,0,0,0
1989-08-19 13:00:00,8.2563,8.2563,0,0,0,0,0,0
1989-08-19 14:00:00,9.5505,9.5505,0,0,0,0,0,0
1989-08-19 15:00:00,9.9621,9.9621,0,0,0,0,0,0
1989-08-19 16:00:00,10.0256,10.0256,0,0,0,0,0,0
1989-08-19 17:00:00,9.9852,9.9852,0,0,0,0,0,0
1989-08-19 18:00:00,9.6631,9.6631,0,0,0,0,0,0
1989-08-19 19:00:00,8.7266,8.7266,0,0,0,0,0,0
1989-08-19 20:00:00,7.6615,7.6615,0,0,0,0,0,0
1989-08-19 21:00:00,6.4945,6.4945,0,0,0,0,0,0
1989-08-19 22:00:00,5.7818,5.7818,0,0,0,0,0,0
1989-08-19 23:00:00,5.2345,5.2345,0,0,0,0,0,0
1989-08-20 00:00:00,5.015,5.015,0,0,0,0,0,0
1989-08-20 01:00:00,4.6398,4.6398,0,0,0,0,0,0
1989-08-20 02:00:00,4.3339,4.3339,0,0,0,0,0,0
1989-08-20 03:00:00,3.99,3.99,0,0,0,0,0,0
1989-08-20 04:00:00,3.6674,3.6674,0,0,0,0,0,0
1989-08-20 05:00:00,3.6561,3.6561,0,0,0,0,0,0
1989-08-20 06:00:00,3.8488,3.8488,0,0,0,0,0,0
1989-08-20 07:00:00,3.9294,3.9294,0,0,0,0,0,0
1989-08-20 08:00:00,3.8302,3.8302,0,0,0,0,0,0
1989-08-20 09:00:00,3.8169,3.8169,0,0,0,0,0,0
1989-08-20 10:00:00,4.1368,4.1368,0,0,0,0,0,0
1989-08-20 11:00:00,3.8971,3.8971,0,0,0,0,0,0
1989-08-20 12:00:00,3.7781,3.7781,0,0,0,0,0,0
1989-08-20 13:00:00,3.5818,3.5818,0,0,0,0,0,0
1989-08-20 14:00:00,3.2165,3.2165,0,0,0,0,0,0
1989-08-20 15:00:00,2.6597,2.6597,0,0,0,0,0,0
1989-08-20 16:00:00,1.9541,1.9541,0,0,0,0,0,0
1989-08-20 17:00:00,1.0773,1.0773,0,0,0,0,0,0
1989-08-20 18:00:00,0.3656,0.3656,0,0,0,0,0,0
1989-08-20 19:00:00,0.8032,0.8032,0,0,0,0,0,0
1989-08-20 20:00:00,1.1887,1.1887,0,0,0,0,0,0
1989-08-20 21:00:00,1.5753,1.5753,0,0,0,0,0,0
1989-08-20 22:00:00,1.6959,1.6959,0,0,0,0,0,0
1989-08-20 23:00:00,1.658,1.658,0,0,0,0,0,0
1989-08-21 00:00:00,1.5002,1.5002,0,0,0,0,0,0
1989-08-21 01:00:00,1.5703,1.5703,0,0,0,0,0,0
1989-08-21 02:00:00,1.608,1.608,0,0,0,0,0,0
1989-08-21 03:00:00,1.471,1.471,0,0,0,0,0,0
1989-08-21 04:00:00,1.0938,1.0938,0,0,0,0,0,0
1989-08-21 05:00:00,0.7638,0.7638,0,0,0,0,0,0
1989-08-21 06:00:00,0.2945,0.2945,0,0,0,0,0,0
1989-08-21 07:00:00,0.3995,0.3995,0,0,0,0,0,0
1989-08-21 08:00:00,1.0554,1.0554,0,0,0,0,0,0
1989-08-21 09:00:00,1.6269,1.6269,0,0,0,0,0,0
1989-08-21 10:00:00,1.7933,1.7933,0,0,0,0,0,0
1989-08-21 11:00:00,2.4164,2.4164,0,0,0,0,0,0
1989-08-21 12:00:00,3.0439,3.0439,0,0,0,0,0,0
1989-08-21 13:00:00,3.2723,3.2723,0,0,0,0,0,0
1989-08-21 14:00:00,3.636,3.636,0,0,0,0,0,0
1989-08-21 15:00:00,4.2143,4.2143,0,0,0,0,0,0
1989-08-21 16:00:00,4.0074,4.0074,0,0,0,0,0,0
1989-08-21 17:00:00,3.5438,3.5438,0,0,0,0,0,0
1989-08-21 18:00:00,3.0339,3.0339,0,0,0,0,0,0
1989-08-21 19:00:00,2.7814,2.7814,0,0,0,0,0,0
1989-08-21 20:00:00,2.5757,2.5757,0,0,0,0,0,0
1989-08-21 21:00:00,2.0238,2.0238,0,0,0,0,0,0
1989-08-21 22:00:00,1.1416,1.1416,0,0,0,0,0,0
1989-08-21 23:00:00,0.9609,0.9609,0,0,0,0,0,0
1989-08-22 00:00:00,1.7966,1.7966,0,0,0,0,0,0
1989-08-22 01:00:00,2.1754,2.1754,0,0,0,0,0,0
1989-08-22 02:00:00,1.9959,1.9959,0,0,0,0,0,0
1989-08-22 03:00:00,1.3784,1.3784,0,0,0,0,0,0
1989-08-22 04:00:00,0.9747,0.9747,0,0,0,0,0,0
1989-08-22 05:00:00,0.8508,0.8508,0,0,0,0,0,0
1989-08-22 06:00:00,0.7494,0.7494,0,0,0,0,0,0
1989-08-22 07:00:00,0.6711,0.6711,0,0,0,0,0,0
1989-08-22 08:00:00,0.6517,0.6517,0,0,0,0,0,0
1989-08-22 09:00:00,1.0189,1.0189,0,0,0,0,0,0
1989-08-22 10:00:00,1.2828,1.2828,0,0,0,0,0,0
1989-08-22 11:00:00,2.7953,2.7953,0,0,0,0,0,0
1989-08-22 12:00:00,3.979,3.979,0,0,0,0,0,0
1989-08-22 13:00:00,4.7194,4.7194,0,0,0,0,0,0
1989-08-22 14:00:00,5.3387,5.3387,0,0,0,0,0,0
1989-08-22 15:00:00,5.8537,5.8537,0,0,0,0,0,0
1989-08-22 16:00:00,5.9408,5.9408,0,0,0,0,0,0
1989-08-22 17:00:00,5.1727,5.1727,0,0,0,0,0,0
1989-08-22 18:00:00,4.3138,4.3138,0,0,0,0,0,0
1989-08-22 19:00:00,3.4563,3.4563,0,0,0,0,0,0
1989-08-22 20:00:00,2.8013,2.8013,0,0,0,0,0,0
1989-08-22 21:00:00,2.048,2.048,0,0,0,0,0,0
1989-08-22 22:00:00,1.3103,1.3103,0,0,0,0,0,0
1989-08-22 23:00:00,1.6433,1.6433,0,0,0,0,0,0
1989-08-23 00:00:00,1.8023,1.8023,0,0,0,0,0,0
1989-08-23 01:00:00,1.8282,1.8282,0,0,0,0,0,0
1989-08-23 02:00:00,1.944,1.944,0,0,0,0,0,0
1989-08-23 03:00:00,1.8506,1.8506,0,0,0,0,0,0
1989-08-23 04:00:00,1.5839,1.5839,0,0,0,0,0,0
1989-08-23 05:00:00,1.2815,1.2815,0,0,0,0,0,0
1989-08-23 06:00:00,1.2554,1.2554,0,0,0,0,0,0
1989-08-23 07:00:00,1.2988,1.2988,0,0,0,0,0,0
1989-08-23 08:00:00,0.9592,0.9592,0,0,0,0,0,0
1989-08-23 09:00:00,0.2978,0.2978,0,0,0,0,0,0
1989-08-23 10:00:00,0.9663,0.9663,0,0,0,0,0,0
1989-08-23 11:00:00,2.3372,2.3372,0,0,0,0,0,0
1989-08-23 12:00:00,3.7859,3.7859,0,0,0,0,0,0
1989-08-23 13:00:00,4.8712,4.8712,0,0,0,0,0,0
1989-08-23 14:00:00,5.616,5.616,0,0,0,0,0,0
1989-08-23 15:00:00,6.0233,6.0233,0,0,0,0,0,0
1989-08-23 16:00:00,6.5166,6.5166,0,0,0,0,0,0
1989-08-23 17:00:00,6.1674,6.1674,0,0,0,0,0,0
1989-08-23 18:00:00,5.6627,5.6627,0,0,0,0,0,0
1989-08-23 19:00:00,5.0906,5.0906,0,0,0,0,0,0
1989-08-23 20:00:00,4.5767,4.5767,0,0,0,0,0,0
1989-08-23 21:00:00,4.0893,4.0893,0,0,0,0,0,0
1989-08-23 22:00:00,4.3196,4.3196,0,0,0,0,0,0
1989-08-23 23:00:00,4.1283,4.1283,0,0,0,0,0,0
1989-08-24 00:00:00,4.1414,4.1414,0,0,0,0,0,0
1989-08-24 01:00:00,4.3076,4.3076,0,0,0,0,0,0
1989-08-24 02:00:00,4.1843,4.1843,0,0,0,0,0,0
1989-08-24 03:00:00,4.1778,4.1778,0,0,0,0,0,0
1989-08-24 04:00:00,4.1798,4.1798,0,0,0,0,0,0
1989-08-24 05:00:00,4.1711,4.1711,0,0,0,0,0,0
1989-08-24 06:00:00,4.168,4.168,0,0,0,0,0,0
1989-08-24 07:00:00,3.4868,3.4868,0,0,0,0,0,0
1989-08-24 08:00:00,2.7603,2.7603,0,0,0,0,0,0
1989-08-24 09:00:00,1.7987,1.7987,0,0,0,0,0,0
1989-08-24 10:00:00,2.2318,2.2318,0,0,0,0,0,0
1989-08-24 11:00:00,3.4197,3.4197,0,0,0,0,0,0
1989-08-24 12:00:00,5.1933,5.1933,0,0,0,0,0,0
1989-08-24 13:00:00,7.019,7.019,0,0,0,0,0,0
1989-08-24 14:00:00,8.2079,8.2079,0,0,0,0,0,0
1989-08-24 15:00:00,8.4731,8.4731,0,0,0,0,0,0
1989-08-24 16:00:00,7.6897,7.6897,0,0,0,0,0,0
1989-08-24 17:00:00,6.4346,6.4346,0,0,0,0,0,0
1989-08-24 18:00:00,5.2385,5.2385,0,0,0,0,0,0
1989-08-24 19:00:00,4.5181,4.5181,0,0,0,0,0,0
1989-08-24 20:00:00,4.2652,4.2652,0,0,0,0,0,0
1989-08-24 21:00:00,3.7884,3.7884,0,0,0,0,0,0
1989-08-24 22:00:00,3.9322,3.9322,0,0,0,0,0,0
1989-08-24 23:00:00,3.9932,3.9932,0,0,0,0,0,0
1989-08-25 00:00:00,4.0204,4.0204,0,0,0,0,0,0
1989-08-25 01:00:00,3.899,3.899,0,0,0,0,0,0
1989-08-25 02:00:00,3.9499,3.9499,0,0,0,0,0,0
1989-08-25 03:00:00,4.0409,4.0409,0,0,0,0,0,0
1989-08-25 04:00:00,4.2046,4.2046,0,0,0,0,0,0
1989-08-25 05:00:00,4.0098,4.0098,0,0,0,0,0,0
1989-08-25 06:00:00,3.8216,3.8216,0,0,0,0,0,0
1989-08-25 07:00:00,3.6855,3.6855,0,0,0,0,0,0
1989-08-25 08:00:00,4.1789,4.1789,0,0,0,0,0,0
1989-08-25 09:00:00,4.6113,4.6113,0,0,0,0,0,0
1989-08-25 10:00:00,5.4505,5.4505,0,0,0,0,0,0
1989-08-25 11:00:00,5.9394,5.9394,0,0,0,0,0,0
1989-08-25 12:00:00,6.8045,6.8045,0,0,0,0,0,0
1989-08-25 13:00:00,7.6793,7.6793,0,0,0,0,0,0
1989-08-25 14:00:00,8.1478,8.1478,0,0,0,0,0,0
1989-08-25 15:00:00,7.852,7.852,0,0,0,0,0,0
1989-08-25 16:00:00,7.6439,7.6439,0,0,0,0,0,0
1989-08-25 17:00:00,7.127,7.127,0,0,0,0,0,0
1989-08-25 18:00:00,6.07,6.07,0,0,0,0,0,0
1989-08-25 19:00:00,5.3943,5.3943,0,0,0,0,0,0
1989-08-25 20:00:00,5.1814,5.1814,0,0,0,0,0,0
1989-08-25 21:00:00,5.0536,5.0536,0,0,0,0,0,0
1989-08-25 22:00:00,5.537,5.537,0,0,0,0,0,0
1989-08-25 23:00:00,5.1692,5.1692,0,0,0,0,0,0
1989-08-26 00:00:00,4.8406,4.8406,0,0,0,0,0,0
1989-08-26 01:00:00,4.7575,4.7575,0,0,0,0,0,0
1989-08-26 02:00:00,4.8065,4.8065,0,0,0,0,0,0
1989-08-26 03:00:00,4.8156,4.8156,0,0,0,0,0,0
1989-08-26 04:00:00,4.7117,4.7117,0,0,0,0,0,0
1989-08-26 05:00:00,4.6978,4.6978,0,0,0,0,0,0
1989-08-26 06:00:00,4.5703,4.5703,0,0,0,0,0,0
1989-08-26 07:00:00,4.4124,4.4124,0,0,0,0,0,0
1989-08-26 08:00:00,4.6662,4.6662,0,0,0,0,0,0
1989-08-26 09:00:00,4.9458,4.9458,0,0,0,0,0,0
1989-08-26 10:00:00,4.6722,4.6722,0,0,0,0,0,0
1989-08-26 11:00:00,4.4389,4.4389,0,0,0,0,0,0
1989-08-26 12:00:00,4.8865,4.8865,0,0,0,0,0,0
1989-08-26 13:00:00,5.4898,5.4898,0,0,0,0,0,0
1989-08-26 14:00:00,6.122,6.122,0,0,0,0,0,0
1989-08-26 15:00:00,6.1093,6.1093,0,0,0,0,0,0
1989-08-26 16:00:00,6.1302,6.1302,0,0,0,0,0,0
1989-08-26 17:00:00,6.1343,6.1343,0,0,0,0,0,0
1989-08-26 18:00:00,5.8747,5.8747,0,0,0,0,0,0
1989-08-26 19:00:00,5.5202,5.5202,0,0,0,0,0,0
1989-08-26 20:00:00,5.1881,5.1881,0,0,0,0,0,0
1989-08-26 21:00:00,4.8403,4.8403,0,0,0,0,0,0
1989-08-26 22:00:00,4.249,4.249,0,0,0,0,0,0
1989-08-26 23:00:00,4.0371,4.0371,0,0,0,0,0,0
1989-08-27 00:00:00,4.1755,4.1755,0,0,0,0,0,0
1989-08-27 01:00:00,4.115,4.115,0,0,0,0,0,0
1989-08-27 02:00:00,3.7735,3.7735,0,0,0,0,0,0
1989-08-27 03:00:00,3.3718,3.3718,0,0,0,0,0,0
1989-08-27 04:00:00,2.9161,2.9161,0,0,0,0,0,0
1989-08-27 05:00:00,2.8009,2.8009,0,0,0,0,0,0
1989-08-27 06:00:00,3.1195,3.1195,0,0,0,0,0,0
1989-08-27 07:00:00,3.9198,3.9198,0,0,0,0,0,0
1989-08-27 08:00:00,4.6577,4.6577,0,0,0,0,0,0
1989-08-27 09:00:00,5.0282,5.0282,0,0,0,0,0,0
1989-08-27 10:00:00,4.9817,4.9817,0,0,0,0,0,0
1989-08-27 11:00:00,5.662,5.662,0,0,0,0,0,0
1989-08-27 12:00:00,6.3964,6.3964,0,0,0,0,0,0
1989-08-27 13:00:00,6.9908,6.9908,0,0,0,0,0,0
1989-08-27 14:00:00,7.3714,7.3714,0,0,0,0,0,0
1989-08-27 15:00:00,7.4546,7.4546,0,0,0,0,0,0
1989-08-27 16:00:00,7.1569,7.1569,0,0,0,0,0,0
1989-08-27 17:00:00,6.7725,6.7725,0,0,0,0,0,0
1989-08-27 18:00:00,6.4809,6.4809,0,0,0,0,0,0
1989-08-27 19:00:00,5.9665,5.9665,0,0,0,0,0,0
1989-08-27 20:00:00,5.4972,5.4972,0,0,0,0,0,0
1989-08-27 21:00:00,5.1581,5.1581,0,0,0,0,0,0
1989-08-27 22:00:00,5.3158,5.3158,0,0,0,0,0,0
1989-08-27 23:00:00,5.0419,5.0419,0,0,0,0,0,0
1989-08-28 00:00:00,5.0819,5.0819,0,0,0,0,0,0
1989-08-28 01:00:00,5.2323,5.2323,0,0,0,0,0,0
1989-08-28 02:00:00,5.3996,5.3996,0,0,0,0,0,0
1989-08-28 03:00:00,5.2183,5.2183,0,0,0,0,0,0
1989-08-28 04:00:00,4.823,4.823,0,0,0,0,0,0
1989-08-28 05:00:00,4.2107,4.2107,0,0,0,0,0,0
1989-08-28 06:00:00,3.6678,3.6678,0,0,0,0,0,0
1989-08-28 07:00:00,3.5575,3.5575,0,0,0,0,0,0
1989-08-28 08:00:00,4.1422,4.1422,0,0,0,0,0,0
1989-08-28 09:00:00,4.8471,4.8471,0,0,0,0,0,0
1989-08-28 10:00:00,5.4434,5.4434,0,0,0,0,0,0
1989-08-28 11:00:00,6.1832,6.1832,0,0,0,0,0,0
1989-08-28 12:00:00,6.5459,6.5459,0,0,0,0,0,0
1989-08-28 13:00:00,6.696,6.696,0,0,0,0,0,0
1989-08-28 14:00:00,6.8685,6.8685,0,0,0,0,0,0
1989-08-28 15:00:00,7.1629,7.1629,0,0,0,0,0,0
1989-08-28 16:00:00,7.4556,7.4556,0,0,0,0,0,0
1989-08-28 17:00:00,7.2788,7.2788,0,0,0,0,0,0
1989-08-28 18:00:00,7.3208,7.3208,0,0,0,0,0,0
1989-08-28 19:00:00,7.6365,7.6365,0,0,0,0,0,0
1989-08-28 20:00:00,8.0348,8.0348,0,0,0,0,0,0
1989-08-28 21:00:00,8.5827,8.5827,0,0,0,0,0,0
1989-08-28 22:00:00,9.3014,9.3014,0,0,0,0,0,0
1989-08-28 23:00:00,9.6556,9.6556,0,0,0,0,0,0
1989-08-29 00:00:00,9.3583,9.3583,0,0,0,0,0,0
1989-08-29 01:00:00,11.9453,11.9453,0,0,0,0,0,0
1989-08-29 02:00:00,14.1147,14.1147,0,0,0,0,0,0
1989-08-29 03:00:00,15.5824,15.5824,0,0,0,0,0,0
1989-08-29 04:00:00,15.1792,15.1792,0,0,0,0,0,0
1989-08-29 05:00:00,13.5736,13.5736,0,0,0,0,0,0
1989-08-29 06:00:00,12.2269,12.2269,0,0,0,0,0,0
1989-08-29 07:00:00,11.6589,11.6589,0,0,0,0,0,0
1989-08-29 08:00:00,11.5775,11.5775,0,0,0,0,0,0
1989-08-29 09:00:00,11.6834,11.6834,0,0,0,0,0,0
1989-08-29 10:00:00,12.3734,12.3734,0,0,0,0,0,0
1989-08-29 11:00:00,12.6593,12.6593,0,0,0,0,0,0
1989-08-29 12:00:00,12.4046,12.4046,0,0,0,0,0,0
1989-08-29 13:00:00,12.2379,12.2379,0,0,0,0,0,0
1989-08-29 14:00:00,12.2478,12.2478,0,0,0,0,0,0
1989-08-29 15:00:00,12.2712,12.2712,0,0,0,0,0,0
1989-08-29 16:00:00,12.0024,12.0024,0,0,0,0,0,0
1989-08-29 17:00:00,11.5066,11.5066,0,0,0,0,0,0
1989-08-29 18:00:00,10.7207,10.7207,0,0,0,0,0,0
1989-08-29 19:00:00,9.8022,9.8022,0,0,0,0,0,0
1989-08-29 20:00:00,8.8504,8.8504,0,0,0,0,0,0
1989-08-29 21:00:00,7.688,7.688,0,0,0,0,0,0
1989-08-29 22:00:00,7.9458,7.9458,0,0,0,0,0,0
1989-08-29 23:00:00,7.1391,7.1391,0,0,0,0,0,0
1989-08-30 00:00:00,6.0201,6.0201,0,0,0,0,0,0
1989-08-30 01:00:00,5.2119,5.2119,0,0,0,0,0,0
1989-08-30 02:00:00,5.2882,5.2882,0,0,0,0,0,0
1989-08-30 03:00:00,5.3736,5.3736,0,0,0,0,0,0
1989-08-30 04:00:00,4.7193,4.7193,0,0,0,0,0,0
1989-08-30 05:00:00,4.1016,4.1016,0,0,0,0,0,0
1989-08-30 06:00:00,3.7532,3.7532,0,0,0,0,0,0
1989-08-30 07:00:00,4.0302,4.0302,0,0,0,0,0,0
1989-08-30 08:00:00,4.5867,4.5867,0,0,0,0,0,0
1989-08-30 09:00:00,4.9554,4.9554,0,0,0,0,0,0
1989-08-30 10:00:00,4.2251,4.2251,0,0,0,0,0,0
1989-08-30 11:00:00,4.199,4.199,0,0,0,0,0,0
1989-08-30 12:00:00,4.4612,4.4612,0,0,0,0,0,0
1989-08-30 13:00:00,4.9343,4.9343,0,0,0,0,0,0
1989-08-30 14:00:00,5.5035,5.5035,0,0,0,0,0,0
1989-08-30 15:00:00,6.0632,6.0632,0,0,0,0,0,0
1989-08-30 16:00:00,6.4068,6.4068,0,0,0,0,0,0
1989-08-30 17:00:00,6.4783,6.4783,0,0,0,0,0,0
1989-08-30 18:00:00,6.2397,6.2397,0,0,0,0,0,0
1989-08-30 19:00:00,5.9776,5.9776,0,0,0,0,0,0
1989-08-30 20:00:00,5.1955,5.1955,0,0,0,0,0,0
1989-08-30 21:00:00,4.315,4.315,0,0,0,0,0,0
1989-08-30 22:00:00,3.9975,3.9975,0,0,0,0,0,0
1989-08-30 23:00:00,3.2795,3.2795,0,0,0,0,0,0
1989-08-31 00:00:00,2.499,2.499,0,0,0,0,0,0
1989-08-31 01:00:00,2.0872,2.0872,0,0,0,0,0,0
1989-08-31 02:00:00,1.7356,1.7356,0,0,0,0,0,0
1989-08-31 03:00:00,1.5193,1.5193,0,0,0,0,0,0
1989-08-31 04:00:00,1.5057,1.5057,0,0,0,0,0,0
1989-08-31 05:00:00,1.6847,1.6847,0,0,0,0,0,0
1989-08-31 06:00:00,1.772,1.772,0,0,0,0,0,0
1989-08-31 07:00:00,1.8595,1.8595,0,0,0,0,0,0
1989-08-31 08:00:00,2.1714,2.1714,0,0,0,0,0,0
1989-08-31 09:00:00,2.6742,2.6742,0,0,0,0,0,0
1989-08-31 10:00:00,1.4463,1.4463,0,0,0,0,0,0
1989-08-31 11:00:00,2.3013,2.3013,0,0,0,0,0,0
1989-08-31 12:00:00,2.8004,2.8004,0,0,0,0,0,0
1989-08-31 13:00:00,3.6249,3.6249,0,0,0,0,0,0
1989-08-31 14:00:00,3.6275,3.6275,0,0,0,0,0,0
1989-08-31 15:00:00,3.2475,3.2475,0,0,0,0,0,0
1989-08-31 16:00:00,2.5958,2.5958,0,0,0,0,0,0
1989-08-31 17:00:00,1.6944,1.6944,0,0,0,0,0,0
1989-08-31 18:00:00,1.6308,1.6308,0,0,0,0,0,0
1989-08-31 19:00:00,1.0647,1.0647,0,0,0,0,0,0
1989-08-31 20:00:00,0.9478,0.9478,0,0,0,0,0,0
1989-08-31 21:00:00,1.3963,1.3963,0,0,0,0,0,0
1989-08-31 22:00:00,1.7537,1.7537,0,0,0,0,0,0
1989-08-31 23:00:00,2.5511,2.5511,0,0,0,0,0,0
1989-09-01 00:00:00,2.75,2.75,0,0,0,0,0,0
1989-09-01 01:00:00,3.1969,3.1969,0,0,0,0,0,0
1989-09-01 02:00:00,3.6852,3.6852,0,0,0,0,0,0
1989-09-01 03:00:00,4.2308,4.2308,0,0,0,0,0,0
1989-09-01 04:00:00,4.9697,4.9697,0,0,0,0,0,0
1989-09-01 05:00:00,5.7812,5.7812,0,0,0,0,0,0
1989-09-01 06:00:00,6.2827,6.2827,0,0,0,0,0,0
1989-09-01 07:00:00,5.7312,5.7312,0,0,0,0,0,0
1989-09-01 08:00:00,6.9643,6.9643,0,0,0,0,0,0
1989-09-01 09:00:00,6.1427,6.1427,0,0,0,0,0,0
1989-09-01 10:00:00,5.3395,5.3395,0,0,0,0,0,0
1989-09-01 11:00:00,5.6455,5.6455,0,0,0,0,0,0
1989-09-01 12:00:00,6.5368,6.5368,0,0,0,0,0,0
1989-09-01 13:00:00,7.8945,7.8945,0,0,0,0,0,0
1989-09-01 14:00:00,8.2733,8.2733,0,0,0,0,0,0
1989-09-01 15:00:00,9.1035,9.1035,0,0,0,0,0,0
1989-09-01 16:00:00,10.3677,10.3677,0,0,0,0,0,0
1989-09-01 17:00:00,10.8852,10.8852,0,0,0,0,0,0
1989-09-01 18:00:00,10.0819,10.0819,0,0,0,0,0,0
1989-09-01 19:00:00,9.7625,9.7625,0,0,0,0,0,0
1989-09-01 20:00:00,8.4162,8.4162,0,0,0,0,0,0
1989-09-01 21:00:00,8.4155,8.4155,0,0,0,0,0,0
1989-09-01 22:00:00,8.6229,8.6229,0,0,0,0,0,0
1989-09-01 23:00:00,8.8884,8.8884,0,0,0,0,0,0
1989-09-02 00:00:00,9.0519,9.0519,0,0,0,0,0,0
1989-09-02 01:00:00,9.3596,9.3596,0,0,0,0,0,0
1989-09-02 02:00:00,8.4224,8.4224,0,0,0,0,0,0
1989-09-02 03:00:00,6.6059,6.6059,0,0,0,0,0,0
1989-09-02 04:00:00,4.9787,4.9787,0,0,0,0,0,0
1989-09-02 05:00:00,3.5278,3.5278,0,0,0,0,0,0
1989-09-02 06:00:00,2.8781,2.8781,0,0,0,0,0,0
1989-09-02 07:00:00,2.0388,2.0388,0,0,0,0,0,0
1989-09-02 08:00:00,3.0284,3.0284,0,0,0,0,0,0
1989-09-02 09:00:00,4.8918,4.8918,0,0,0,0,0,0
1989-09-02 10:00:00,5.1235,5.1235,0,0,0,0,0,0
1989-09-02 11:00:00,6.7229,6.7229,0,0,0,0,0,0
1989-09-02 12:00:00,7.2426,7.2426,0,0,0,0,0,0
1989-09-02 13:00:00,7.8568,7.8568,0,0,0,0,0,0
1989-09-02 14:00:00,8.5446,8.5446,0,0,0,0,0,0
1989-09-02 15:00:00,9.7635,9.7635,0,0,0,0,0,0
1989-09-02 16:00:00,10.8585,10.8585,0,0,0,0,0,0
1989-09-02 17:00:00,11.2493,11.2493,0,0,0,0,0,0
1989-09-02 18:00:00,11.4153,11.4153,0,0,0,0,0,0
1989-09-02 19:00:00,11.7104,11.7104,0,0,0,0,0,0
1989-09-02 20:00:00,11.5435,11.5435,0,0,0,0,0,0
1989-09-02 21:00:00,11.1095,11.1095,0,0,0,0,0,0
1989-09-02 22:00:00,10.3993,10.3993,0,0,0,0,0,0
1989-09-02 23:00:00,9.6445,9.6445,0,0,0,0,0,0
1989-09-03 00:00:00,8.9054,8.9054,0,0,0,0,0,0
1989-09-03 01:00:00,8.6219,8.6219,0,0,0,0,0,0
1989-09-03 02:00:00,8.7574,8.7574,0,0,0,0,0,0
1989-09-03 03:00:00,9.115,9.115,0,0,0,0,0,0
1989-09-03 04:00:00,9.1043,9.1043,0,0,0,0,0,0
1989-09-03 05:00:00,8.9205,8.9205,0,0,0,0,0,0
1989-09-03 06:00:00,8.6853,8.6853,0,0,0,0,0,0
1989-09-03 07:00:00,8.3667,8.3667,0,0,0,0,0,0
1989-09-03 08:00:00,8.1303,8.1303,0,0,0,0,0,0
1989-09-03 09:00:00,8.3321,8.3321,0,0,0,0,0,0
1989-09-03 10:00:00,9.0346,9.0346,0,0,0,0,0,0
1989-09-03 11:00:00,9.2088,9.2088,0,0,0,0,0,0
1989-09-03 12:00:00,9.3763,9.3763,0,0,0,0,0,0
1989-09-03 13:00:00,9.2407,9.2407,0,0,0,0,0,0
1989-09-03 14:00:00,8.9694,8.9694,0,0,0,0,0,0
1989-09-03 15:00:00,8.8645,8.8645,0,0,0,0,0,0
1989-09-03 16:00:00,8.9997,8.9997,0,0,0,0,0,0
1989-09-03 17:00:00,8.9869,8.9869,0,0,0,0,0,0
1989-09-03 18:00:00,8.3893,8.3893,0,0,0,0,0,0
1989-09-03 19:00:00,7.2244,7.2244,0,0,0,0,0,0
1989-09-03 20:00:00,6.0849,6.0849,0,0,0,0,0,0
1989-09-03 21:00:00,5.0294,5.0294,0,0,0,0,0,0
1989-09-03 22:00:00,4.6319,4.6319,0,0,0,0,0,0
1989-09-03 23:00:00,4.082,4.082,0,0,0,0,0,0
1989-09-04 00:00:00,4.1717,4.1717,0,0,0,0,0,0
1989-09-04 01:00:00,4.8786,4.8786,0,0,0,0,0,0
1989-09-04 02:00:00,5.1948,5.1948,0,0,0,0,0,0
1989-09-04 03:00:00,5.1112,5.1112,0,0,0,0,0,0
1989-09-04 04:00:00,4.6739,4.6739,0,0,0,0,0,0
1989-09-04 05:00:00,4.5068,4.5068,0,0,0,0,0,0
1989-09-04 06:00:00,4.9142,4.9142,0,0,0,0,0,0
1989-09-04 07:00:00,5.1691,5.1691,0,0,0,0,0,0
1989-09-04 08:00:00,5.2737,5.2737,0,0,0,0,0,0
1989-09-04 09:00:00,5.1324,5.1324,0,0,0,0,0,0
1989-09-04 10:00:00,4.9014,4.9014,0,0,0,0,0,0
1989-09-04 11:00:00,4.7201,4.7201,0,0,0,0,0,0
1989-09-04 12:00:00,4.9573,4.9573,0,0,0,0,0,0
1989-09-04 13:00:00,5.4523,5.4523,0,0,0,0,0,0
1989-09-04 14:00:00,5.8665,5.8665,0,0,0,0,0,0
1989-09-04 15:00:00,5.3538,5.3538,0,0,0,0,0,0
1989-09-04 16:00:00,4.3165,4.3165,0,0,0,0,0,0
1989-09-04 17:00:00,4.842,4.842,0,0,0,0,0,0
1989-09-04 18:00:00,5.4865,5.4865,0,0,0,0,0,0
1989-09-04 19:00:00,4.9693,4.9693,0,0,0,0,0,0
1989-09-04 20:00:00,4.1902,4.1902,0,0,0,0,0,0
1989-09-04 21:00:00,3.4574,3.4574,0,0,0,0,0,0
1989-09-04 22:00:00,2.8148,2.8148,0,0,0,0,0,0
1989-09-04 23:00:00,2.179,2.179,0,0,0,0,0,0
1989-09-05 00:00:00,3.211,3.211,0,0,0,0,0,0
1989-09-05 01:00:00,6.088,6.088,0,0,0,0,0,0
1989-09-05 02:00:00,4.4317,4.4317,0,0,0,0,0,0
1989-09-05 03:00:00,4.5681,4.5681,0,0,0,0,0,0
1989-09-05 04:00:00,4.8328,4.8328,0,0,0,0,0,0
1989-09-05 05:00:00,3.0616,3.0616,0,0,0,0,0,0
1989-09-05 06:00:00,2.2349,2.2349,0,0,0,0,0,0
1989-09-05 07:00:00,1.9794,1.9794,0,0,0,0,0,0
1989-09-05 08:00:00,2.3874,2.3874,0,0,0,0,0,0
1989-09-05 09:00:00,3.0722,3.0722,0,0,0,0,0,0
1989-09-05 10:00:00,3.4449,3.4449,0,0,0,0,0,0
1989-09-05 11:00:00,2.5163,2.5163,0,0,0,0,0,0
1989-09-05 12:00:00,2.7436,2.7436,0,0,0,0,0,0
1989-09-05 13:00:00,3.8555,3.8555,0,0,0,0,0,0
1989-09-05 14:00:00,2.5846,2.5846,0,0,0,0,0,0
1989-09-05 15:00:00,2.6334,2.6334,0,0,0,0,0,0
1989-09-05 16:00:00,5.6249,5.6249,0,0,0,0,0,0
1989-09-05 17:00:00,6.7228,6.7228,0,0,0,0,0,0
1989-09-05 18:00:00,7.5784,7.5784,0,0,0,0,0,0
1989-09-05 19:00:00,9.3102,9.3102,0,0,0,0,0,0
1989-09-05 20:00:00,9.6705,9.6705,0,0,0,0,0,0
1989-09-05 21:00:00,8.4103,8.4103,0,0,0,0,0,0
1989-09-05 22:00:00,6.9447,6.9447,0,0,0,0,0,0
1989-09-05 23:00:00,7.4504,7.4504,0,0,0,0,0,0
1989-09-06 00:00:00,6.8571,6.8571,0,0,0,0,0,0
1989-09-06 01:00:00,7.619,7.619,0,0,0,0,0,0
1989-09-06 02:00:00,8.5483,8.5483,0,0,0,0,0,0
1989-09-06 03:00:00,9.2542,9.2542,0,0,0,0,0,0
1989-09-06 04:00:00,8.3801,8.3801,0,0,0,0,0,0
1989-09-06 05:00:00,6.8047,6.8047,0,0,0,0,0,0
1989-09-06 06:00:00,5.8587,5.8587,0,0,0,0,0,0
1989-09-06 07:00:00,6.117,6.117,0,0,0,0,0,0
1989-09-06 08:00:00,6.6904,6.6904,0,0,0,0,0,0
1989-09-06 09:00:00,7.0492,7.0492,0,0,0,0,0,0
1989-09-06 10:00:00,6.1137,6.1137,0,0,0,0,0,0
1989-09-06 11:00:00,9.009,9.009,0,0,0,0,0,0
1989-09-06 12:00:00,12.3113,12.3113,0,0,0,0,0,0
1989-09-06 13:00:00,14.39,14.39,0,0,0,0,0,0
1989-09-06 14:00:00,14.1529,14.1529,0,0,0,0,0,0
1989-09-06 15:00:00,13.4935,13.4935,0,0,0,0,0,0
1989-09-06 16:00:00,12.6045,12.6045,0,0,0,0,0,0
1989-09-06 17:00:00,11.4136,11.4136,0,0,0,0,0,0
1989-09-06 18:00:00,11.3601,11.3601,0,0,0,0,0,0
1989-09-06 19:00:00,12.0322,12.0322,0,0,0,0,0,0
1989-09-06 20:00:00,11.4067,11.4067,0,0,0,0,0,0
1989-09-06 21:00:00,11.2718,11.2718,0,0,0,0,0,0
1989-09-06 22:00:00,9.8891,9.8891,0,0,0,0,0,0
1989-09-06 23:00:00,10.2163,10.2163,0,0,0,0,0,0
1989-09-07 00:00:00,9.7403,9.7403,0,0,0,0,0,0
1989-09-07 01:00:00,10.0574,10.0574,0,0,0,0,0,0
1989-09-07 02:00:00,9.6556,9.6556,0,0,0,0,0,0
1989-09-07 03:00:00,11.3485,11.3485,0,0,0,0,0,0
1989-09-07 04:00:00,12.8145,12.8145,0,0,0,0,0,0
1989-09-07 05:00:00,11.8703,11.8703,0,0,0,0,0,0
1989-09-07 06:00:00,11.5812,11.5812,0,0,0,0,0,0
1989-09-07 07:00:00,10.9935,10.9935,0,0,0,0,0,0
1989-09-07 08:00:00,9.72,9.72,0,0,0,0,0,0
1989-09-07 09:00:00,9.5387,9.5387,0,0,0,0,0,0
1989-09-07 10:00:00,7.9396,7.9396,0,0,0,0,0,0
1989-09-07 11:00:00,9.4108,9.4108,0,0,0,0,0,0
1989-09-07 12:00:00,11.2881,11.2881,0,0,0,0,0,0
1989-09-07 13:00:00,11.3195,11.3195,0,0,0,0,0,0
1989-09-07 14:00:00,12.0435,12.0435,0,0,0,0,0,0
1989-09-07 15:00:00,13.6443,13.6443,0,0,0,0,0,0
1989-09-07 16:00:00,14.2894,14.2894,0,0,0,0,0,0
1989-09-07 17:00:00,14.1993,14.1993,0,0,0,0,0,0
1989-09-07 18:00:00,13.7866,13.7866,0,0,0,0,0,0
1989-09-07 19:00:00,13.9562,13.9562,0,0,0,0,0,0
1989-09-07 20:00:00,13.6684,13.6684,0,0,0,0,0,0
1989-09-07 21:00:00,13.0179,13.0179,0,0,0,0,0,0
1989-09-07 22:00:00,12.4843,12.4843,0,0,0,0,0,0
1989-09-07 23:00:00,13.4019,13.4019,0,0,0,0,0,0
1989-09-08 00:00:00,13.5948,13.5948,0,0,0,0,0,0
1989-09-08 01:00:00,13.2078,13.2078,0,0,0,0,0,0
1989-09-08 02:00:00,11.9626,11.9626,0,0,0,0,0,0
1989-09-08 03:00:00,10.6451,10.6451,0,0,0,0,0,0
1989-09-08 04:00:00,11.0922,11.0922,0,0,0,0,0,0
1989-09-08 05:00:00,12.6683,12.6683,0,0,0,0,0,0
1989-09-08 06:00:00,13.1021,13.1021,0,0,0,0,0,0
1989-09-08 07:00:00,12.7683,12.7683,0,0,0,0,0,0
1989-09-08 08:00:00,13.0658,13.0658,0,0,0,0,0,0
1989-09-08 09:00:00,13.4115,13.4115,0,0,0,0,0,0
1989-09-08 10:00:00,13.0467,13.0467,0,0,0,0,0,0
1989-09-08 11:00:00,13.1369,13.1369,0,0,0,0,0,0
1989-09-08 12:00:00,13.6746,13.6746,0,0,0,0,0,0
1989-09-08 13:00:00,14.7011,14.7011,0,0,0,0,0,0
1989-09-08 14:00:00,15.5878,15.5878,0,0,0,0,0,0
1989-09-08 15:00:00,15.6247,15.6247,0,0,0,0,0,0
1989-09-08 16:00:00,15.6826,15.6826,0,0,0,0,0,0
1989-09-08 17:00:00,16.0263,16.0263,0,0,0,0,0,0
1989-09-08 18:00:00,15.8396,15.8396,0,0,0,0,0,0
1989-09-08 19:00:00,14.5722,14.5722,0,0,0,0,0,0
1989-09-08 20:00:00,13.085,13.085,0,0,0,0,0,0
1989-09-08 21:00:00,12.5947,12.5947,0,0,0,0,0,0
1989-09-08 22:00:00,11.1316,11.1316,0,0,0,0,0,0
1989-09-08 23:00:00,12.9478,12.9478,0,0,0,0,0,0
1989-09-09 00:00:00,12.9252,12.9252,0,0,0,0,0,0
1989-09-09 01:00:00,11.9818,11.9818,0,0,0,0,0,0
1989-09-09 02:00:00,10.7915,10.7915,0,0,0,0,0,0
1989-09-09 03:00:00,8.7254,8.7254,0,0,0,0,0,0
1989-09-09 04:00:00,7.0134,7.0134,0,0,0,0,0,0
1989-09-09 05:00:00,6.1418,6.1418,0,0,0,0,0,0
1989-09-09 06:00:00,5.3542,5.3542,0,0,0,0,0,0
1989-09-09 07:00:00,4.7484,4.7484,0,0,0,0,0,0
1989-09-09 08:00:00,3.8928,3.8928,0,0,0,0,0,0
1989-09-09 09:00:00,3.3536,3.3536,0,0,0,0,0,0
1989-09-09 10:00:00,5.9854,5.9854,0,0,0,0,0,0
1989-09-09 11:00:00,8.9061,8.9061,0,0,0,0,0,0
1989-09-09 12:00:00,10.0912,10.0912,0,0,0,0,0,0
1989-09-09 13:00:00,11.3632,11.3632,0,0,0,0,0,0
1989-09-09 14:00:00,12.011,12.011,0,0,0,0,0,0
1989-09-09 15:00:00,11.8767,11.8767,0,0,0,0,0,0
1989-09-09 16:00:00,11.34,11.34,0,0,0,0,0,0
1989-09-09 17:00:00,11.1601,11.1601,0,0,0,0,0,0
1989-09-09 18:00:00,10.9405,10.9405,0,0,0,0,0,0
1989-09-09 19:00:00,10.3083,10.3083,0,0,0,0,0,0
1989-09-09 20:00:00,9.4115,9.4115,0,0,0,0,0,0
1989-09-09 21:00:00,8.5468,8.5468,0,0,0,0,0,0
1989-09-09 22:00:00,7.3972,7.3972,0,0,0,0,0,0
1989-09-09 23:00:00,6.739,6.739,0,0,0,0,0,0
1989-09-10 00:00:00,6.4919,6.4919,0,0,0,0,0,0
1989-09-10 01:00:00,7.2207,7.2207,0,0,0,0,0,0
1989-09-10 02:00:00,7.4806,7.4806,0,0,0,0,0,0
1989-09-10 03:00:00,7.5228,7.5228,0,0,0,0,0,0
1989-09-10 04:00:00,7.496,7.496,0,0,0,0,0,0
1989-09-10 05:00:00,7.5341,7.5341,0,0,0,0,0,0
1989-09-10 06:00:00,7.3973,7.3973,0,0,0,0,0,0
1989-09-10 07:00:00,7.316,7.316,0,0,0,0,0,0
1989-09-10 08:00:00,7.2117,7.2117,0,0,0,0,0,0
1989-09-10 09:00:00,7.0489,7.0489,0,0,0,0,0,0
1989-09-10 10:00:00,6.3898,6.3898,0,0,0,0,0,0
1989-09-10 11:00:00,6.1041,6.1041,0,0,0,0,0,0
1989-09-10 12:00:00,6.0884,6.0884,0,0,0,0,0,0
1989-09-10 13:00:00,5.9966,5.9966,0,0,0,0,0,0
1989-09-10 14:00:00,5.8124,5.8124,0,0,0,0,0,0
1989-09-10 15:00:00,5.4683,5.4683,0,0,0,0,0,0
1989-09-10 16:00:00,5.4034,5.4034,0,0,0,0,0,0
1989-09-10 17:00:00,5.3523,5.3523,0,0,0,0,0,0
1989-09-10 18:00:00,4.833,4.833,0,0,0,0,0,0
1989-09-10 19:00:00,3.9122,3.9122,0,0,0,0,0,0
1989-09-10 20:00:00,2.9424,2.9424,0,0,0,0,0,0
1989-09-10 21:00:00,2.3358,2.3358,0,0,0,0,0,0
1989-09-10 22:00:00,1.0346,1.0346,0,0,0,0,0,0
1989-09-10 23:00:00,0.8214,0.8214,0,0,0,0,0,0
1989-09-11 00:00:00,1.501,1.501,0,0,0,0,0,0
1989-09-11 01:00:00,2.7041,2.7041,0,0,0,0,0,0
1989-09-11 02:00:00,4.244,4.244,0,0,0,0,0,0
1989-09-11 03:00:00,5.8291,5.8291,0,0,0,0,0,0
1989-09-11 04:00:00,7.0322,7.0322,0,0,0,0,0,0
1989-09-11 05:00:00,7.5854,7.5854,0,0,0,0,0,0
1989-09-11 06:00:00,7.5624,7.5624,0,0,0,0,0,0
1989-09-11 07:00:00,7.6528,7.6528,0,0,0,0,0,0
1989-09-11 08:00:00,8.2925,8.2925,0,0,0,0,0,0
1989-09-11 09:00:00,8.9668,8.9668,0,0,0,0,0,0
1989-09-11 10:00:00,7.1349,7.1349,0,0,0,0,0,0
1989-09-11 11:00:00,6.0851,6.0851,0,0,0,0,0,0
1989-09-11 12:00:00,6.3537,6.3537,0,0,0,0,0,0
1989-09-11 13:00:00,7.1935,7.1935,0,0,0,0,0,0
1989-09-11 14:00:00,7.9977,7.9977,0,0,0,0,0,0
1989-09-11 15:00:00,8.2352,8.2352,0,0,0,0,0,0
1989-09-11 16:00:00,7.7359,7.7359,0,0,0,0,0,0
1989-09-11 17:00:00,6.1607,6.1607,0,0,0,0,0,0
1989-09-11 18:00:00,7.2465,7.2465,0,0,0,0,0,0
1989-09-11 19:00:00,9.3247,9.3247,0,0,0,0,0,0
1989-09-11 20:00:00,9.6395,9.6395,0,0,0,0,0,0
1989-09-11 21:00:00,8.9733,8.9733,0,0,0,0,0,0
1989-09-11 22:00:00,6.5096,6.5096,0,0,0,0,0,0
1989-09-11 23:00:00,6.1027,6.1027,0,0,0,0,0,0
1989-09-12 00:00:00,5.988,5.988,0,0,0,0,0,0
1989-09-12 01:00:00,6.0812,6.0812,0,0,0,0,0,0
1989-09-12 02:00:00,5.5338,5.5338,0,0,0,0,0,0
1989-09-12 03:00:00,4.7339,4.7339,0,0,0,0,0,0
1989-09-12 04:00:00,3.9264,3.9264,0,0,0,0,0,0
1989-09-12 05:00:00,3.7095,3.7095,0,0,0,0,0,0
1989-09-12 06:00:00,3.5053,3.5053,0,0,0,0,0,0
1989-09-12 07:00:00,2.2196,2.2196,0,0,0,0,0,0
1989-09-12 08:00:00,1.2944,1.2944,0,0,0,0,0,0
1989-09-12 09:00:00,0.8903,0.8903,0,0,0,0,0,0
1989-09-12 10:00:00,2.4889,2.4889,0,0,0,0,0,0
1989-09-12 11:00:00,2.9035,2.9035,0,0,0,0,0,0
1989-09-12 12:00:00,3.5712,3.5712,0,0,0,0,0,0
1989-09-12 13:00:00,4.5833,4.5833,0,0,0,0,0,0
1989-09-12 14:00:00,6.3552,6.3552,0,0,0,0,0,0
1989-09-12 15:00:00,8.0076,8.0076,0,0,0,0,0,0
1989-09-12 16:00:00,8.5893,8.5893,0,0,0,0,0,0
1989-09-12 17:00:00,8.2494,8.2494,0,0,0,0,0,0
1989-09-12 18:00:00,7.6327,7.6327,0,0,0,0,0,0
1989-09-12 19:00:00,6.7356,6.7356,0,0,0,0,0,0
1989-09-12 20:00:00,5.719,5.719,0,0,0,0,0,0
1989-09-12 21:00:00,5.1836,5.1836,0,0,0,0,0,0
1989-09-12 22:00:00,5.0745,5.0745,0,0,0,0,0,0
1989-09-12 23:00:00,4.4537,4.4537,0,0,0,0,0,0
1989-09-13 00:00:00,3.5652,3.5652,0,0,0,0,0,0
1989-09-13 01:00:00,2.6993,2.6993,0,0,0,0,0,0
1989-09-13 02:00:00,2.9123,2.9123,0,0,0,0,0,0
1989-09-13 03:00:00,3.3956,3.3956,0,0,0,0,0,0
1989-09-13 04:00:00,2.7851,2.7851,0,0,0,0,0,0
1989-09-13 05:00:00,2.5693,2.5693,0,0,0,0,0,0
1989-09-13 06:00:00,2.9098,2.9098,0,0,0,0,0,0
1989-09-13 07:00:00,3.8029,3.8029,0,0,0,0,0,0
1989-09-13 08:00:00,4.3017,4.3017,0,0,0,0,0,0
1989-09-13 09:00:00,3.9667,3.9667,0,0,0,0,0,0
1989-09-13 10:00:00,3.4322,3.4322,0,0,0,0,0,0
1989-09-13 11:00:00,3.9954,3.9954,0,0,0,0,0,0
1989-09-13 12:00:00,5.4282,5.4282,0,0,0,0,0,0
1989-09-13 13:00:00,5.2685,5.2685,0,0,0,0,0,0
1989-09-13 14:00:00,3.8271,3.8271,0,0,0,0,0,0
1989-09-13 15:00:00,3.4136,3.4136,0,0,0,0,0,0
1989-09-13 16:00:00,3.8204,3.8204,0,0,0,0,0,0
1989-09-13 17:00:00,3.6534,3.6534,0,0,0,0,0,0
1989-09-13 18:00:00,3.1537,3.1537,0,0,0,0,0,0
1989-09-13 19:00:00,3.4536,3.4536,0,0,0,0,0,0
1989-09-13 20:00:00,3.6982,3.6982,0,0,0,0,0,0
1989-09-13 21:00:00,3.4593,3.4593,0,0,0,0,0,0
1989-09-13 22:00:00,2.5619,2.5619,0,0,0,0,0,0
1989-09-13 23:00:00,1.9,1.9,0,0,0,0,0,0
1989-09-14 00:00:00,1.6831,1.6831,0,0,0,0,0,0
1989-09-14 01:00:00,0.8709,0.8709,0,0,0,0,0,0
1989-09-14 02:00:00,0.8855,0.8855,0,0,0,0,0,0
1989-09-14 03:00:00,1.4246,1.4246,0,0,0,0,0,0
1989-09-14 04:00:00,1.4462,1.4462,0,0,0,0,0,0
1989-09-14 05:00:00,1.0666,1.0666,0,0,0,0,0,0
1989-09-14 06:00:00,1.0127,1.0127,0,0,0,0,0,0
1989-09-14 07:00:00,1.3442,1.3442,0,0,0,0,0,0
1989-09-14 08:00:00,1.2042,1.2042,0,0,0,0,0,0
1989-09-14 09:00:00,2.7084,2.7084,0,0,0,0,0,0
1989-09-14 10:00:00,2.8696,2.8696,0,0,0,0,0,0
1989-09-14 11:00:00,5.0668,5.0668,0,0,0,0,0,0
1989-09-14 12:00:00,5.4269,5.4269,0,0,0,0,0,0
1989-09-14 13:00:00,5.8496,5.8496,0,0,0,0,0,0
1989-09-14 14:00:00,5.0735,5.0735,0,0,0,0,0,0
1989-09-14 15:00:00,7.1343,7.1343,0,0,0,0,0,0
1989-09-14 16:00:00,7.4996,7.4996,0,0,0,0,0,0
1989-09-14 17:00:00,8.5984,8.5984,0,0,0,0,0,0
1989-09-14 18:00:00,7.1016,7.1016,0,0,0,0,0,0
1989-09-14 19:00:00,6.5518,6.5518,0,0,0,0,0,0
1989-09-14 20:00:00,7.7297,7.7297,0,0,0,0,0,0
1989-09-14 21:00:00,6.8706,6.8706,0,0,0,0,0,0
1989-09-14 22:00:00,6.9982,6.9982,0,0,0,0,0,0
1989-09-14 23:00:00,7.0965,7.0965,0,0,0,0,0,0
1989-09-15 00:00:00,7.0988,7.0988,0,0,0,0,0,0
1989-09-15 01:00:00,6.7942,6.7942,0,0,0,0,0,0
1989-09-15 02:00:00,6.5998,6.5998,0,0,0,0,0,0
1989-09-15 03:00:00,6.5026,6.5026,0,0,0,0,0,0
1989-09-15 04:00:00,6.2262,6.2262,0,0,0,0,0,0
1989-09-15 05:00:00,5.6662,5.6662,0,0,0,0,0,0
1989-09-15 06:00:00,5.3871,5.3871,0,0,0,0,0,0
1989-09-15 07:00:00,5.1647,5.1647,0,0,0,0,0,0
1989-09-15 08:00:00,4.5572,4.5572,0,0,0,0,0,0
1989-09-15 09:00:00,4.8448,4.8448,0,0,0,0,0,0
1989-09-15 10:00:00,5.6384,5.6384,0,0,0,0,0,0
1989-09-15 11:00:00,6.2088,6.2088,0,0,0,0,0,0
1989-09-15 12:00:00,7.615,7.615,0,0,0,0,0,0
1989-09-15 13:00:00,8.9635,8.9635,0,0,0,0,0,0
1989-09-15 14:00:00,10.071,10.071,0,0,0,0,0,0
1989-09-15 15:00:00,10.8854,10.8854,0,0,0,0,0,0
1989-09-15 16:00:00,11.4266,11.4266,0,0,0,0,0,0
1989-09-15 17:00:00,11.1536,11.1536,0,0,0,0,0,0
1989-09-15 18:00:00,10.3453,10.3453,0,0,0,0,0,0
1989-09-15 19:00:00,9.5071,9.5071,0,0,0,0,0,0
1989-09-15 20:00:00,8.3506,8.3506,0,0,0,0,0,0
1989-09-15 21:00:00,7.2053,7.2053,0,0,0,0,0,0
1989-09-15 22:00:00,6.7485,6.7485,0,0,0,0,0,0
1989-09-15 23:00:00,6.6645,6.6645,0,0,0,0,0,0
1989-09-16 00:00:00,6.3808,6.3808,0,0,0,0,0,0
1989-09-16 01:00:00,6.4583,6.4583,0,0,0,0,0,0
1989-09-16 02:00:00,6.3441,6.3441,0,0,0,0,0,0
1989-09-16 03:00:00,6.1144,6.1144,0,0,0,0,0,0
1989-09-16 04:00:00,5.6472,5.6472,0,0,0,0,0,0
1989-09-16 05:00:00,4.9888,4.9888,0,0,0,0,0,0
1989-09-16 06:00:00,4.0891,4.0891,0,0,0,0,0,0
1989-09-16 07:00:00,3.0,3.0,0,0,0,0,0,0
1989-09-16 08:00:00,2.0644,2.0644,0,0,0,0,0,0
1989-09-16 09:00:00,1.6588,1.6588,0,0,0,0,0,0
1989-09-16 10:00:00,2.8539,2.8539,0,0,0,0,0,0
1989-09-16 11:00:00,4.3485,4.3485,0,0,0,0,0,0
1989-09-16 12:00:00,5.749,5.749,0,0,0,0,0,0
1989-09-16 13:00:00,6.9127,6.9127,0,0,0,0,0,0
1989-09-16 14:00:00,7.6092,7.6092,0,0,0,0,0,0
1989-09-16 15:00:00,7.7263,7.7263,0,0,0,0,0,0
1989-09-16 16:00:00,7.613,7.613,0,0,0,0,0,0
1989-09-16 17:00:00,7.428,7.428,0,0,0,0,0,0
1989-09-16 18:00:00,7.0502,7.0502,0,0,0,0,0,0
1989-09-16 19:00:00,6.3425,6.3425,0,0,0,0,0,0
1989-09-16 20:00:00,5.3773,5.3773,0,0,0,0,0,0
1989-09-16 21:00:00,3.9644,3.9644,0,0,0,0,0,0
1989-09-16 22:00:00,3.1199,3.1199,0,0,0,0,0,0
1989-09-16 23:00:00,1.9294,1.9294,0,0,0,0,0,0
1989-09-17 00:00:00,0.8664,0.8664,0,0,0,0,0,0
1989-09-17 01:00:00,0.9028,0.9028,0,0,0,0,0,0
1989-09-17 02:00:00,1.39,1.39,0,0,0,0,0,0
1989-09-17 03:00:00,1.8019,1.8019,0,0,0,0,0,0
1989-09-17 04:00:00,1.8506,1.8506,0,0,0,0,0,0
1989-09-17 05:00:00,1.6848,1.6848,0,0,0,0,0,0
1989-09-17 06:00:00,1.7303,1.7303,0,0,0,0,0,0
1989-09-17 07:00:00,1.5734,1.5734,0,0,0,0,0,0
1989-09-17 08:00:00,1.6565,1.6565,0,0,0,0,0,0
1989-09-17 09:00:00,1.5196,1.5196,0,0,0,0,0,0
1989-09-17 10:00:00,2.36,2.36,0,0,0,0,0,0
1989-09-17 11:00:00,2.9883,2.9883,0,0,0,0,0,0
1989-09-17 12:00:00,3.3995,3.3995,0,0,0,0,0,0
1989-09-17 13:00:00,3.4127,3.4127,0,0,0,0,0,0
1989-09-17 14:00:00,3.1192,3.1192,0,0,0,0,0,0
1989-09-17 15:00:00,2.5562,2.5562,0,0,0,0,0,0
1989-09-17 16:00:00,2.0373,2.0373,0,0,0,0,0,0
1989-09-17 17:00:00,1.5821,1.5821,0,0,0,0,0,0
1989-09-17 18:00:00,1.3898,1.3898,0,0,0,0,0,0
1989-09-17 19:00:00,1.7126,1.7126,0,0,0,0,0,0
1989-09-17 20:00:00,1.7916,1.7916,0,0,0,0,0,0
1989-09-17 21:00:00,2.0722,2.0722,0,0,0,0,0,0
1989-09-17 22:00:00,2.1992,2.1992,0,0,0,0,0,0
1989-09-17 23:00:00,2.3798,2.3798,0,0,0,0,0,0
1989-09-18 00:00:00,2.349,2.349,0,0,0,0,0,0
1989-09-18 01:00:00,2.1367,2.1367,0,0,0,0,0,0
1989-09-18 02:00:00,1.8819,1.8819,0,0,0,0,0,0
1989-09-18 03:00:00,1.8989,1.8989,0,0,0,0,0,0
1989-09-18 04:00:00,1.8922,1.8922,0,0,0,0,0,0
1989-09-18 05:00:00,1.7298,1.7298,0,0,0,0,0,0
1989-09-18 06:00:00,1.6151,1.6151,0,0,0,0,0,0
1989-09-18 07:00:00,1.4817,1.4817,0,0,0,0,0,0
1989-09-18 08:00:00,1.7789,1.7789,0,0,0,0,0,0
1989-09-18 09:00:00,2.1947,2.1947,0,0,0,0,0,0
1989-09-18 10:00:00,2.9794,2.9794,0,0,0,0,0,0
1989-09-18 11:00:00,3.1861,3.1861,0,0,0,0,0,0
1989-09-18 12:00:00,3.185,3.185,0,0,0,0,0,0
1989-09-18 13:00:00,3.2653,3.2653,0,0,0,0,0,0
1989-09-18 14:00:00,3.2853,3.2853,0,0,0,0,0,0
1989-09-18 15:00:00,3.4533,3.4533,0,0,0,0,0,0
1989-09-18 16:00:00,3.5653,3.5653,0,0,0,0,0,0
1989-09-18 17:00:00,3.3368,3.3368,0,0,0,0,0,0
1989-09-18 18:00:00,3.0298,3.0298,0,0,0,0,0,0
1989-09-18 19:00:00,3.1157,3.1157,0,0,0,0,0,0
1989-09-18 20:00:00,3.0478,3.0478,0,0,0,0,0,0
1989-09-18 21:00:00,2.9638,2.9638,0,0,0,0,0,0
1989-09-18 22:00:00,2.5472,2.5472,0,0,0,0,0,0
1989-09-18 23:00:00,2.4145,2.4145,0,0,0,0,0,0
1989-09-19 00:00:00,2.3756,2.3756,0,0,0,0,0,0
1989-09-19 01:00:00,2.3644,2.3644,0,0,0,0,0,0
1989-09-19 02:00:00,2.3952,2.3952,0,0,0,0,0,0
1989-09-19 03:00:00,2.4701,2.4701,0,0,0,0,0,0
1989-09-19 04:00:00,2.5837,2.5837,0,0,0,0,0,0
1989-09-19 05:00:00,2.5053,2.5053,0,0,0,0,0,0
1989-09-19 06:00:00,2.0596,2.0596,0,0,0,0,0,0
1989-09-19 07:00:00,1.4457,1.4457,0,0,0,0,0,0
1989-09-19 08:00:00,1.5069,1.5069,0,0,0,0,0,0
1989-09-19 09:00:00,2.0416,2.0416,0,0,0,0,0,0
1989-09-19 10:00:00,1.9929,1.9929,0,0,0,0,0,0
1989-09-19 11:00:00,2.5338,2.5338,0,0,0,0,0,0
1989-09-19 12:00:00,2.7039,2.7039,0,0,0,0,0,0
1989-09-19 13:00:00,2.6677,2.6677,0,0,0,0,0,0
1989-09-19 14:00:00,2.5289,2.5289,0,0,0,0,0,0
1989-09-19 15:00:00,2.5002,2.5002,0,0,0,0,0,0
1989-09-19 16:00:00,2.3142,2.3142,0,0,0,0,0,0
1989-09-19 17:00:00,1.6223,1.6223,0,0,0,0,0,0
1989-09-19 18:00:00,0.8535,0.8535,0,0,0,0,0,0
1989-09-19 19:00:00,0.7505,0.7505,0,0,0,0,0,0
1989-09-19 20:00:00,1.2345,1.2345,0,0,0,0,0,0
1989-09-19 21:00:00,1.3214,1.3214,0,0,0,0,0,0
1989-09-19 22:00:00,1.3418,1.3418,0,0,0,0,0,0
1989-09-19 23:00:00,1.0695,1.0695,0,0,0,0,0,0
1989-09-20 00:00:00,1.0585,1.0585,0,0,0,0,0,0
1989-09-20 01:00:00,1.222,1.222,0,0,0,0,0,0
1989-09-20 02:00:00,1.2984,1.2984,0,0,0,0,0,0
1989-09-20 03:00:00,0.9279,0.9279,0,0,0,0,0,0
1989-09-20 04:00:00,0.652,0.652,0,0,0,0,0,0
1989-09-20 05:00:00,0.4421,0.4421,0,0,0,0,0,0
1989-09-20 06:00:00,0.6745,0.6745,0,0,0,0,0,0
1989-09-20 07:00:00,0.8324,0.8324,0,0,0,0,0,0
1989-09-20 08:00:00,0.9283,0.9283,0,0,0,0,0,0
1989-09-20 09:00:00,0.7735,0.7735,0,0,0,0,0,0
1989-09-20 10:00:00,1.0314,1.0314,0,0,0,0,0,0
1989-09-20 11:00:00,1.6888,1.6888,0,0,0,0,0,0
1989-09-20 12:00:00,2.7735,2.7735,0,0,0,0,0,0
1989-09-20 13:00:00,3.5099,3.5099,0,0,0,0,0,0
1989-09-20 14:00:00,3.7956,3.7956,0,0,0,0,0,0
1989-09-20 15:00:00,3.7645,3.7645,0,0,0,0,0,0
1989-09-20 16:00:00,3.3498,3.3498,0,0,0,0,0,0
1989-09-20 17:00:00,2.7992,2.7992,0,0,0,0,0,0
1989-09-20 18:00:00,2.6005,2.6005,0,0,0,0,0,0
1989-09-20 19:00:00,2.2883,2.2883,0,0,0,0,0,0
1989-09-20 20:00:00,1.9508,1.9508,0,0,0,0,0,0
1989-09-20 21:00:00,1.5718,1.5718,0,0,0,0,0,0
1989-09-20 22:00:00,1.5639,1.5639,0,0,0,0,0,0
1989-09-20 23:00:00,1.1194,1.1194,0,0,0,0,0,0
1989-09-21 00:00:00,0.6283,0.6283,0,0,0,0,0,0
1989-09-21 01:00:00,0.3418,0.3418,0,0,0,0,0,0
1989-09-21 02:00:00,0.445,0.445,0,0,0,0,0,0
1989-09-21 03:00:00,0.6058,0.6058,0,0,0,0,0,0
1989-09-21 04:00:00,0.7852,0.7852,0,0,0,0,0,0
1989-09-21 05:00:00,0.9339,0.9339,0,0,0,0,0,0
1989-09-21 06:00:00,1.0303,1.0303,0,0,0,0,0,0
1989-09-21 07:00:00,0.9706,0.9706,0,0,0,0,0,0
1989-09-21 08:00:00,0.6213,0.6213,0,0,0,0,0,0
1989-09-21 09:00:00,0.6617,0.6617,0,0,0,0,0,0
1989-09-21 10:00:00,1.4766,1.4766,0,0,0,0,0,0
1989-09-21 11:00:00,2.127,2.127,0,0,0,0,0,0
1989-09-21 12:00:00,2.6262,2.6262,0,0,0,0,0,0
1989-09-21 13:00:00,2.8064,2.8064,0,0,0,0,0,0
1989-09-21 14:00:00,2.6513,2.6513,0,0,0,0,0,0
1989-09-21 15:00:00,2.6239,2.6239,0,0,0,0,0,0
1989-09-21 16:00:00,2.5981,2.5981,0,0,0,0,0,0
1989-09-21 17:00:00,2.3503,2.3503,0,0,0,0,0,0
1989-09-21 18:00:00,1.7514,1.7514,0,0,0,0,0,0
1989-09-21 19:00:00,1.3474,1.3474,0,0,0,0,0,0
1989-09-21 20:00:00,1.0218,1.0218,0,0,0,0,0,0
1989-09-21 21:00:00,0.5976,0.5976,0,0,0,0,0,0
1989-09-21 22:00:00,0.4904,0.4904,0,0,0,0,0,0
1989-09-21 23:00:00,0.5526,0.5526,0,0,0,0,0,0
1989-09-22 00:00:00,0.9161,0.9161,0,0,0,0,0,0
1989-09-22 01:00:00,0.8896,0.8896,0,0,0,0,0,0
1989-09-22 02:00:00,0.935,0.935,0,0,0,0,0,0
1989-09-22 03:00:00,0.8686,0.8686,0,0,0,0,0,0
1989-09-22 04:00:00,0.8253,0.8253,0,0,0,0,0,0
1989-09-22 05:00:00,1.0449,1.0449,0,0,0,0,0,0
1989-09-22 06:00:00,1.5915,1.5915,0,0,0,0,0,0
1989-09-22 07:00:00,1.465,1.465,0,0,0,0,0,0
1989-09-22 08:00:00,1.263,1.263,0,0,0,0,0,0
1989-09-22 09:00:00,1.688,1.688,0,0,0,0,0,0
1989-09-22 10:00:00,2.5081,2.5081,0,0,0,0,0,0
1989-09-22 11:00:00,2.8758,2.8758,0,0,0,0,0,0
1989-09-22 12:00:00,3.6441,3.6441,0,0,0,0,0,0
1989-09-22 13:00:00,4.3735,4.3735,0,0,0,0,0,0
1989-09-22 14:00:00,4.2983,4.2983,0,0,0,0,0,0
1989-09-22 15:00:00,3.3991,3.3991,0,0,0,0,0,0
1989-09-22 16:00:00,2.4924,2.4924,0,0,0,0,0,0
1989-09-22 17:00:00,2.0113,2.0113,0,0,0,0,0,0
1989-09-22 18:00:00,1.4006,1.4006,0,0,0,0,0,0
1989-09-22 19:00:00,0.7127,0.7127,0,0,0,0,0,0
1989-09-22 20:00:00,0.504,0.504,0,0,0,0,0,0
1989-09-22 21:00:00,0.4337,0.4337,0,0,0,0,0,0
1989-09-22 22:00:00,0.689,0.689,0,0,0,0,0,0
1989-09-22 23:00:00,1.0567,1.0567,0,0,0,0,0,0
1989-09-23 00:00:00,1.295,1.295,0,0,0,0,0,0
1989-09-23 01:00:00,0.8071,0.8071,0,0,0,0,0,0
1989-09-23 02:00:00,0.1857,0.1857,0,0,0,0,0,0
1989-09-23 03:00:00,0.5446,0.5446,0,0,0,0,0,0
1989-09-23 04:00:00,0.46,0.46,0,0,0,0,0,0
1989-09-23 05:00:00,0.2681,0.2681,0,0,0,0,0,0
1989-09-23 06:00:00,0.8389,0.8389,0,0,0,0,0,0
1989-09-23 07:00:00,1.1446,1.1446,0,0,0,0,0,0
1989-09-23 08:00:00,1.805,1.805,0,0,0,0,0,0
1989-09-23 09:00:00,2.2938,2.2938,0,0,0,0,0,0
1989-09-23 10:00:00,2.6334,2.6334,0,0,0,0,0,0
1989-09-23 11:00:00,2.4886,2.4886,0,0,0,0,0,0
1989-09-23 12:00:00,1.844,1.844,0,0,0,0,0,0
1989-09-23 13:00:00,1.9153,1.9153,0,0,0,0,0,0
1989-09-23 14:00:00,1.9411,1.9411,0,0,0,0,0,0
1989-09-23 15:00:00,2.2933,2.2933,0,0,0,0,0,0
1989-09-23 16:00:00,2.6654,2.6654,0,0,0,0,0,0
1989-09-23 17:00:00,2.3818,2.3818,0,0,0,0,0,0
1989-09-23 18:00:00,2.1464,2.1464,0,0,0,0,0,0
1989-09-23 19:00:00,1.8259,1.8259,0,0,0,0,0,0
1989-09-23 20:00:00,1.7578,1.7578,0,0,0,0,0,0
1989-09-23 21:00:00,1.9442,1.9442,0,0,0,0,0,0
1989-09-23 22:00:00,2.8902,2.8902,0,0,0,0,0,0
1989-09-23 23:00:00,3.1256,3.1256,0,0,0,0,0,0
1989-09-24 00:00:00,2.9879,2.9879,0,0,0,0,0,0
1989-09-24 01:00:00,2.7683,2.7683,0,0,0,0,0,0
1989-09-24 02:00:00,2.4857,2.4857,0,0,0,0,0,0
1989-09-24 03:00:00,2.4721,2.4721,0,0,0,0,0,0
1989-09-24 04:00:00,2.6871,2.6871,0,0,0,0,0,0
1989-09-24 05:00:00,2.8133,2.8133,0,0,0,0,0,0
1989-09-24 06:00:00,2.55,2.55,0,0,0,0,0,0
1989-09-24 07:00:00,2.3786,2.3786,0,0,0,0,0,0
1989-09-24 08:00:00,2.4641,2.4641,0,0,0,0,0,0
1989-09-24 09:00:00,2.572,2.572,0,0,0,0,0,0
1989-09-24 10:00:00,2.1345,2.1345,0,0,0,0,0,0
1989-09-24 11:00:00,2.9781,2.9781,0,0,0,0,0,0
1989-09-24 12:00:00,3.8861,3.8861,0,0,0,0,0,0
1989-09-24 13:00:00,4.6191,4.6191,0,0,0,0,0,0
1989-09-24 14:00:00,4.99,4.99,0,0,0,0,0,0
1989-09-24 15:00:00,5.1923,5.1923,0,0,0,0,0,0
1989-09-24 16:00:00,5.3637,5.3637,0,0,0,0,0,0
1989-09-24 17:00:00,5.1174,5.1174,0,0,0,0,0,0
1989-09-24 18:00:00,5.045,5.045,0,0,0,0,0,0
1989-09-24 19:00:00,4.7423,4.7423,0,0,0,0,0,0
1989-09-24 20:00:00,4.365,4.365,0,0,0,0,0,0
1989-09-24 21:00:00,4.1096,4.1096,0,0,0,0,0,0
1989-09-24 22:00:00,4.0468,4.0468,0,0,0,0,0,0
1989-09-24 23:00:00,3.9558,3.9558,0,0,0,0,0,0
1989-09-25 00:00:00,3.899,3.899,0,0,0,0,0,0
1989-09-25 01:00:00,3.8903,3.8903,0,0,0,0,0,0
1989-09-25 02:00:00,3.9347,3.9347,0,0,0,0,0,0
1989-09-25 03:00:00,4.2302,4.2302,0,0,0,0,0,0
1989-09-25 04:00:00,4.4766,4.4766,0,0,0,0,0,0
1989-09-25 05:00:00,4.7135,4.7135,0,0,0,0,0,0
1989-09-25 06:00:00,5.0195,5.0195,0,0,0,0,0,0
1989-09-25 07:00:00,4.8988,4.8988,0,0,0,0,0,0
1989-09-25 08:00:00,4.951,4.951,0,0,0,0,0,0
1989-09-25 09:00:00,5.5664,5.5664,0,0,0,0,0,0
1989-09-25 10:00:00,5.8148,5.8148,0,0,0,0,0,0
1989-09-25 11:00:00,6.0609,6.0609,0,0,0,0,0,0
1989-09-25 12:00:00,6.5922,6.5922,0,0,0,0,0,0
1989-09-25 13:00:00,7.6714,7.6714,0,0,0,0,0,0
1989-09-25 14:00:00,8.5988,8.5988,0,0,0,0,0,0
1989-09-25 15:00:00,9.143,9.143,0,0,0,0,0,0
1989-09-25 16:00:00,9.1022,9.1022,0,0,0,0,0,0
1989-09-25 17:00:00,8.9047,8.9047,0,0,0,0,0,0
1989-09-25 18:00:00,8.5786,8.5786,0,0,0,0,0,0
1989-09-25 19:00:00,7.8491,7.8491,0,0,0,0,0,0
1989-09-25 20:00:00,7.0042,7.0042,0,0,0,0,0,0
1989-09-25 21:00:00,6.3387,6.3387,0,0,0,0,0,0
1989-09-25 22:00:00,6.1744,6.1744,0,0,0,0,0,0
1989-09-25 23:00:00,6.0465,6.0465,0,0,0,0,0,0
1989-09-26 00:00:00,5.8238,5.8238,0,0,0,0,0,0
1989-09-26 01:00:00,5.946,5.946,0,0,0,0,0,0
1989-09-26 02:00:00,6.3275,6.3275,0,0,0,0,0,0
1989-09-26 03:00:00,6.5836,6.5836,0,0,0,0,0,0
1989-09-26 04:00:00,6.4916,6.4916,0,0,0,0,0,0
1989-09-26 05:00:00,6.0209,6.0209,0,0,0,0,0,0
1989-09-26 06:00:00,5.6378,5.6378,0,0,0,0,0,0
1989-09-26 07:00:00,4.8294,4.8294,0,0,0,0,0,0
1989-09-26 08:00:00,4.3003,4.3003,0,0,0,0,0,0
1989-09-26 09:00:00,4.4602,4.4602,0,0,0,0,0,0
1989-09-26 10:00:00,4.6165,4.6165,0,0,0,0,0,0
1989-09-26 11:00:00,4.8997,4.8997,0,0,0,0,0,0
1989-09-26 12:00:00,5.4073,5.4073,0,0,0,0,0,0
1989-09-26 13:00:00,6.1422,6.1422,0,0,0,0,0,0
1989-09-26 14:00:00,6.5587,6.5587,0,0,0,0,0,0
1989-09-26 15:00:00,7.7604,7.7604,0,0,0,0,0,0
1989-09-26 16:00:00,6.3561,6.3561,0,0,0,0,0,0
1989-09-26 17:00:00,4.9144,4.9144,0,0,0,0,0,0
1989-09-26 18:00:00,5.6298,5.6298,0,0,0,0,0,0
1989-09-26 19:00:00,3.6595,3.6595,0,0,0,0,0,0
1989-09-26 20:00:00,4.6354,4.6354,0,0,0,0,0,0
1989-09-26 21:00:00,4.5222,4.5222,0,0,0,0,0,0
1989-09-26 22:00:00,3.9584,3.9584,0,0,0,0,0,0
1989-09-26 23:00:00,2.5436,2.5436,0,0,0,0,0,0
1989-09-27 00:00:00,2.2337,2.2337,0,0,0,0,0,0
1989-09-27 01:00:00,3.4031,3.4031,0,0,0,0,0,0
1989-09-27 02:00:00,4.0,4.0,0,0,0,0,0,0
1989-09-27 03:00:00,4.4689,4.4689,0,0,0,0,0,0
1989-09-27 04:00:00,3.2383,3.2383,0,0,0,0,0,0
1989-09-27 05:00:00,1.9059,1.9059,0,0,0,0,0,0
1989-09-27 06:00:00,2.4338,2.4338,0,0,0,0,0,0
1989-09-27 07:00:00,0.4123,0.4123,0,0,0,0,0,0
1989-09-27 08:00:00,3.4412,3.4412,0,0,0,0,0,0
1989-09-27 09:00:00,4.9696,4.9696,0,0,0,0,0,0
1989-09-27 10:00:00,4.9854,4.9854,0,0,0,0,0,0
1989-09-27 11:00:00,5.1586,5.1586,0,0,0,0,0,0
1989-09-27 12:00:00,5.4002,5.4002,0,0,0,0,0,0
1989-09-27 13:00:00,4.2782,4.2782,0,0,0,0,0,0
1989-09-27 14:00:00,4.3466,4.3466,0,0,0,0,0,0
1989-09-27 15:00:00,4.6376,4.6376,0,0,0,0,0,0
1989-09-27 16:00:00,5.0587,5.0587,0,0,0,0,0,0
1989-09-27 17:00:00,5.7061,5.7061,0,0,0,0,0,0
1989-09-27 18:00:00,6.14,6.14,0,0,0,0,0,0
1989-09-27 19:00:00,6.5054,6.5054,0,0,0,0,0,0
1989-09-27 20:00:00,7.8591,7.8591,0,0,0,0,0,0
1989-09-27 21:00:00,9.7368,9.7368,0,0,0,0,0,0
1989-09-27 22:00:00,9.6049,9.6049,0,0,0,0,0,0
1989-09-27 23:00:00,9.3564,9.3564,0,0,0,0,0,0
1989-09-28 00:00:00,11.3634,11.3634,0,0,0,0,0,0
1989-09-28 01:00:00,10.5998,10.5998,0,0,0,0,0,0
1989-09-28 02:00:00,10.0111,10.0111,0,0,0,0,0,0
1989-09-28 03:00:00,9.7274,9.7274,0,0,0,0,0,0
1989-09-28 04:00:00,9.7965,9.7965,0,0,0,0,0,0
1989-09-28 05:00:00,10.0913,10.0913,0,0,0,0,0,0
1989-09-28 06:00:00,10.101,10.101,0,0,0,0,0,0
1989-09-28 07:00:00,9.8647,9.8647,0,0,0,0,0,0
1989-09-28 08:00:00,9.5879,9.5879,0,0,0,0,0,0
1989-09-28 09:00:00,9.755,9.755,0,0,0,0,0,0
1989-09-28 10:00:00,10.1876,10.1876,0,0,0,0,0,0
1989-09-28 11:00:00,11.1668,11.1668,0,0,0,0,0,0
1989-09-28 12:00:00,12.1747,12.1747,0,0,0,0,0,0
1989-09-28 13:00:00,12.5956,12.5956,0,0,0,0,0,0
1989-09-28 14:00:00,12.33,12.33,0,0,0,0,0,0
1989-09-28 15:00:00,11.9239,11.9239,0,0,0,0,0,0
1989-09-28 16:00:00,11.7368,11.7368,0,0,0,0,0,0
1989-09-28 17:00:00,11.7935,11.7935,0,0,0,0,0,0
1989-09-28 18:00:00,12.1916,12.1916,0,0,0,0,0,0
1989-09-28 19:00:00,12.8943,12.8943,0,0,0,0,0,0
1989-09-28 20:00:00,13.5156,13.5156,0,0,0,0,0,0
1989-09-28 21:00:00,14.1172,14.1172,0,0,0,0,0,0
1989-09-28 22:00:00,13.2965,13.2965,0,0,0,0,0,0
1989-09-28 23:00:00,12.6419,12.6419,0,0,0,0,0,0
1989-09-29 00:00:00,12.1435,12.1435,0,0,0,0,0,0
1989-09-29 01:00:00,11.7811,11.7811,0,0,0,0,0,0
1989-09-29 02:00:00,11.3644,11.3644,0,0,0,0,0,0
1989-09-29 03:00:00,10.8842,10.8842,0,0,0,0,0,0
1989-09-29 04:00:00,10.337,10.337,0,0,0,0,0,0
1989-09-29 05:00:00,10.1221,10.1221,0,0,0,0,0,0
1989-09-29 06:00:00,9.3869,9.3869,0,0,0,0,0,0
1989-09-29 07:00:00,8.3757,8.3757,0,0,0,0,0,0
1989-09-29 08:00:00,7.4605,7.4605,0,0,0,0,0,0
1989-09-29 09:00:00,7.3868,7.3868,0,0,0,0,0,0
1989-09-29 10:00:00,7.5815,7.5815,0,0,0,0,0,0
1989-09-29 11:00:00,7.5902,7.5902,0,0,0,0,0,0
1989-09-29 12:00:00,7.9972,7.9972,0,0,0,0,0,0
1989-09-29 13:00:00,8.8236,8.8236,0,0,0,0,0,0
1989-09-29 14:00:00,9.6101,9.6101,0,0,0,0,0,0
1989-09-29 15:00:00,9.8479,9.8479,0,0,0,0,0,0
1989-09-29 16:00:00,9.6548,9.6548,0,0,0,0,0,0
1989-09-29 17:00:00,9.3862,9.3862,0,0,0,0,0,0
1989-09-29 18:00:00,9.1225,9.1225,0,0,0,0,0,0
1989-09-29 19:00:00,8.8178,8.8178,0,0,0,0,0,0
1989-09-29 20:00:00,8.2926,8.2926,0,0,0,0,0,0
1989-09-29 21:00:00,7.7157,7.7157,0,0,0,0,0,0
1989-09-29 22:00:00,8.0266,8.0266,0,0,0,0,0,0
1989-09-29 23:00:00,7.4741,7.4741,0,0,0,0,0,0
1989-09-30 00:00:00,7.0478,7.0478,0,0,0,0,0,0
1989-09-30 01:00:00,6.6618,6.6618,0,0,0,0,0,0
1989-09-30 02:00:00,6.5167,6.5167,0,0,0,0,0,0
1989-09-30 03:00:00,6.5922,6.5922,0,0,0,0,0,0
1989-09-30 04:00:00,6.323,6.323,0,0,0,0,0,0
1989-09-30 05:00:00,6.2104,6.2104,0,0,0,0,0,0
1989-09-30 06:00:00,5.7644,5.7644,0,0,0,0,0,0
1989-09-30 07:00:00,5.1459,5.1459,0,0,0,0,0,0
1989-09-30 08:00:00,4.8166,4.8166,0,0,0,0,0,0
1989-09-30 09:00:00,4.9667,4.9667,0,0,0,0,0,0
1989-09-30 10:00:00,5.1078,5.1078,0,0,0,0,0,0
1989-09-30 11:00:00,5.4792,5.4792,0,0,0,0,0,0
1989-09-30 12:00:00,6.0779,6.0779,0,0,0,0,0,0
1989-09-30 13:00:00,6.9733,6.9733,0,0,0,0,0,0
1989-09-30 14:00:00,7.247,7.247,0,0,0,0,0,0
1989-09-30 15:00:00,6.9003,6.9003,0,0,0,0,0,0
1989-09-30 16:00:00,6.3426,6.3426,0,0,0,0,0,0
1989-09-30 17:00:00,6.2418,6.2418,0,0,0,0,0,0
1989-09-30 18:00:00,5.8975,5.8975,0,0,0,0,0,0
1989-09-30 19:00:00,5.2815,5.2815,0,0,0,0,0,0
1989-09-30 20:00:00,4.8515,4.8515,0,0,0,0,0,0
1989-09-30 21:00:00,4.5209,4.5209,0,0,0,0,0,0
1989-09-30 22:00:00,4.3949,4.3949,0,0,0,0,0,0
1989-09-30 23:00:00,3.7625,3.7625,0,0,0,0,0,0
1989-10-01 00:00:00,3.4887,3.4887,0,0,0,0,0,0
1989-10-01 01:00:00,3.9955,3.9955,0,0,0,0,0,0
1989-10-01 02:00:00,4.7567,4.7567,0,0,0,0,0,0
1989-10-01 03:00:00,5.4287,5.4287,0,0,0,0,0,0
1989-10-01 04:00:00,5.9632,5.9632,0,0,0,0,0,0
1989-10-01 05:00:00,6.4393,6.4393,0,0,0,0,0,0
1989-10-01 06:00:00,6.4912,6.4912,0,0,0,0,0,0
1989-10-01 07:00:00,6.2656,6.2656,0,0,0,0,0,0
1989-10-01 08:00:00,6.2546,6.2546,0,0,0,0,0,0
1989-10-01 09:00:00,6.2535,6.2535,0,0,0,0,0,0
1989-10-01 10:00:00,6.1965,6.1965,0,0,0,0,0,0
1989-10-01 11:00:00,6.2453,6.2453,0,0,0,0,0,0
1989-10-01 12:00:00,6.8195,6.8195,0,0,0,0,0,0
1989-10-01 13:00:00,7.6898,7.6898,0,0,0,0,0,0
1989-10-01 14:00:00,8.4115,8.4115,0,0,0,0,0,0
1989-10-01 15:00:00,8.8203,8.8203,0,0,0,0,0,0
1989-10-01 16:00:00,9.0053,9.0053,0,0,0,0,0,0
1989-10-01 17:00:00,9.0532,9.0532,0,0,0,0,0,0
1989-10-01 18:00:00,8.832,8.832,0,0,0,0,0,0
1989-10-01 19:00:00,8.3745,8.3745,0,0,0,0,0,0
1989-10-01 20:00:00,7.7645,7.7645,0,0,0,0,0,0
1989-10-01 21:00:00,7.215,7.215,0,0,0,0,0,0
1989-10-01 22:00:00,6.3461,6.3461,0,0,0,0,0,0
1989-10-01 23:00:00,6.0202,6.0202,0,0,0,0,0,0
1989-10-02 00:00:00,6.1737,6.1737,0,0,0,0,0,0
1989-10-02 01:00:00,6.4269,6.4269,0,0,0,0,0,0
1989-10-02 02:00:00,6.0918,6.0918,0,0,0,0,0,0
1989-10-02 03:00:00,5.7719,5.7719,0,0,0,0,0,0
1989-10-02 04:00:00,5.7575,5.7575,0,0,0,0,0,0
1989-10-02 05:00:00,6.0512,6.0512,0,0,0,0,0,0
1989-10-02 06:00:00,6.2109,6.2109,0,0,0,0,0,0
1989-10-02 07:00:00,6.2314,6.2314,0,0,0,0,0,0
1989-10-02 08:00:00,6.1275,6.1275,0,0,0,0,0,0
1989-10-02 09:00:00,6.0524,6.0524,0,0,0,0,0,0
1989-10-02 10:00:00,6.7817,6.7817,0,0,0,0,0,0
1989-10-02 11:00:00,6.4624,6.4624,0,0,0,0,0,0
1989-10-02 12:00:00,6.5141,6.5141,0,0,0,0,0,0
1989-10-02 13:00:00,7.1159,7.1159,0,0,0,0,0,0
1989-10-02 14:00:00,7.9039,7.9039,0,0,0,0,0,0
1989-10-02 15:00:00,8.6263,8.6263,0,0,0,0,0,0
1989-10-02 16:00:00,9.1067,9.1067,0,0,0,0,0,0
1989-10-02 17:00:00,9.5734,9.5734,0,0,0,0,0,0
1989-10-02 18:00:00,9.5644,9.5644,0,0,0,0,0,0
1989-10-02 19:00:00,8.9203,8.9203,0,0,0,0,0,0
1989-10-02 20:00:00,7.8577,7.8577,0,0,0,0,0,0
1989-10-02 21:00:00,6.6767,6.6767,0,0,0,0,0,0
1989-10-02 22:00:00,5.4214,5.4214,0,0,0,0,0,0
1989-10-02 23:00:00,4.8282,4.8282,0,0,0,0,0,0
1989-10-03 00:00:00,4.4307,4.4307,0,0,0,0,0,0
1989-10-03 01:00:00,4.1969,4.1969,0,0,0,0,0,0
1989-10-03 02:00:00,3.9699,3.9699,0,0,0,0,0,0
1989-10-03 03:00:00,3.8998,3.8998,0,0,0,0,0,0
1989-10-03 04:00:00,3.5576,3.5576,0,0,0,0,0,0
1989-10-03 05:00:00,3.2571,3.2571,0,0,0,0,0,0
1989-10-03 06:00:00,3.0548,3.0548,0,0,0,0,0,0
1989-10-03 07:00:00,2.8845,2.8845,0,0,0,0,0,0
1989-10-03 08:00:00,2.7321,2.7321,0,0,0,0,0,0
1989-10-03 09:00:00,2.7287,2.7287,0,0,0,0,0,0
1989-10-03 10:00:00,3.3704,3.3704,0,0,0,0,0,0
1989-10-03 11:00:00,4.2556,4.2556,0,0,0,0,0,0
1989-10-03 12:00:00,5.4596,5.4596,0,0,0,0,0,0
1989-10-03 13:00:00,6.4155,6.4155,0,0,0,0,0,0
1989-10-03 14:00:00,6.963,6.963,0,0,0,0,0,0
1989-10-03 15:00:00,7.2626,7.2626,0,0,0,0,0,0
1989-10-03 16:00:00,7.4668,7.4668,0,0,0,0,0,0
1989-10-03 17:00:00,7.5376,7.5376,0,0,0,0,0,0
1989-10-03 18:00:00,7.4557,7.4557,0,0,0,0,0,0
1989-10-03 19:00:00,7.0377,7.0377,0,0,0,0,0,0
1989-10-03 20:00:00,6.4971,6.4971,0,0,0,0,0,0
1989-10-03 21:00:00,6.209,6.209,0,0,0,0,0,0
1989-10-03 22:00:00,5.786,5.786,0,0,0,0,0,0
1989-10-03 23:00:00,5.8419,5.8419,0,0,0,0,0,0
1989-10-04 00:00:00,6.3681,6.3681,0,0,0,0,0,0
1989-10-04 01:00:00,6.0405,6.0405,0,0,0,0,0,0
1989-10-04 02:00:00,5.4865,5.4865,0,0,0,0,0,0
1989-10-04 03:00:00,5.4668,5.4668,0,0,0,0,0,0
1989-10-04 04:00:00,5.6385,5.6385,0,0,0,0,0,0
1989-10-04 05:00:00,5.9067,5.9067,0,0,0,0,0,0
1989-10-04 06:00:00,6.1287,6.1287,0,0,0,0,0,0
1989-10-04 07:00:00,6.0008,6.0008,0,0,0,0,0,0
1989-10-04 08:00:00,6.1605,6.1605,0,0,0,0,0,0
1989-10-04 09:00:00,6.0801,6.0801,0,0,0,0,0,0
1989-10-04 10:00:00,5.7523,5.7523,0,0,0,0,0,0
1989-10-04 11:00:00,5.7048,5.7048,0,0,0,0,0,0
1989-10-04 12:00:00,6.7016,6.7016,0,0,0,0,0,0
1989-10-04 13:00:00,7.4711,7.4711,0,0,0,0,0,0
1989-10-04 14:00:00,7.8389,7.8389,0,0,0,0,0,0
1989-10-04 15:00:00,8.515,8.515,0,0,0,0,0,0
1989-10-04 16:00:00,8.7765,8.7765,0,0,0,0,0,0
1989-10-04 17:00:00,8.5625,8.5625,0,0,0,0,0,0
1989-10-04 18:00:00,8.0116,8.0116,0,0,0,0,0,0
1989-10-04 19:00:00,7.2976,7.2976,0,0,0,0,0,0
1989-10-04 20:00:00,6.7488,6.7488,0,0,0,0,0,0
1989-10-04 21:00:00,6.0973,6.0973,0,0,0,0,0,0
1989-10-04 22:00:00,5.2108,5.2108,0,0,0,0,0,0
1989-10-04 23:00:00,5.2591,5.2591,0,0,0,0,0,0
1989-10-05 00:00:00,5.2837,5.2837,0,0,0,0,0,0
1989-10-05 01:00:00,5.3952,5.3952,0,0,0,0,0,0
1989-10-05 02:00:00,5.4238,5.4238,0,0,0,0,0,0
1989-10-05 03:00:00,5.4938,5.4938,0,0,0,0,0,0
1989-10-05 04:00:00,5.5611,5.5611,0,0,0,0,0,0
1989-10-05 05:00:00,5.3167,5.3167,0,0,0,0,0,0
1989-10-05 06:00:00,4.9398,4.9398,0,0,0,0,0,0
1989-10-05 07:00:00,4.7207,4.7207,0,0,0,0,0,0
1989-10-05 08:00:00,4.4638,4.4638,0,0,0,0,0,0
1989-10-05 09:00:00,3.9432,3.9432,0,0,0,0,0,0
1989-10-05 10:00:00,4.1712,4.1712,0,0,0,0,0,0
1989-10-05 11:00:00,3.7205,3.7205,0,0,0,0,0,0
1989-10-05 12:00:00,2.9988,2.9988,0,0,0,0,0,0
1989-10-05 13:00:00,2.7895,2.7895,0,0,0,0,0,0
1989-10-05 14:00:00,2.7413,2.7413,0,0,0,0,0,0
1989-10-05 15:00:00,2.9786,2.9786,0,0,0,0,0,0
1989-10-05 16:00:00,3.4051,3.4051,0,0,0,0,0,0
1989-10-05 17:00:00,4.0936,4.0936,0,0,0,0,0,0
1989-10-05 18:00:00,4.7035,4.7035,0,0,0,0,0,0
1989-10-05 19:00:00,4.8158,4.8158,0,0,0,0,0,0
1989-10-05 20:00:00,4.8323,4.8323,0,0,0,0,0,0
1989-10-05 21:00:00,4.7665,4.7665,0,0,0,0,0,0
1989-10-05 22:00:00,4.5416,4.5416,0,0,0,0,0,0
1989-10-05 23:00:00,4.4335,4.4335,0,0,0,0,0,0
1989-10-06 00:00:00,4.4139,4.4139,0,0,0,0,0,0
1989-10-06 01:00:00,4.2395,4.2395,0,0,0,0,0,0
1989-10-06 02:00:00,4.1599,4.1599,0,0,0,0,0,0
1989-10-06 03:00:00,3.938,3.938,0,0,0,0,0,0
1989-10-06 04:00:00,3.8991,3.8991,0,0,0,0,0,0
1989-10-06 05:00:00,3.8628,3.8628,0,0,0,0,0,0
1989-10-06 06:00:00,3.8906,3.8906,0,0,0,0,0,0
1989-10-06 07:00:00,3.7224,3.7224,0,0,0,0,0,0
1989-10-06 08:00:00,3.2145,3.2145,0,0,0,0,0,0
1989-10-06 09:00:00,2.1675,2.1675,0,0,0,0,0,0
1989-10-06 10:00:00,1.352,1.352,0,0,0,0,0,0
1989-10-06 11:00:00,0.984,0.984,0,0,0,0,0,0
1989-10-06 12:00:00,1.5374,1.5374,0,0,0,0,0,0
1989-10-06 13:00:00,2.4537,2.4537,0,0,0,0,0,0
1989-10-06 14:00:00,3.5498,3.5498,0,0,0,0,0,0
1989-10-06 15:00:00,4.532,4.532,0,0,0,0,0,0
1989-10-06 16:00:00,5.1084,5.1084,0,0,0,0,0,0
1989-10-06 17:00:00,5.219,5.219,0,0,0,0,0,0
1989-10-06 18:00:00,4.9529,4.9529,0,0,0,0,0,0
1989-10-06 19:00:00,4.5831,4.5831,0,0,0,0,0,0
1989-10-06 20:00:00,4.3563,4.3563,0,0,0,0,0,0
1989-10-06 21:00:00,4.1336,4.1336,0,0,0,0,0,0
1989-10-06 22:00:00,4.3776,4.3776,0,0,0,0,0,0
1989-10-06 23:00:00,3.8039,3.8039,0,0,0,0,0,0
1989-10-07 00:00:00,3.2961,3.2961,0,0,0,0,0,0
1989-10-07 01:00:00,3.1204,3.1204,0,0,0,0,0,0
1989-10-07 02:00:00,3.2761,3.2761,0,0,0,0,0,0
1989-10-07 03:00:00,3.705,3.705,0,0,0,0,0,0
1989-10-07 04:00:00,4.0027,4.0027,0,0,0,0,0,0
1989-10-07 05:00:00,4.4,4.4,0,0,0,0,0,0
1989-10-07 06:00:00,4.778,4.778,0,0,0,0,0,0
1989-10-07 07:00:00,4.7819,4.7819,0,0,0,0,0,0
1989-10-07 08:00:00,4.7985,4.7985,0,0,0,0,0,0
1989-10-07 09:00:00,4.9017,4.9017,0,0,0,0,0,0
1989-10-07 10:00:00,5.0316,5.0316,0,0,0,0,0,0
1989-10-07 11:00:00,5.9449,5.9449,0,0,0,0,0,0
1989-10-07 12:00:00,6.6807,6.6807,0,0,0,0,0,0
1989-10-07 13:00:00,7.3101,7.3101,0,0,0,0,0,0
1989-10-07 14:00:00,8.0414,8.0414,0,0,0,0,0,0
1989-10-07 15:00:00,9.0732,9.0732,0,0,0,0,0,0
1989-10-07 16:00:00,10.4189,10.4189,0,0,0,0,0,0
1989-10-07 17:00:00,11.656,11.656,0,0,0,0,0,0
1989-10-07 18:00:00,12.5624,12.5624,0,0,0,0,0,0
1989-10-07 19:00:00,13.5881,13.5881,0,0,0,0,0,0
1989-10-07 20:00:00,13.5515,13.5515,0,0,0,0,0,0
1989-10-07 21:00:00,13.8118,13.8118,0,0,0,0,0,0
1989-10-07 22:00:00,13.3686,13.3686,0,0,0,0,0,0
1989-10-07 23:00:00,13.4879,13.4879,0,0,0,0,0,0
1989-10-08 00:00:00,13.6694,13.6694,0,0,0,0,0,0
1989-10-08 01:00:00,14.8908,14.8908,0,0,0,0,0,0
1989-10-08 02:00:00,16.2504,16.2504,0,0,0,0,0,0
1989-10-08 03:00:00,16.6547,16.6547,0,0,0,0,0,0
1989-10-08 04:00:00,16.3214,16.3214,0,0,0,0,0,0
1989-10-08 05:00:00,15.5878,15.5878,0,0,0,0,0,0
1989-10-08 06:00:00,15.1013,15.1013,0,0,0,0,0,0
1989-10-08 07:00:00,14.4281,14.4281,0,0,0,0,0,0
1989-10-08 08:00:00,13.6696,13.6696,0,0,0,0,0,0
1989-10-08 09:00:00,14.4941,14.4941,0,0,0,0,0,0
1989-10-08 10:00:00,14.1858,14.1858,0,0,0,0,0,0
1989-10-08 11:00:00,14.2148,14.2148,0,0,0,0,0,0
1989-10-08 12:00:00,13.6934,13.6934,0,0,0,0,0,0
1989-10-08 13:00:00,12.8757,12.8757,0,0,0,0,0,0
1989-10-08 14:00:00,12.4468,12.4468,0,0,0,0,0,0
1989-10-08 15:00:00,12.0583,12.0583,0,0,0,0,0,0
1989-10-08 16:00:00,11.9661,11.9661,0,0,0,0,0,0
1989-10-08 17:00:00,12.1306,12.1306,0,0,0,0,0,0
1989-10-08 18:00:00,12.8325,12.8325,0,0,0,0,0,0
1989-10-08 19:00:00,12.2335,12.2335,0,0,0,0,0,0
1989-10-08 20:00:00,12.775,12.775,0,0,0,0,0,0
1989-10-08 21:00:00,14.3901,14.3901,0,0,0,0,0,0
1989-10-08 22:00:00,13.3704,13.3704,0,0,0,0,0,0
1989-10-08 23:00:00,12.6666,12.6666,0,0,0,0,0,0
1989-10-09 00:00:00,11.7428,11.7428,0,0,0,0,0,0
1989-10-09 01:00:00,12.1547,12.1547,0,0,0,0,0,0
1989-10-09 02:00:00,10.3274,10.3274,0,0,0,0,0,0
1989-10-09 03:00:00,6.8128,6.8128,0,0,0,0,0,0
1989-10-09 04:00:00,7.0822,7.0822,0,0,0,0,0,0
1989-10-09 05:00:00,8.7951,8.7951,0,0,0,0,0,0
1989-10-09 06:00:00,9.749,9.749,0,0,0,0,0,0
1989-10-09 07:00:00,10.7865,10.7865,0,0,0,0,0,0
1989-10-09 08:00:00,10.6666,10.6666,0,0,0,0,0,0
1989-10-09 09:00:00,10.6906,10.6906,0,0,0,0,0,0
1989-10-09 10:00:00,10.8929,10.8929,0,0,0,0,0,0
1989-10-09 11:00:00,11.6884,11.6884,0,0,0,0,0,0
1989-10-09 12:00:00,11.9786,11.9786,0,0,0,0,0,0
1989-10-09 13:00:00,12.5108,12.5108,0,0,0,0,0,0
1989-10-09 14:00:00,12.8573,12.8573,0,0,0,0,0,0
1989-10-09 15:00:00,13.1087,13.1087,0,0,0,0,0,0
1989-10-09 16:00:00,12.9537,12.9537,0,0,0,0,0,0
1989-10-09 17:00:00,13.6533,13.6533,0,0,0,0,0,0
1989-10-09 18:00:00,13.3556,13.3556,0,0,0,0,0,0
1989-10-09 19:00:00,12.3826,12.3826,0,0,0,0,0,0
1989-10-09 20:00:00,10.8047,10.8047,0,0,0,0,0,0
1989-10-09 21:00:00,10.2983,10.2983,0,0,0,0,0,0
1989-10-09 22:00:00,9.1684,9.1684,0,0,0,0,0,0
1989-10-09 23:00:00,9.5678,9.5678,0,0,0,0,0,0
1989-10-10 00:00:00,10.341,10.341,0,0,0,0,0,0
1989-10-10 01:00:00,10.0219,10.0219,0,0,0,0,0,0
1989-10-10 02:00:00,11.0017,11.0017,0,0,0,0,0,0
1989-10-10 03:00:00,11.1562,11.1562,0,0,0,0,0,0
1989-10-10 04:00:00,11.7051,11.7051,0,0,0,0,0,0
1989-10-10 05:00:00,11.9587,11.9587,0,0,0,0,0,0
1989-10-10 06:00:00,10.8027,10.8027,0,0,0,0,0,0
1989-10-10 07:00:00,9.5611,9.5611,0,0,0,0,0,0
1989-10-10 08:00:00,8.3943,8.3943,0,0,0,0,0,0
1989-10-10 09:00:00,7.5199,7.5199,0,0,0,0,0,0
1989-10-10 10:00:00,7.6283,7.6283,0,0,0,0,0,0
1989-10-10 11:00:00,9.1243,9.1243,0,0,0,0,0,0
1989-10-10 12:00:00,10.2641,10.2641,0,0,0,0,0,0
1989-10-10 13:00:00,10.847,10.847,0,0,0,0,0,0
1989-10-10 14:00:00,11.6403,11.6403,0,0,0,0,0,0
1989-10-10 15:00:00,11.4263,11.4263,0,0,0,0,0,0
1989-10-10 16:00:00,11.1463,11.1463,0,0,0,0,0,0
1989-10-10 17:00:00,10.7554,10.7554,0,0,0,0,0,0
1989-10-10 18:00:00,9.8444,9.8444,0,0,0,0,0,0
1989-10-10 19:00:00,9.2296,9.2296,0,0,0,0,0,0
1989-10-10 20:00:00,8.9318,8.9318,0,0,0,0,0,0
1989-10-10 21:00:00,9.1183,9.1183,0,0,0,0,0,0
1989-10-10 22:00:00,7.5262,7.5262,0,0,0,0,0,0
1989-10-10 23:00:00,6.6439,6.6439,0,0,0,0,0,0
1989-10-11 00:00:00,7.4485,7.4485,0,0,0,0,0,0
1989-10-11 01:00:00,8.3737,8.3737,0,0,0,0,0,0
1989-10-11 02:00:00,8.1629,8.1629,0,0,0,0,0,0
1989-10-11 03:00:00,7.7031,7.7031,0,0,0,0,0,0
1989-10-11 04:00:00,6.9943,6.9943,0,0,0,0,0,0
1989-10-11 05:00:00,6.6365,6.6365,0,0,0,0,0,0
1989-10-11 06:00:00,6.2189,6.2189,0,0,0,0,0,0
1989-10-11 07:00:00,5.8708,5.8708,0,0,0,0,0,0
1989-10-11 08:00:00,6.104,6.104,0,0,0,0,0,0
1989-10-11 09:00:00,6.595,6.595,0,0,0,0,0,0
1989-10-11 10:00:00,5.9044,5.9044,0,0,0,0,0,0
1989-10-11 11:00:00,6.1999,6.1999,0,0,0,0,0,0
1989-10-11 12:00:00,6.7124,6.7124,0,0,0,0,0,0
1989-10-11 13:00:00,7.3598,7.3598,0,0,0,0,0,0
1989-10-11 14:00:00,7.7482,7.7482,0,0,0,0,0,0
1989-10-11 15:00:00,7.6388,7.6388,0,0,0,0,0,0
1989-10-11 16:00:00,7.2385,7.2385,0,0,0,0,0,0
1989-10-11 17:00:00,6.6397,6.6397,0,0,0,0,0,0
1989-10-11 18:00:00,5.9196,5.9196,0,0,0,0,0,0
1989-10-11 19:00:00,5.258,5.258,0,0,0,0,0,0
1989-10-11 20:00:00,4.9578,4.9578,0,0,0,0,0,0
1989-10-11 21:00:00,4.7736,4.7736,0,0,0,0,0,0
1989-10-11 22:00:00,3.8891,3.8891,0,0,0,0,0,0
1989-10-11 23:00:00,3.7993,3.7993,0,0,0,0,0,0
1989-10-12 00:00:00,3.3168,3.3168,0,0,0,0,0,0
1989-10-12 01:00:00,2.2011,2.2011,0,0,0,0,0,0
1989-10-12 02:00:00,1.8578,1.8578,0,0,0,0,0,0
1989-10-12 03:00:00,1.7717,1.7717,0,0,0,0,0,0
1989-10-12 04:00:00,1.6261,1.6261,0,0,0,0,0,0
1989-10-12 05:00:00,1.7664,1.7664,0,0,0,0,0,0
1989-10-12 06:00:00,2.4914,2.4914,0,0,0,0,0,0
1989-10-12 07:00:00,3.3107,3.3107,0,0,0,0,0,0
1989-10-12 08:00:00,3.0414,3.0414,0,0,0,0,0,0
1989-10-12 09:00:00,2.3234,2.3234,0,0,0,0,0,0
1989-10-12 10:00:00,1.496,1.496,0,0,0,0,0,0
1989-10-12 11:00:00,1.3754,1.3754,0,0,0,0,0,0
1989-10-12 12:00:00,2.0863,2.0863,0,0,0,0,0,0
1989-10-12 13:00:00,2.135,2.135,0,0,0,0,0,0
1989-10-12 14:00:00,1.9876,1.9876,0,0,0,0,0,0
1989-10-12 15:00:00,3.1817,3.1817,0,0,0,0,0,0
1989-10-12 16:00:00,3.5223,3.5223,0,0,0,0,0,0
1989-10-12 17:00:00,2.7477,2.7477,0,0,0,0,0,0
1989-10-12 18:00:00,1.9019,1.9019,0,0,0,0,0,0
1989-10-12 19:00:00,2.6108,2.6108,0,0,0,0,0,0
1989-10-12 20:00:00,3.7579,3.7579,0,0,0,0,0,0
1989-10-12 21:00:00,4.3578,4.3578,0,0,0,0,0,0
1989-10-12 22:00:00,4.4208,4.4208,0,0,0,0,0,0
1989-10-12 23:00:00,5.8107,5.8107,0,0,0,0,0,0
1989-10-13 00:00:00,6.718,6.718,0,0,0,0,0,0
1989-10-13 01:00:00,6.3156,6.3156,0,0,0,0,0,0
1989-10-13 02:00:00,6.6391,6.6391,0,0,0,0,0,0
1989-10-13 03:00:00,7.6803,7.6803,0,0,0,0,0,0
1989-10-13 04:00:00,8.7513,8.7513,0,0,0,0,0,0
1989-10-13 05:00:00,9.7824,9.7824,0,0,0,0,0,0
1989-10-13 06:00:00,9.8306,9.8306,0,0,0,0,0,0
1989-10-13 07:00:00,9.2527,9.2527,0,0,0,0,0,0
1989-10-13 08:00:00,8.9818,8.9818,0,0,0,0,0,0
1989-10-13 09:00:00,8.8613,8.8613,0,0,0,0,0,0
1989-10-13 10:00:00,8.0679,8.0679,0,0,0,0,0,0
1989-10-13 11:00:00,8.2994,8.2994,0,0,0,0,0,0
1989-10-13 12:00:00,8.3762,8.3762,0,0,0,0,0,0
1989-10-13 13:00:00,8.8941,8.8941,0,0,0,0,0,0
1989-10-13 14:00:00,9.2554,9.2554,0,0,0,0,0,0
1989-10-13 15:00:00,9.7025,9.7025,0,0,0,0,0,0
1989-10-13 16:00:00,9.7465,9.7465,0,0,0,0,0,0
1989-10-13 17:00:00,10.0153,10.0153,0,0,0,0,0,0
1989-10-13 18:00:00,10.3674,10.3674,0,0,0,0,0,0
1989-10-13 19:00:00,10.8597,10.8597,0,0,0,0,0,0
1989-10-13 20:00:00,11.3244,11.3244,0,0,0,0,0,0
1989-10-13 21:00:00,11.2613,11.2613,0,0,0,0,0,0
1989-10-13 22:00:00,9.4452,9.4452,0,0,0,0,0,0
1989-10-13 23:00:00,9.3304,9.3304,0,0,0,0,0,0
1989-10-14 00:00:00,9.6129,9.6129,0,0,0,0,0,0
1989-10-14 01:00:00,10.3603,10.3603,0,0,0,0,0,0
1989-10-14 02:00:00,10.7033,10.7033,0,0,0,0,0,0
1989-10-14 03:00:00,10.7017,10.7017,0,0,0,0,0,0
1989-10-14 04:00:00,10.4067,10.4067,0,0,0,0,0,0
1989-10-14 05:00:00,10.0363,10.0363,0,0,0,0,0,0
1989-10-14 06:00:00,9.6639,9.6639,0,0,0,0,0,0
1989-10-14 07:00:00,9.1756,9.1756,0,0,0,0,0,0
1989-10-14 08:00:00,8.7474,8.7474,0,0,0,0,0,0
1989-10-14 09:00:00,8.2646,8.2646,0,0,0,0,0,0
1989-10-14 10:00:00,6.6852,6.6852,0,0,0,0,0,0
1989-10-14 11:00:00,5.6775,5.6775,0,0,0,0,0,0
1989-10-14 12:00:00,4.4654,4.4654,0,0,0,0,0,0
1989-10-14 13:00:00,3.4949,3.4949,0,0,0,0,0,0
1989-10-14 14:00:00,3.3666,3.3666,0,0,0,0,0,0
1989-10-14 15:00:00,4.2262,4.2262,0,0,0,0,0,0
1989-10-14 16:00:00,4.9366,4.9366,0,0,0,0,0,0
1989-10-14 17:00:00,5.2218,5.2218,0,0,0,0,0,0
1989-10-14 18:00:00,5.2894,5.2894,0,0,0,0,0,0
1989-10-14 19:00:00,5.4115,5.4115,0,0,0,0,0,0
1989-10-14 20:00:00,5.3907,5.3907,0,0,0,0,0,0
1989-10-14 21:00:00,5.061,5.061,0,0,0,0,0,0
1989-10-14 22:00:00,6.3945,6.3945,0,0,0,0,0,0
1989-10-14 23:00:00,6.559,6.559,0,0,0,0,0,0
1989-10-15 00:00:00,6.7275,6.7275,0,0,0,0,0,0
1989-10-15 01:00:00,6.9185,6.9185,0,0,0,0,0,0
1989-10-15 02:00:00,6.7874,6.7874,0,0,0,0,0,0
1989-10-15 03:00:00,6.6623,6.6623,0,0,0,0,0,0
1989-10-15 04:00:00,6.9004,6.9004,0,0,0,0,0,0
1989-10-15 05:00:00,6.8322,6.8322,0,0,0,0,0,0
1989-10-15 06:00:00,6.4473,6.4473,0,0,0,0,0,0
1989-10-15 07:00:00,5.7927,5.7927,0,0,0,0,0,0
1989-10-15 08:00:00,5.6643,5.6643,0,0,0,0,0,0
1989-10-15 09:00:00,5.9084,5.9084,0,0,0,0,0,0
1989-10-15 10:00:00,7.45,7.45,0,0,0,0,0,0
1989-10-15 11:00:00,7.3541,7.3541,0,0,0,0,0,0
1989-10-15 12:00:00,7.4156,7.4156,0,0,0,0,0,0
1989-10-15 13:00:00,7.8124,7.8124,0,0,0,0,0,0
1989-10-15 14:00:00,8.5965,8.5965,0,0,0,0,0,0
1989-10-15 15:00:00,9.0792,9.0792,0,0,0,0,0,0
1989-10-15 16:00:00,9.0659,9.0659,0,0,0,0,0,0
1989-10-15 17:00:00,8.7549,8.7549,0,0,0,0,0,0
1989-10-15 18:00:00,8.2587,8.2587,0,0,0,0,0,0
1989-10-15 19:00:00,7.6849,7.6849,0,0,0,0,0,0
1989-10-15 20:00:00,7.0971,7.0971,0,0,0,0,0,0
1989-10-15 21:00:00,6.7404,6.7404,0,0,0,0,0,0
1989-10-15 22:00:00,6.7072,6.7072,0,0,0,0,0,0
1989-10-15 23:00:00,6.7725,6.7725,0,0,0,0,0,0
1989-10-16 00:00:00,6.7874,6.7874,0,0,0,0,0,0
1989-10-16 01:00:00,6.575,6.575,0,0,0,0,0,0
1989-10-16 02:00:00,6.1435,6.1435,0,0,0,0,0,0
1989-10-16 03:00:00,5.6506,5.6506,0,0,0,0,0,0
1989-10-16 04:00:00,4.9057,4.9057,0,0,0,0,0,0
1989-10-16 05:00:00,4.2863,4.2863,0,0,0,0,0,0
1989-10-16 06:00:00,4.1221,4.1221,0,0,0,0,0,0
1989-10-16 07:00:00,4.1455,4.1455,0,0,0,0,0,0
1989-10-16 08:00:00,3.6361,3.6361,0,0,0,0,0,0
1989-10-16 09:00:00,3.3056,3.3056,0,0,0,0,0,0
1989-10-16 10:00:00,2.8361,2.8361,0,0,0,0,0,0
1989-10-16 11:00:00,3.248,3.248,0,0,0,0,0,0
1989-10-16 12:00:00,3.8028,3.8028,0,0,0,0,0,0
1989-10-16 13:00:00,4.1549,4.1549,0,0,0,0,0,0
1989-10-16 14:00:00,4.4626,4.4626,0,0,0,0,0,0
1989-10-16 15:00:00,4.5208,4.5208,0,0,0,0,0,0
1989-10-16 16:00:00,4.6863,4.6863,0,0,0,0,0,0
1989-10-16 17:00:00,4.9463,4.9463,0,0,0,0,0,0
1989-10-16 18:00:00,5.5637,5.5637,0,0,0,0,0,0
1989-10-16 19:00:00,6.0587,6.0587,0,0,0,0,0,0
1989-10-16 20:00:00,6.0773,6.0773,0,0,0,0,0,0
1989-10-16 21:00:00,6.1358,6.1358,0,0,0,0,0,0
1989-10-16 22:00:00,6.4258,6.4258,0,0,0,0,0,0
1989-10-16 23:00:00,6.2449,6.2449,0,0,0,0,0,0
1989-10-17 00:00:00,5.8605,5.8605,0,0,0,0,0,0
1989-10-17 01:00:00,5.4238,5.4238,0,0,0,0,0,0
1989-10-17 02:00:00,4.9827,4.9827,0,0,0,0,0,0
1989-10-17 03:00:00,4.9018,4.9018,0,0,0,0,0,0
1989-10-17 04:00:00,4.8416,4.8416,0,0,0,0,0,0
1989-10-17 05:00:00,4.8133,4.8133,0,0,0,0,0,0
1989-10-17 06:00:00,4.645,4.645,0,0,0,0,0,0
1989-10-17 07:00:00,4.3362,4.3362,0,0,0,0,0,0
1989-10-17 08:00:00,3.819,3.819,0,0,0,0,0,0
1989-10-17 09:00:00,3.3953,3.3953,0,0,0,0,0,0
1989-10-17 10:00:00,3.3036,3.3036,0,0,0,0,0,0
1989-10-17 11:00:00,2.24,2.24,0,0,0,0,0,0
1989-10-17 12:00:00,2.0007,2.0007,0,0,0,0,0,0
1989-10-17 13:00:00,2.2819,2.2819,0,0,0,0,0,0
1989-10-17 14:00:00,2.1959,2.1959,0,0,0,0,0,0
1989-10-17 15:00:00,2.2693,2.2693,0,0,0,0,0,0
1989-10-17 16:00:00,2.6896,2.6896,0,0,0,0,0,0
1989-10-17 17:00:00,2.7599,2.7599,0,0,0,0,0,0
1989-10-17 18:00:00,2.5673,2.5673,0,0,0,0,0,0
1989-10-17 19:00:00,2.2338,2.2338,0,0,0,0,0,0
1989-10-17 20:00:00,1.6383,1.6383,0,0,0,0,0,0
1989-10-17 21:00:00,1.0756,1.0756,0,0,0,0,0,0
1989-10-17 22:00:00,1.0709,1.0709,0,0,0,0,0,0
1989-10-17 23:00:00,1.4084,1.4084,0,0,0,0,0,0
1989-10-18 00:00:00,1.4704,1.4704,0,0,0,0,0,0
1989-10-18 01:00:00,1.2333,1.2333,0,0,0,0,0,0
1989-10-18 02:00:00,0.8759,0.8759,0,0,0,0,0,0
1989-10-18 03:00:00,0.7845,0.7845,0,0,0,0,0,0
1989-10-18 04:00:00,1.1555,1.1555,0,0,0,0,0,0
1989-10-18 05:00:00,1.0754,1.0754,0,0,0,0,0,0
1989-10-18 06:00:00,1.1551,1.1551,0,0,0,0,0,0
1989-10-18 07:00:00,1.0754,1.0754,0,0,0,0,0,0
1989-10-18 08:00:00,0.4731,0.4731,0,0,0,0,0,0
1989-10-18 09:00:00,0.7032,0.7032,0,0,0,0,0,0
1989-10-18 10:00:00,1.3685,1.3685,0,0,0,0,0,0
1989-10-18 11:00:00,1.808,1.808,0,0,0,0,0,0
1989-10-18 12:00:00,2.06,2.06,0,0,0,0,0,0
1989-10-18 13:00:00,2.0822,2.0822,0,0,0,0,0,0
1989-10-18 14:00:00,1.8133,1.8133,0,0,0,0,0,0
1989-10-18 15:00:00,1.4909,1.4909,0,0,0,0,0,0
1989-10-18 16:00:00,1.2488,1.2488,0,0,0,0,0,0
1989-10-18 17:00:00,1.2051,1.2051,0,0,0,0,0,0
1989-10-18 18:00:00,1.325,1.325,0,0,0,0,0,0
1989-10-18 19:00:00,1.5055,1.5055,0,0,0,0,0,0
1989-10-18 20:00:00,1.8256,1.8256,0,0,0,0,0,0
1989-10-18 21:00:00,2.0982,2.0982,0,0,0,0,0,0
1989-10-18 22:00:00,1.7895,1.7895,0,0,0,0,0,0
1989-10-18 23:00:00,1.4248,1.4248,0,0,0,0,0,0
1989-10-19 00:00:00,1.6704,1.6704,0,0,0,0,0,0
1989-10-19 01:00:00,2.3764,2.3764,0,0,0,0,0,0
1989-10-19 02:00:00,2.5753,2.5753,0,0,0,0,0,0
1989-10-19 03:00:00,2.715,2.715,0,0,0,0,0,0
1989-10-19 04:00:00,2.8028,2.8028,0,0,0,0,0,0
1989-10-19 05:00:00,2.9919,2.9919,0,0,0,0,0,0
1989-10-19 06:00:00,3.2618,3.2618,0,0,0,0,0,0
1989-10-19 07:00:00,3.5961,3.5961,0,0,0,0,0,0
1989-10-19 08:00:00,4.0309,4.0309,0,0,0,0,0,0
1989-10-19 09:00:00,4.1211,4.1211,0,0,0,0,0,0
1989-10-19 10:00:00,4.2851,4.2851,0,0,0,0,0,0
1989-10-19 11:00:00,4.0895,4.0895,0,0,0,0,0,0
1989-10-19 12:00:00,4.4974,4.4974,0,0,0,0,0,0
1989-10-19 13:00:00,5.0734,5.0734,0,0,0,0,0,0
1989-10-19 14:00:00,4.8703,4.8703,0,0,0,0,0,0
1989-10-19 15:00:00,4.6067,4.6067,0,0,0,0,0,0
1989-10-19 16:00:00,4.4617,4.4617,0,0,0,0,0,0
1989-10-19 17:00:00,4.1537,4.1537,0,0,0,0,0,0
1989-10-19 18:00:00,4.0416,4.0416,0,0,0,0,0,0
1989-10-19 19:00:00,4.0213,4.0213,0,0,0,0,0,0
1989-10-19 20:00:00,3.7768,3.7768,0,0,0,0,0,0
1989-10-19 21:00:00,3.6181,3.6181,0,0,0,0,0,0
1989-10-19 22:00:00,4.4974,4.4974,0,0,0,0,0,0
1989-10-19 23:00:00,4.7251,4.7251,0,0,0,0,0,0
1989-10-20 00:00:00,4.9181,4.9181,0,0,0,0,0,0
1989-10-20 01:00:00,4.8652,4.8652,0,0,0,0,0,0
1989-10-20 02:00:00,4.3374,4.3374,0,0,0,0,0,0
1989-10-20 03:00:00,3.7124,3.7124,0,0,0,0,0,0
1989-10-20 04:00:00,3.2541,3.2541,0,0,0,0,0,0
1989-10-20 05:00:00,2.7264,2.7264,0,0,0,0,0,0
1989-10-20 06:00:00,1.5674,1.5674,0,0,0,0,0,0
1989-10-20 07:00:00,2.6058,2.6058,0,0,0,0,0,0
1989-10-20 08:00:00,3.6338,3.6338,0,0,0,0,0,0
1989-10-20 09:00:00,4.4681,4.4681,0,0,0,0,0,0
1989-10-20 10:00:00,4.6848,4.6848,0,0,0,0,0,0
1989-10-20 11:00:00,4.6183,4.6183,0,0,0,0,0,0
1989-10-20 12:00:00,5.3756,5.3756,0,0,0,0,0,0
1989-10-20 13:00:00,6.1613,6.1613,0,0,0,0,0,0
1989-10-20 14:00:00,6.5643,6.5643,0,0,0,0,0,0
1989-10-20 15:00:00,6.6441,6.6441,0,0,0,0,0,0
1989-10-20 16:00:00,7.0544,7.0544,0,0,0,0,0,0
1989-10-20 17:00:00,7.6632,7.6632,0,0,0,0,0,0
1989-10-20 18:00:00,7.8407,7.8407,0,0,0,0,0,0
1989-10-20 19:00:00,7.5541,7.5541,0,0,0,0,0,0
1989-10-20 20:00:00,7.0713,7.0713,0,0,0,0,0,0
1989-10-20 21:00:00,6.5521,6.5521,0,0,0,0,0,0
1989-10-20 22:00:00,6.789,6.789,0,0,0,0,0,0
1989-10-20 23:00:00,6.5936,6.5936,0,0,0,0,0,0
1989-10-21 00:00:00,6.227,6.227,0,0,0,0,0,0
1989-10-21 01:00:00,5.9318,5.9318,0,0,0,0,0,0
1989-10-21 02:00:00,5.6819,5.6819,0,0,0,0,0,0
1989-10-21 03:00:00,5.4942,5.4942,0,0,0,0,0,0
1989-10-21 04:00:00,5.5505,5.5505,0,0,0,0,0,0
1989-10-21 05:00:00,5.8363,5.8363,0,0,0,0,0,0
1989-10-21 06:00:00,5.5957,5.5957,0,0,0,0,0,0
1989-10-21 07:00:00,5.1236,5.1236,0,0,0,0,0,0
1989-10-21 08:00:00,4.8345,4.8345,0,0,0,0,0,0
1989-10-21 09:00:00,5.2018,5.2018,0,0,0,0,0,0
1989-10-21 10:00:00,5.5056,5.5056,0,0,0,0,0,0
1989-10-21 11:00:00,5.4656,5.4656,0,0,0,0,0,0
1989-10-21 12:00:00,5.4311,5.4311,0,0,0,0,0,0
1989-10-21 13:00:00,5.7755,5.7755,0,0,0,0,0,0
1989-10-21 14:00:00,6.8714,6.8714,0,0,0,0,0,0
1989-10-21 15:00:00,8.0302,8.0302,0,0,0,0,0,0
1989-10-21 16:00:00,8.4242,8.4242,0,0,0,0,0,0
1989-10-21 17:00:00,7.8887,7.8887,0,0,0,0,0,0
1989-10-21 18:00:00,6.8256,6.8256,0,0,0,0,0,0
1989-10-21 19:00:00,5.4247,5.4247,0,0,0,0,0,0
1989-10-21 20:00:00,3.971,3.971,0,0,0,0,0,0
1989-10-21 21:00:00,3.5797,3.5797,0,0,0,0,0,0
1989-10-21 22:00:00,5.0412,5.0412,0,0,0,0,0,0
1989-10-21 23:00:00,5.6421,5.6421,0,0,0,0,0,0
1989-10-22 00:00:00,5.7721,5.7721,0,0,0,0,0,0
1989-10-22 01:00:00,5.2375,5.2375,0,0,0,0,0,0
1989-10-22 02:00:00,4.4955,4.4955,0,0,0,0,0,0
1989-10-22 03:00:00,3.8615,3.8615,0,0,0,0,0,0
1989-10-22 04:00:00,3.478,3.478,0,0,0,0,0,0
1989-10-22 05:00:00,3.1966,3.1966,0,0,0,0,0,0
1989-10-22 06:00:00,3.0651,3.0651,0,0,0,0,0,0
1989-10-22 07:00:00,3.2821,3.2821,0,0,0,0,0,0
1989-10-22 08:00:00,3.5517,3.5517,0,0,0,0,0,0
1989-10-22 09:00:00,3.1237,3.1237,0,0,0,0,0,0
1989-10-22 10:00:00,2.7282,2.7282,0,0,0,0,0,0
1989-10-22 11:00:00,2.2986,2.2986,0,0,0,0,0,0
1989-10-22 12:00:00,2.0176,2.0176,0,0,0,0,0,0
1989-10-22 13:00:00,3.1454,3.1454,0,0,0,0,0,0
1989-10-22 14:00:00,3.3773,3.3773,0,0,0,0,0,0
1989-10-22 15:00:00,3.124,3.124,0,0,0,0,0,0
1989-10-22 16:00:00,2.6416,2.6416,0,0,0,0,0,0
1989-10-22 17:00:00,2.2848,2.2848,0,0,0,0,0,0
1989-10-22 18:00:00,1.5606,1.5606,0,0,0,0,0,0
1989-10-22 19:00:00,2.1972,2.1972,0,0,0,0,0,0
1989-10-22 20:00:00,3.1394,3.1394,0,0,0,0,0,0
1989-10-22 21:00:00,4.1587,4.1587,0,0,0,0,0,0
1989-10-22 22:00:00,6.1934,6.1934,0,0,0,0,0,0
1989-10-22 23:00:00,7.5433,7.5433,0,0,0,0,0,0
1989-10-23 00:00:00,8.4423,8.4423,0,0,0,0,0,0
1989-10-23 01:00:00,8.6681,8.6681,0,0,0,0,0,0
1989-10-23 02:00:00,8.5737,8.5737,0,0,0,0,0,0
1989-10-23 03:00:00,8.5296,8.5296,0,0,0,0,0,0
1989-10-23 04:00:00,8.4823,8.4823,0,0,0,0,0,0
1989-10-23 05:00:00,8.2739,8.2739,0,0,0,0,0,0
1989-10-23 06:00:00,8.4079,8.4079,0,0,0,0,0,0
1989-10-23 07:00:00,8.425,8.425,0,0,0,0,0,0
1989-10-23 08:00:00,8.1396,8.1396,0,0,0,0,0,0
1989-10-23 09:00:00,8.4715,8.4715,0,0,0,0,0,0
1989-10-23 10:00:00,9.5905,9.5905,0,0,0,0,0,0
1989-10-23 11:00:00,10.0525,10.0525,0,0,0,0,0,0
1989-10-23 12:00:00,10.3661,10.3661,0,0,0,0,0,0
1989-10-23 13:00:00,10.6826,10.6826,0,0,0,0,0,0
1989-10-23 14:00:00,10.9019,10.9019,0,0,0,0,0,0
1989-10-23 15:00:00,11.5569,11.5569,0,0,0,0,0,0
1989-10-23 16:00:00,11.7349,11.7349,0,0,0,0,0,0
1989-10-23 17:00:00,11.8381,11.8381,0,0,0,0,0,0
1989-10-23 18:00:00,12.0926,12.0926,0,0,0,0,0,0
1989-10-23 19:00:00,12.3797,12.3797,0,0,0,0,0,0
1989-10-23 20:00:00,12.6419,12.6419,0,0,0,0,0,0
1989-10-23 21:00:00,12.2292,12.2292,0,0,0,0,0,0
1989-10-23 22:00:00,12.1563,12.1563,0,0,0,0,0,0
1989-10-23 23:00:00,12.1699,12.1699,0,0,0,0,0,0
1989-10-24 00:00:00,13.151,13.151,0,0,0,0,0,0
1989-10-24 01:00:00,12.6086,12.6086,0,0,0,0,0,0
1989-10-24 02:00:00,12.5222,12.5222,0,0,0,0,0,0
1989-10-24 03:00:00,12.809,12.809,0,0,0,0,0,0
1989-10-24 04:00:00,13.216,13.216,0,0,0,0,0,0
1989-10-24 05:00:00,13.4661,13.4661,0,0,0,0,0,0
1989-10-24 06:00:00,12.5865,12.5865,0,0,0,0,0,0
1989-10-24 07:00:00,12.3634,12.3634,0,0,0,0,0,0
1989-10-24 08:00:00,11.6175,11.6175,0,0,0,0,0,0
1989-10-24 09:00:00,11.0716,11.0716,0,0,0,0,0,0
1989-10-24 10:00:00,10.2397,10.2397,0,0,0,0,0,0
1989-10-24 11:00:00,10.571,10.571,0,0,0,0,0,0
1989-10-24 12:00:00,9.9286,9.9286,0,0,0,0,0,0
1989-10-24 13:00:00,9.9355,9.9355,0,0,0,0,0,0
1989-10-24 14:00:00,9.8261,9.8261,0,0,0,0,0,0
1989-10-24 15:00:00,9.4851,9.4851,0,0,0,0,0,0
1989-10-24 16:00:00,8.983,8.983,0,0,0,0,0,0
1989-10-24 17:00:00,8.2805,8.2805,0,0,0,0,0,0
1989-10-24 18:00:00,7.8114,7.8114,0,0,0,0,0,0
1989-10-24 19:00:00,7.4425,7.4425,0,0,0,0,0,0
1989-10-24 20:00:00,7.0888,7.0888,0,0,0,0,0,0
1989-10-24 21:00:00,6.4847,6.4847,0,0,0,0,0,0
1989-10-24 22:00:00,5.2494,5.2494,0,0,0,0,0,0
1989-10-24 23:00:00,4.6103,4.6103,0,0,0,0,0,0
1989-10-25 00:00:00,4.256,4.256,0,0,0,0,0,0
1989-10-25 01:00:00,4.1319,4.1319,0,0,0,0,0,0
1989-10-25 02:00:00,3.4097,3.4097,0,0,0,0,0,0
1989-10-25 03:00:00,2.1573,2.1573,0,0,0,0,0,0
1989-10-25 04:00:00,1.5296,1.5296,0,0,0,0,0,0
1989-10-25 05:00:00,1.6332,1.6332,0,0,0,0,0,0
1989-10-25 06:00:00,1.6594,1.6594,0,0,0,0,0,0
1989-10-25 07:00:00,1.4252,1.4252,0,0,0,0,0,0
1989-10-25 08:00:00,1.0246,1.0246,0,0,0,0,0,0
1989-10-25 09:00:00,0.6279,0.6279,0,0,0,0,0,0
1989-10-25 10:00:00,0.9794,0.9794,0,0,0,0,0,0
1989-10-25 11:00:00,1.4284,1.4284,0,0,0,0,0,0
1989-10-25 12:00:00,2.6842,2.6842,0,0,0,0,0,0
1989-10-25 13:00:00,3.7084,3.7084,0,0,0,0,0,0
1989-10-25 14:00:00,4.3894,4.3894,0,0,0,0,0,0
1989-10-25 15:00:00,4.8788,4.8788,0,0,0,0,0,0
1989-10-25 16:00:00,5.0751,5.0751,0,0,0,0,0,0
1989-10-25 17:00:00,4.899,4.899,0,0,0,0,0,0
1989-10-25 18:00:00,4.2105,4.2105,0,0,0,0,0,0
1989-10-25 19:00:00,3.2245,3.2245,0,0,0,0,0,0
1989-10-25 20:00:00,2.2607,2.2607,0,0,0,0,0,0
1989-10-25 21:00:00,1.7422,1.7422,0,0,0,0,0,0
1989-10-25 22:00:00,1.8592,1.8592,0,0,0,0,0,0
1989-10-25 23:00:00,2.4833,2.4833,0,0,0,0,0,0
1989-10-26 00:00:00,2.8757,2.8757,0,0,0,0,0,0
1989-10-26 01:00:00,3.0452,3.0452,0,0,0,0,0,0
1989-10-26 02:00:00,3.1376,3.1376,0,0,0,0,0,0
1989-10-26 03:00:00,3.0096,3.0096,0,0,0,0,0,0
1989-10-26 04:00:00,2.6922,2.6922,0,0,0,0,0,0
1989-10-26 05:00:00,2.5833,2.5833,0,0,0,0,0,0
1989-10-26 06:00:00,3.0927,3.0927,0,0,0,0,0,0
1989-10-26 07:00:00,3.7751,3.7751,0,0,0,0,0,0
1989-10-26 08:00:00,3.9419,3.9419,0,0,0,0,0,0
1989-10-26 09:00:00,3.6449,3.6449,0,0,0,0,0,0
1989-10-26 10:00:00,3.4715,3.4715,0,0,0,0,0,0
1989-10-26 11:00:00,3.3284,3.3284,0,0,0,0,0,0
1989-10-26 12:00:00,3.4992,3.4992,0,0,0,0,0,0
1989-10-26 13:00:00,3.6222,3.6222,0,0,0,0,0,0
1989-10-26 14:00:00,3.3985,3.3985,0,0,0,0,0,0
1989-10-26 15:00:00,3.165,3.165,0,0,0,0,0,0
1989-10-26 16:00:00,2.9561,2.9561,0,0,0,0,0,0
1989-10-26 17:00:00,2.6367,2.6367,0,0,0,0,0,0
1989-10-26 18:00:00,2.1829,2.1829,0,0,0,0,0,0
1989-10-26 19:00:00,1.688,1.688,0,0,0,0,0,0
1989-10-26 20:00:00,1.3084,1.3084,0,0,0,0,0,0
1989-10-26 21:00:00,0.9373,0.9373,0,0,0,0,0,0
1989-10-26 22:00:00,0.6003,0.6003,0,0,0,0,0,0
1989-10-26 23:00:00,0.617,0.617,0,0,0,0,0,0
1989-10-27 00:00:00,0.828,0.828,0,0,0,0,0,0
1989-10-27 01:00:00,1.0469,1.0469,0,0,0,0,0,0
1989-10-27 02:00:00,1.0958,1.0958,0,0,0,0,0,0
1989-10-27 03:00:00,1.1025,1.1025,0,0,0,0,0,0
1989-10-27 04:00:00,1.105,1.105,0,0,0,0,0,0
1989-10-27 05:00:00,0.9535,0.9535,0,0,0,0,0,0
1989-10-27 06:00:00,0.803,0.803,0,0,0,0,0,0
1989-10-27 07:00:00,0.7691,0.7691,0,0,0,0,0,0
1989-10-27 08:00:00,0.8704,0.8704,0,0,0,0,0,0
1989-10-27 09:00:00,0.6009,0.6009,0,0,0,0,0,0
1989-10-27 10:00:00,0.8466,0.8466,0,0,0,0,0,0
1989-10-27 11:00:00,1.309,1.309,0,0,0,0,0,0
1989-10-27 12:00:00,1.8679,1.8679,0,0,0,0,0,0
1989-10-27 13:00:00,2.3803,2.3803,0,0,0,0,0,0
1989-10-27 14:00:00,2.6907,2.6907,0,0,0,0,0,0
1989-10-27 15:00:00,2.713,2.713,0,0,0,0,0,0
1989-10-27 16:00:00,2.3587,2.3587,0,0,0,0,0,0
1989-10-27 17:00:00,1.9008,1.9008,0,0,0,0,0,0
1989-10-27 18:00:00,1.5459,1.5459,0,0,0,0,0,0
1989-10-27 19:00:00,1.2684,1.2684,0,0,0,0,0,0
1989-10-27 20:00:00,1.2181,1.2181,0,0,0,0,0,0
1989-10-27 21:00:00,1.2458,1.2458,0,0,0,0,0,0
1989-10-27 22:00:00,1.6524,1.6524,0,0,0,0,0,0
1989-10-27 23:00:00,1.3926,1.3926,0,0,0,0,0,0
1989-10-28 00:00:00,1.2283,1.2283,0,0,0,0,0,0
1989-10-28 01:00:00,1.3396,1.3396,0,0,0,0,0,0
1989-10-28 02:00:00,1.8416,1.8416,0,0,0,0,0,0
1989-10-28 03:00:00,2.7249,2.7249,0,0,0,0,0,0
1989-10-28 04:00:00,3.4917,3.4917,0,0,0,0,0,0
1989-10-28 05:00:00,3.8022,3.8022,0,0,0,0,0,0
1989-10-28 06:00:00,3.9367,3.9367,0,0,0,0,0,0
1989-10-28 07:00:00,3.9004,3.9004,0,0,0,0,0,0
1989-10-28 08:00:00,3.8036,3.8036,0,0,0,0,0,0
1989-10-28 09:00:00,3.792,3.792,0,0,0,0,0,0
1989-10-28 10:00:00,3.8375,3.8375,0,0,0,0,0,0
1989-10-28 11:00:00,3.872,3.872,0,0,0,0,0,0
1989-10-28 12:00:00,3.9659,3.9659,0,0,0,0,0,0
1989-10-28 13:00:00,4.2624,4.2624,0,0,0,0,0,0
1989-10-28 14:00:00,4.2716,4.2716,0,0,0,0,0,0
1989-10-28 15:00:00,3.9777,3.9777,0,0,0,0,0,0
1989-10-28 16:00:00,3.6732,3.6732,0,0,0,0,0,0
1989-10-28 17:00:00,3.4071,3.4071,0,0,0,0,0,0
1989-10-28 18:00:00,3.1689,3.1689,0,0,0,0,0,0
1989-10-28 19:00:00,2.9792,2.9792,0,0,0,0,0,0
1989-10-28 20:00:00,3.028,3.028,0,0,0,0,0,0
1989-10-28 21:00:00,3.0625,3.0625,0,0,0,0,0,0
1989-10-28 22:00:00,2.9696,2.9696,0,0,0,0,0,0
1989-10-28 23:00:00,2.7431,2.7431,0,0,0,0,0,0
1989-10-29 00:00:00,2.6012,2.6012,0,0,0,0,0,0
1989-10-29 01:00:00,2.5822,2.5822,0,0,0,0,0,0
1989-10-29 02:00:00,2.647,2.647,0,0,0,0,0,0
1989-10-29 03:00:00,2.9143,2.9143,0,0,0,0,0,0
1989-10-29 04:00:00,3.0009,3.0009,0,0,0,0,0,0
1989-10-29 05:00:00,2.7325,2.7325,0,0,0,0,0,0
1989-10-29 06:00:00,2.4431,2.4431,0,0,0,0,0,0
1989-10-29 07:00:00,2.0533,2.0533,0,0,0,0,0,0
1989-10-29 08:00:00,1.6087,1.6087,0,0,0,0,0,0
1989-10-29 09:00:00,1.4096,1.4096,0,0,0,0,0,0
1989-10-29 10:00:00,1.1889,1.1889,0,0,0,0,0,0
1989-10-29 11:00:00,1.1229,1.1229,0,0,0,0,0,0
1989-10-29 12:00:00,1.4537,1.4537,0,0,0,0,0,0
1989-10-29 13:00:00,1.8248,1.8248,0,0,0,0,0,0
1989-10-29 14:00:00,2.3283,2.3283,0,0,0,0,0,0
1989-10-29 15:00:00,2.8087,2.8087,0,0,0,0,0,0
1989-10-29 16:00:00,3.1582,3.1582,0,0,0,0,0,0
1989-10-29 17:00:00,3.3201,3.3201,0,0,0,0,0,0
1989-10-29 18:00:00,3.4448,3.4448,0,0,0,0,0,0
1989-10-29 19:00:00,3.5015,3.5015,0,0,0,0,0,0
1989-10-29 20:00:00,3.634,3.634,0,0,0,0,0,0
1989-10-29 21:00:00,4.1542,4.1542,0,0,0,0,0,0
1989-10-29 22:00:00,4.4066,4.4066,0,0,0,0,0,0
1989-10-29 23:00:00,4.5293,4.5293,0,0,0,0,0,0
1989-10-30 00:00:00,4.2184,4.2184,0,0,0,0,0,0
1989-10-30 01:00:00,3.9088,3.9088,0,0,0,0,0,0
1989-10-30 02:00:00,3.5286,3.5286,0,0,0,0,0,0
1989-10-30 03:00:00,3.4674,3.4674,0,0,0,0,0,0
1989-10-30 04:00:00,4.2802,4.2802,0,0,0,0,0,0
1989-10-30 05:00:00,5.1476,5.1476,0,0,0,0,0,0
1989-10-30 06:00:00,5.2722,5.2722,0,0,0,0,0,0
1989-10-30 07:00:00,5.439,5.439,0,0,0,0,0,0
1989-10-30 08:00:00,6.2224,6.2224,0,0,0,0,0,0
1989-10-30 09:00:00,7.0198,7.0198,0,0,0,0,0,0
1989-10-30 10:00:00,6.943,6.943,0,0,0,0,0,0
1989-10-30 11:00:00,6.5102,6.5102,0,0,0,0,0,0
1989-10-30 12:00:00,6.8244,6.8244,0,0,0,0,0,0
1989-10-30 13:00:00,7.7099,7.7099,0,0,0,0,0,0
1989-10-30 14:00:00,8.8266,8.8266,0,0,0,0,0,0
1989-10-30 15:00:00,9.7747,9.7747,0,0,0,0,0,0
1989-10-30 16:00:00,10.5039,10.5039,0,0,0,0,0,0
1989-10-30 17:00:00,11.0422,11.0422,0,0,0,0,0,0
1989-10-30 18:00:00,10.6983,10.6983,0,0,0,0,0,0
1989-10-30 19:00:00,9.7463,9.7463,0,0,0,0,0,0
1989-10-30 20:00:00,8.9191,8.9191,0,0,0,0,0,0
1989-10-30 21:00:00,7.8456,7.8456,0,0,0,0,0,0
1989-10-30 22:00:00,6.8411,6.8411,0,0,0,0,0,0
1989-10-30 23:00:00,6.519,6.519,0,0,0,0,0,0
1989-10-31 00:00:00,5.8419,5.8419,0,0,0,0,0,0
1989-10-31 01:00:00,4.6811,4.6811,0,0,0,0,0,0
1989-10-31 02:00:00,4.7398,4.7398,0,0,0,0,0,0
1989-10-31 03:00:00,4.5577,4.5577,0,0,0,0,0,0
1989-10-31 04:00:00,3.7831,3.7831,0,0,0,0,0,0
1989-10-31 05:00:00,3.5775,3.5775,0,0,0,0,0,0
1989-10-31 06:00:00,3.2839,3.2839,0,0,0,0,0,0
1989-10-31 07:00:00,2.4148,2.4148,0,0,0,0,0,0
1989-10-31 08:00:00,2.0321,2.0321,0,0,0,0,0,0
1989-10-31 09:00:00,1.7494,1.7494,0,0,0,0,0,0
1989-10-31 10:00:00,1.9994,1.9994,0,0,0,0,0,0
1989-10-31 11:00:00,2.2392,2.2392,0,0,0,0,0,0
1989-10-31 12:00:00,2.9475,2.9475,0,0,0,0,0,0
1989-10-31 13:00:00,4.2099,4.2099,0,0,0,0,0,0
1989-10-31 14:00:00,5.6059,5.6059,0,0,0,0,0,0
1989-10-31 15:00:00,6.6409,6.6409,0,0,0,0,0,0
1989-10-31 16:00:00,7.1363,7.1363,0,0,0,0,0,0
1989-10-31 17:00:00,7.1499,7.1499,0,0,0,0,0,0
1989-10-31 18:00:00,6.9222,6.9222,0,0,0,0,0,0
1989-10-31 19:00:00,6.2394,6.2394,0,0,0,0,0,0
1989-10-31 20:00:00,5.3832,5.3832,0,0,0,0,0,0
1989-10-31 21:00:00,4.4613,4.4613,0,0,0,0,0,0
1989-10-31 22:00:00,3.5945,3.5945,0,0,0,0,0,0
1989-10-31 23:00:00,2.9386,2.9386,0,0,0,0,0,0
1989-11-01 00:00:00,2.1051,2.1051,0,0,0,0,0,0
1989-11-01 01:00:00,1.3234,1.3234,0,0,0,0,0,0
1989-11-01 02:00:00,0.8031,0.8031,0,0,0,0,0,0
1989-11-01 03:00:00,0.4745,0.4745,0,0,0,0,0,0
1989-11-01 04:00:00,0.3446,0.3446,0,0,0,0,0,0
1989-11-01 05:00:00,0.4921,0.4921,0,0,0,0,0,0
1989-11-01 06:00:00,0.5517,0.5517,0,0,0,0,0,0
1989-11-01 07:00:00,1.2241,1.2241,0,0,0,0,0,0
1989-11-01 08:00:00,1.9255,1.9255,0,0,0,0,0,0
1989-11-01 09:00:00,2.4166,2.4166,0,0,0,0,0,0
1989-11-01 10:00:00,2.7478,2.7478,0,0,0,0,0,0
1989-11-01 11:00:00,2.892,2.892,0,0,0,0,0,0
1989-11-01 12:00:00,2.7838,2.7838,0,0,0,0,0,0
1989-11-01 13:00:00,2.4699,2.4699,0,0,0,0,0,0
1989-11-01 14:00:00,2.4842,2.4842,0,0,0,0,0,0
1989-11-01 15:00:00,2.4201,2.4201,0,0,0,0,0,0
1989-11-01 16:00:00,2.3522,2.3522,0,0,0,0,0,0
1989-11-01 17:00:00,2.3345,2.3345,0,0,0,0,0,0
1989-11-01 18:00:00,2.3647,2.3647,0,0,0,0,0,0
1989-11-01 19:00:00,2.3657,2.3657,0,0,0,0,0,0
1989-11-01 20:00:00,2.3759,2.3759,0,0,0,0,0,0
1989-11-01 21:00:00,2.4287,2.4287,0,0,0,0,0,0
1989-11-01 22:00:00,3.5479,3.5479,0,0,0,0,0,0
1989-11-01 23:00:00,3.6849,3.6849,0,0,0,0,0,0
1989-11-02 00:00:00,3.8624,3.8624,0,0,0,0,0,0
1989-11-02 01:00:00,4.0457,4.0457,0,0,0,0,0,0
1989-11-02 02:00:00,4.1647,4.1647,0,0,0,0,0,0
1989-11-02 03:00:00,4.0941,4.0941,0,0,0,0,0,0
1989-11-02 04:00:00,4.2525,4.2525,0,0,0,0,0,0
1989-11-02 05:00:00,4.1664,4.1664,0,0,0,0,0,0
1989-11-02 06:00:00,4.1774,4.1774,0,0,0,0,0,0
1989-11-02 07:00:00,4.0033,4.0033,0,0,0,0,0,0
1989-11-02 08:00:00,3.4915,3.4915,0,0,0,0,0,0
1989-11-02 09:00:00,3.3587,3.3587,0,0,0,0,0,0
1989-11-02 10:00:00,3.771,3.771,0,0,0,0,0,0
1989-11-02 11:00:00,3.6946,3.6946,0,0,0,0,0,0
1989-11-02 12:00:00,3.7621,3.7621,0,0,0,0,0,0
1989-11-02 13:00:00,3.8194,3.8194,0,0,0,0,0,0
1989-11-02 14:00:00,4.1099,4.1099,0,0,0,0,0,0
1989-11-02 15:00:00,4.5555,4.5555,0,0,0,0,0,0
1989-11-02 16:00:00,4.9839,4.9839,0,0,0,0,0,0
1989-11-02 17:00:00,5.4482,5.4482,0,0,0,0,0,0
1989-11-02 18:00:00,5.5915,5.5915,0,0,0,0,0,0
1989-11-02 19:00:00,5.5532,5.5532,0,0,0,0,0,0
1989-11-02 20:00:00,5.578,5.578,0,0,0,0,0,0
1989-11-02 21:00:00,5.6547,5.6547,0,0,0,0,0,0
1989-11-02 22:00:00,4.9949,4.9949,0,0,0,0,0,0
1989-11-02 23:00:00,4.8763,4.8763,0,0,0,0,0,0
1989-11-03 00:00:00,5.0666,5.0666,0,0,0,0,0,0
1989-11-03 01:00:00,5.3116,5.3116,0,0,0,0,0,0
1989-11-03 02:00:00,5.5118,5.5118,0,0,0,0,0,0
1989-11-03 03:00:00,5.5812,5.5812,0,0,0,0,0,0
1989-11-03 04:00:00,5.6969,5.6969,0,0,0,0,0,0
1989-11-03 05:00:00,5.7388,5.7388,0,0,0,0,0,0
1989-11-03 06:00:00,5.7573,5.7573,0,0,0,0,0,0
1989-11-03 07:00:00,5.5538,5.5538,0,0,0,0,0,0
1989-11-03 08:00:00,5.7589,5.7589,0,0,0,0,0,0
1989-11-03 09:00:00,6.5209,6.5209,0,0,0,0,0,0
1989-11-03 10:00:00,6.4642,6.4642,0,0,0,0,0,0
1989-11-03 11:00:00,6.5293,6.5293,0,0,0,0,0,0
1989-11-03 12:00:00,6.5888,6.5888,0,0,0,0,0,0
1989-11-03 13:00:00,6.4928,6.4928,0,0,0,0,0,0
1989-11-03 14:00:00,6.2222,6.2222,0,0,0,0,0,0
1989-11-03 15:00:00,6.1899,6.1899,0,0,0,0,0,0
1989-11-03 16:00:00,6.3195,6.3195,0,0,0,0,0,0
1989-11-03 17:00:00,6.5404,6.5404,0,0,0,0,0,0
1989-11-03 18:00:00,6.6677,6.6677,0,0,0,0,0,0
1989-11-03 19:00:00,6.8533,6.8533,0,0,0,0,0,0
1989-11-03 20:00:00,6.8787,6.8787,0,0,0,0,0,0
1989-11-03 21:00:00,6.9326,6.9326,0,0,0,0,0,0
1989-11-03 22:00:00,7.1289,7.1289,0,0,0,0,0,0
1989-11-03 23:00:00,7.0127,7.0127,0,0,0,0,0,0
1989-11-04 00:00:00,7.2619,7.2619,0,0,0,0,0,0
1989-11-04 01:00:00,7.2303,7.2303,0,0,0,0,0,0
1989-11-04 02:00:00,7.1041,7.1041,0,0,0,0,0,0
1989-11-04 03:00:00,6.8822,6.8822,0,0,0,0,0,0
1989-11-04 04:00:00,6.2026,6.2026,0,0,0,0,0,0
1989-11-04 05:00:00,5.8508,5.8508,0,0,0,0,0,0
1989-11-04 06:00:00,5.8553,5.8553,0,0,0,0,0,0
1989-11-04 07:00:00,5.8262,5.8262,0,0,0,0,0,0
1989-11-04 08:00:00,5.9533,5.9533,0,0,0,0,0,0
1989-11-04 09:00:00,6.1518,6.1518,0,0,0,0,0,0
1989-11-04 10:00:00,5.779,5.779,0,0,0,0,0,0
1989-11-04 11:00:00,5.3999,5.3999,0,0,0,0,0,0
1989-11-04 12:00:00,4.7695,4.7695,0,0,0,0,0,0
1989-11-04 13:00:00,3.8803,3.8803,0,0,0,0,0,0
1989-11-04 14:00:00,2.8825,2.8825,0,0,0,0,0,0
1989-11-04 15:00:00,2.5608,2.5608,0,0,0,0,0,0
1989-11-04 16:00:00,5.1085,5.1085,0,0,0,0,0,0
1989-11-04 17:00:00,6.6212,6.6212,0,0,0,0,0,0
1989-11-04 18:00:00,6.2335,6.2335,0,0,0,0,0,0
1989-11-04 19:00:00,5.5292,5.5292,0,0,0,0,0,0
1989-11-04 20:00:00,5.6765,5.6765,0,0,0,0,0,0
1989-11-04 21:00:00,6.7372,6.7372,0,0,0,0,0,0
1989-11-04 22:00:00,7.5357,7.5357,0,0,0,0,0,0
1989-11-04 23:00:00,7.4093,7.4093,0,0,0,0,0,0
1989-11-05 00:00:00,6.6287,6.6287,0,0,0,0,0,0
1989-11-05 01:00:00,5.8627,5.8627,0,0,0,0,0,0
1989-11-05 02:00:00,6.5429,6.5429,0,0,0,0,0,0
1989-11-05 03:00:00,6.6432,6.6432,0,0,0,0,0,0
1989-11-05 04:00:00,5.783,5.783,0,0,0,0,0,0
1989-11-05 05:00:00,4.7243,4.7243,0,0,0,0,0,0
1989-11-05 06:00:00,3.9544,3.9544,0,0,0,0,0,0
1989-11-05 07:00:00,3.9126,3.9126,0,0,0,0,0,0
1989-11-05 08:00:00,3.5544,3.5544,0,0,0,0,0,0
1989-11-05 09:00:00,2.6777,2.6777,0,0,0,0,0,0
1989-11-05 10:00:00,1.7316,1.7316,0,0,0,0,0,0
1989-11-05 11:00:00,2.1079,2.1079,0,0,0,0,0,0
1989-11-05 12:00:00,2.4803,2.4803,0,0,0,0,0,0
1989-11-05 13:00:00,2.2634,2.2634,0,0,0,0,0,0
1989-11-05 14:00:00,2.2368,2.2368,0,0,0,0,0,0
1989-11-05 15:00:00,2.3257,2.3257,0,0,0,0,0,0
1989-11-05 16:00:00,2.9372,2.9372,0,0,0,0,0,0
1989-11-05 17:00:00,3.5033,3.5033,0,0,0,0,0,0
1989-11-05 18:00:00,4.3124,4.3124,0,0,0,0,0,0
1989-11-05 19:00:00,5.3786,5.3786,0,0,0,0,0,0
1989-11-05 20:00:00,5.5716,5.5716,0,0,0,0,0,0
1989-11-05 21:00:00,6.4491,6.4491,0,0,0,0,0,0
1989-11-05 22:00:00,6.8073,6.8073,0,0,0,0,0,0
1989-11-05 23:00:00,7.2929,7.2929,0,0,0,0,0,0
1989-11-06 00:00:00,6.9907,6.9907,0,0,0,0,0,0
1989-11-06 01:00:00,7.2671,7.2671,0,0,0,0,0,0
1989-11-06 02:00:00,7.3782,7.3782,0,0,0,0,0,0
1989-11-06 03:00:00,8.5017,8.5017,0,0,0,0,0,0
1989-11-06 04:00:00,10.4887,10.4887,0,0,0,0,0,0
1989-11-06 05:00:00,12.3796,12.3796,0,0,0,0,0,0
1989-11-06 06:00:00,12.4433,12.4433,0,0,0,0,0,0
1989-11-06 07:00:00,13.0361,13.0361,0,0,0,0,0,0
1989-11-06 08:00:00,11.0285,11.0285,0,0,0,0,0,0
1989-11-06 09:00:00,10.8528,10.8528,0,0,0,0,0,0
1989-11-06 10:00:00,9.8337,9.8337,0,0,0,0,0,0
1989-11-06 11:00:00,9.4865,9.4865,0,0,0,0,0,0
1989-11-06 12:00:00,10.087,10.087,0,0,0,0,0,0
1989-11-06 13:00:00,10.3244,10.3244,0,0,0,0,0,0
1989-11-06 14:00:00,10.1735,10.1735,0,0,0,0,0,0
1989-11-06 15:00:00,10.1098,10.1098,0,0,0,0,0,0
1989-11-06 16:00:00,10.4155,10.4155,0,0,0,0,0,0
1989-11-06 17:00:00,10.8993,10.8993,0,0,0,0,0,0
1989-11-06 18:00:00,12.3697,12.3697,0,0,0,0,0,0
1989-11-06 19:00:00,13.3794,13.3794,0,0,0,0,0,0
1989-11-06 20:00:00,12.8225,12.8225,0,0,0,0,0,0
1989-11-06 21:00:00,12.1831,12.1831,0,0,0,0,0,0
1989-11-06 22:00:00,11.1135,11.1135,0,0,0,0,0,0
1989-11-06 23:00:00,12.6177,12.6177,0,0,0,0,0,0
1989-11-07 00:00:00,13.9363,13.9363,0,0,0,0,0,0
1989-11-07 01:00:00,13.3515,13.3515,0,0,0,0,0,0
1989-11-07 02:00:00,13.4733,13.4733,0,0,0,0,0,0
1989-11-07 03:00:00,14.8615,14.8615,0,0,0,0,0,0
1989-11-07 04:00:00,14.9294,14.9294,0,0,0,0,0,0
1989-11-07 05:00:00,14.5507,14.5507,0,0,0,0,0,0
1989-11-07 06:00:00,13.6478,13.6478,0,0,0,0,0,0
1989-11-07 07:00:00,13.3944,13.3944,0,0,0,0,0,0
1989-11-07 08:00:00,13.4605,13.4605,0,0,0,0,0,0
1989-11-07 09:00:00,13.2396,13.2396,0,0,0,0,0,0
1989-11-07 10:00:00,13.3436,13.3436,0,0,0,0,0,0
1989-11-07 11:00:00,13.515,13.515,0,0,0,0,0,0
1989-11-07 12:00:00,13.0417,13.0417,0,0,0,0,0,0
1989-11-07 13:00:00,12.9122,12.9122,0,0,0,0,0,0
1989-11-07 14:00:00,13.1058,13.1058,0,0,0,0,0,0
1989-11-07 15:00:00,13.2316,13.2316,0,0,0,0,0,0
1989-11-07 16:00:00,13.3592,13.3592,0,0,0,0,0,0
1989-11-07 17:00:00,13.4152,13.4152,0,0,0,0,0,0
1989-11-07 18:00:00,13.4343,13.4343,0,0,0,0,0,0
1989-11-07 19:00:00,13.397,13.397,0,0,0,0,0,0
1989-11-07 20:00:00,12.9029,12.9029,0,0,0,0,0,0
1989-11-07 21:00:00,12.0896,12.0896,0,0,0,0,0,0
1989-11-07 22:00:00,11.1865,11.1865,0,0,0,0,0,0
1989-11-07 23:00:00,10.1652,10.1652,0,0,0,0,0,0
1989-11-08 00:00:00,9.6961,9.6961,0,0,0,0,0,0
1989-11-08 01:00:00,9.6008,9.6008,0,0,0,0,0,0
1989-11-08 02:00:00,9.4229,9.4229,0,0,0,0,0,0
1989-11-08 03:00:00,9.3971,9.3971,0,0,0,0,0,0
1989-11-08 04:00:00,9.0598,9.0598,0,0,0,0,0,0
1989-11-08 05:00:00,8.804,8.804,0,0,0,0,0,0
1989-11-08 06:00:00,8.5606,8.5606,0,0,0,0,0,0
1989-11-08 07:00:00,8.3449,8.3449,0,0,0,0,0,0
1989-11-08 08:00:00,8.156,8.156,0,0,0,0,0,0
1989-11-08 09:00:00,8.2473,8.2473,0,0,0,0,0,0
1989-11-08 10:00:00,7.7576,7.7576,0,0,0,0,0,0
1989-11-08 11:00:00,7.9301,7.9301,0,0,0,0,0,0
1989-11-08 12:00:00,8.1671,8.1671,0,0,0,0,0,0
1989-11-08 13:00:00,8.6591,8.6591,0,0,0,0,0,0
1989-11-08 14:00:00,8.8394,8.8394,0,0,0,0,0,0
1989-11-08 15:00:00,8.7122,8.7122,0,0,0,0,0,0
1989-11-08 16:00:00,8.1345,8.1345,0,0,0,0,0,0
1989-11-08 17:00:00,7.5851,7.5851,0,0,0,0,0,0
1989-11-08 18:00:00,7.0469,7.0469,0,0,0,0,0,0
1989-11-08 19:00:00,6.4865,6.4865,0,0,0,0,0,0
1989-11-08 20:00:00,5.9813,5.9813,0,0,0,0,0,0
1989-11-08 21:00:00,5.8367,5.8367,0,0,0,0,0,0
1989-11-08 22:00:00,5.5417,5.5417,0,0,0,0,0,0
1989-11-08 23:00:00,5.9131,5.9131,0,0,0,0,0,0
1989-11-09 00:00:00,6.248,6.248,0,0,0,0,0,0
1989-11-09 01:00:00,6.1962,6.1962,0,0,0,0,0,0
1989-11-09 02:00:00,5.8907,5.8907,0,0,0,0,0,0
1989-11-09 03:00:00,5.577,5.577,0,0,0,0,0,0
1989-11-09 04:00:00,5.2688,5.2688,0,0,0,0,0,0
1989-11-09 05:00:00,4.8804,4.8804,0,0,0,0,0,0
1989-11-09 06:00:00,4.446,4.446,0,0,0,0,0,0
1989-11-09 07:00:00,4.1316,4.1316,0,0,0,0,0,0
1989-11-09 08:00:00,3.7397,3.7397,0,0,0,0,0,0
1989-11-09 09:00:00,3.4812,3.4812,0,0,0,0,0,0
1989-11-09 10:00:00,3.2343,3.2343,0,0,0,0,0,0
1989-11-09 11:00:00,4.0155,4.0155,0,0,0,0,0,0
1989-11-09 12:00:00,4.9823,4.9823,0,0,0,0,0,0
1989-11-09 13:00:00,5.7578,5.7578,0,0,0,0,0,0
1989-11-09 14:00:00,6.2336,6.2336,0,0,0,0,0,0
1989-11-09 15:00:00,6.5331,6.5331,0,0,0,0,0,0
1989-11-09 16:00:00,6.8636,6.8636,0,0,0,0,0,0
1989-11-09 17:00:00,6.9472,6.9472,0,0,0,0,0,0
1989-11-09 18:00:00,6.6238,6.6238,0,0,0,0,0,0
1989-11-09 19:00:00,5.8893,5.8893,0,0,0,0,0,0
1989-11-09 20:00:00,4.9909,4.9909,0,0,0,0,0,0
1989-11-09 21:00:00,4.2037,4.2037,0,0,0,0,0,0
1989-11-09 22:00:00,3.9159,3.9159,0,0,0,0,0,0
1989-11-09 23:00:00,3.8048,3.8048,0,0,0,0,0,0
1989-11-10 00:00:00,3.7797,3.7797,0,0,0,0,0,0
1989-11-10 01:00:00,3.668,3.668,0,0,0,0,0,0
1989-11-10 02:00:00,3.5742,3.5742,0,0,0,0,0,0
1989-11-10 03:00:00,3.6233,3.6233,0,0,0,0,0,0
1989-11-10 04:00:00,3.6183,3.6183,0,0,0,0,0,0
1989-11-10 05:00:00,3.8224,3.8224,0,0,0,0,0,0
1989-11-10 06:00:00,3.9082,3.9082,0,0,0,0,0,0
1989-11-10 07:00:00,3.7847,3.7847,0,0,0,0,0,0
1989-11-10 08:00:00,3.2567,3.2567,0,0,0,0,0,0
1989-11-10 09:00:00,2.9481,2.9481,0,0,0,0,0,0
1989-11-10 10:00:00,2.6549,2.6549,0,0,0,0,0,0
1989-11-10 11:00:00,3.3667,3.3667,0,0,0,0,0,0
1989-11-10 12:00:00,4.3962,4.3962,0,0,0,0,0,0
1989-11-10 13:00:00,5.1354,5.1354,0,0,0,0,0,0
1989-11-10 14:00:00,5.5427,5.5427,0,0,0,0,0,0
1989-11-10 15:00:00,5.0747,5.0747,0,0,0,0,0,0
1989-11-10 16:00:00,4.5983,4.5983,0,0,0,0,0,0
1989-11-10 17:00:00,4.2923,4.2923,0,0,0,0,0,0
1989-11-10 18:00:00,3.8807,3.8807,0,0,0,0,0,0
1989-11-10 19:00:00,3.3638,3.3638,0,0,0,0,0,0
1989-11-10 20:00:00,2.8954,2.8954,0,0,0,0,0,0
1989-11-10 21:00:00,2.6934,2.6934,0,0,0,0,0,0
1989-11-10 22:00:00,2.2285,2.2285,0,0,0,0,0,0
1989-11-10 23:00:00,2.3398,2.3398,0,0,0,0,0,0
1989-11-11 00:00:00,2.8854,2.8854,0,0,0,0,0,0
1989-11-11 01:00:00,3.4177,3.4177,0,0,0,0,0,0
1989-11-11 02:00:00,3.7083,3.7083,0,0,0,0,0,0
1989-11-11 03:00:00,3.8918,3.8918,0,0,0,0,0,0
1989-11-11 04:00:00,3.8593,3.8593,0,0,0,0,0,0
1989-11-11 05:00:00,3.1036,3.1036,0,0,0,0,0,0
1989-11-11 06:00:00,2.6785,2.6785,0,0,0,0,0,0
1989-11-11 07:00:00,2.7823,2.7823,0,0,0,0,0,0
1989-11-11 08:00:00,2.7448,2.7448,0,0,0,0,0,0
1989-11-11 09:00:00,2.7821,2.7821,0,0,0,0,0,0
1989-11-11 10:00:00,2.8983,2.8983,0,0,0,0,0,0
1989-11-11 11:00:00,3.5405,3.5405,0,0,0,0,0,0
1989-11-11 12:00:00,4.2203,4.2203,0,0,0,0,0,0
1989-11-11 13:00:00,4.6633,4.6633,0,0,0,0,0,0
1989-11-11 14:00:00,5.1217,5.1217,0,0,0,0,0,0
1989-11-11 15:00:00,5.5858,5.5858,0,0,0,0,0,0
1989-11-11 16:00:00,5.9983,5.9983,0,0,0,0,0,0
1989-11-11 17:00:00,6.0936,6.0936,0,0,0,0,0,0
1989-11-11 18:00:00,5.7548,5.7548,0,0,0,0,0,0
1989-11-11 19:00:00,5.3067,5.3067,0,0,0,0,0,0
1989-11-11 20:00:00,4.9784,4.9784,0,0,0,0,0,0
1989-11-11 21:00:00,4.5999,4.5999,0,0,0,0,0,0
1989-11-11 22:00:00,4.7045,4.7045,0,0,0,0,0,0
1989-11-11 23:00:00,4.2978,4.2978,0,0,0,0,0,0
1989-11-12 00:00:00,3.7079,3.7079,0,0,0,0,0,0
1989-11-12 01:00:00,3.3642,3.3642,0,0,0,0,0,0
1989-11-12 02:00:00,3.1498,3.1498,0,0,0,0,0,0
1989-11-12 03:00:00,3.0853,3.0853,0,0,0,0,0,0
1989-11-12 04:00:00,3.177,3.177,0,0,0,0,0,0
1989-11-12 05:00:00,3.2317,3.2317,0,0,0,0,0,0
1989-11-12 06:00:00,3.4404,3.4404,0,0,0,0,0,0
1989-11-12 07:00:00,3.5581,3.5581,0,0,0,0,0,0
1989-11-12 08:00:00,3.5152,3.5152,0,0,0,0,0,0
1989-11-12 09:00:00,3.0301,3.0301,0,0,0,0,0,0
1989-11-12 10:00:00,3.1274,3.1274,0,0,0,0,0,0
1989-11-12 11:00:00,2.7837,2.7837,0,0,0,0,0,0
1989-11-12 12:00:00,2.0128,2.0128,0,0,0,0,0,0
1989-11-12 13:00:00,1.6287,1.6287,0,0,0,0,0,0
1989-11-12 14:00:00,2.0971,2.0971,0,0,0,0,0,0
1989-11-12 15:00:00,2.8212,2.8212,0,0,0,0,0,0
1989-11-12 16:00:00,3.4884,3.4884,0,0,0,0,0,0
1989-11-12 17:00:00,4.2356,4.2356,0,0,0,0,0,0
1989-11-12 18:00:00,4.818,4.818,0,0,0,0,0,0
1989-11-12 19:00:00,5.0442,5.0442,0,0,0,0,0,0
1989-11-12 20:00:00,5.0392,5.0392,0,0,0,0,0,0
1989-11-12 21:00:00,4.8008,4.8008,0,0,0,0,0,0
1989-11-12 22:00:00,5.0228,5.0228,0,0,0,0,0,0
1989-11-12 23:00:00,4.5503,4.5503,0,0,0,0,0,0
1989-11-13 00:00:00,4.3197,4.3197,0,0,0,0,0,0
1989-11-13 01:00:00,4.1134,4.1134,0,0,0,0,0,0
1989-11-13 02:00:00,3.8163,3.8163,0,0,0,0,0,0
1989-11-13 03:00:00,3.4773,3.4773,0,0,0,0,0,0
1989-11-13 04:00:00,3.1966,3.1966,0,0,0,0,0,0
1989-11-13 05:00:00,3.1606,3.1606,0,0,0,0,0,0
1989-11-13 06:00:00,3.1518,3.1518,0,0,0,0,0,0
1989-11-13 07:00:00,3.1624,3.1624,0,0,0,0,0,0
1989-11-13 08:00:00,3.0644,3.0644,0,0,0,0,0,0
1989-11-13 09:00:00,2.42,2.42,0,0,0,0,0,0
1989-11-13 10:00:00,1.3765,1.3765,0,0,0,0,0,0
1989-11-13 11:00:00,0.267,0.267,0,0,0,0,0,0
1989-11-13 12:00:00,0.965,0.965,0,0,0,0,0,0
1989-11-13 13:00:00,1.5451,1.5451,0,0,0,0,0,0
1989-11-13 14:00:00,2.0205,2.0205,0,0,0,0,0,0
1989-11-13 15:00:00,2.5336,2.5336,0,0,0,0,0,0
1989-11-13 16:00:00,3.0092,3.0092,0,0,0,0,0,0
1989-11-13 17:00:00,3.3924,3.3924,0,0,0,0,0,0
1989-11-13 18:00:00,3.2891,3.2891,0,0,0,0,0,0
1989-11-13 19:00:00,3.0491,3.0491,0,0,0,0,0,0
1989-11-13 20:00:00,2.9862,2.9862,0,0,0,0,0,0
1989-11-13 21:00:00,3.1468,3.1468,0,0,0,0,0,0
1989-11-13 22:00:00,2.0298,2.0298,0,0,0,0,0,0
1989-11-13 23:00:00,1.8562,1.8562,0,0,0,0,0,0
1989-11-14 00:00:00,2.1357,2.1357,0,0,0,0,0,0
1989-11-14 01:00:00,2.6616,2.6616,0,0,0,0,0,0
1989-11-14 02:00:00,3.0274,3.0274,0,0,0,0,0,0
1989-11-14 03:00:00,3.2657,3.2657,0,0,0,0,0,0
1989-11-14 04:00:00,3.4613,3.4613,0,0,0,0,0,0
1989-11-14 05:00:00,3.6121,3.6121,0,0,0,0,0,0
1989-11-14 06:00:00,3.488,3.488,0,0,0,0,0,0
1989-11-14 07:00:00,3.2936,3.2936,0,0,0,0,0,0
1989-11-14 08:00:00,3.2138,3.2138,0,0,0,0,0,0
1989-11-14 09:00:00,2.9165,2.9165,0,0,0,0,0,0
1989-11-14 10:00:00,3.3127,3.3127,0,0,0,0,0,0
1989-11-14 11:00:00,3.1595,3.1595,0,0,0,0,0,0
1989-11-14 12:00:00,3.071,3.071,0,0,0,0,0,0
1989-11-14 13:00:00,3.4337,3.4337,0,0,0,0,0,0
1989-11-14 14:00:00,4.2215,4.2215,0,0,0,0,0,0
1989-11-14 15:00:00,5.027,5.027,0,0,0,0,0,0
1989-11-14 16:00:00,5.6777,5.6777,0,0,0,0,0,0
1989-11-14 17:00:00,6.2701,6.2701,0,0,0,0,0,0
1989-11-14 18:00:00,6.1594,6.1594,0,0,0,0,0,0
1989-11-14 19:00:00,5.6194,5.6194,0,0,0,0,0,0
1989-11-14 20:00:00,5.3963,5.3963,0,0,0,0,0,0
1989-11-14 21:00:00,5.1819,5.1819,0,0,0,0,0,0
1989-11-14 22:00:00,4.8457,4.8457,0,0,0,0,0,0
1989-11-14 23:00:00,4.7904,4.7904,0,0,0,0,0,0
1989-11-15 00:00:00,4.5695,4.5695,0,0,0,0,0,0
1989-11-15 01:00:00,4.7472,4.7472,0,0,0,0,0,0
1989-11-15 02:00:00,4.8951,4.8951,0,0,0,0,0,0
1989-11-15 03:00:00,4.9579,4.9579,0,0,0,0,0,0
1989-11-15 04:00:00,4.7027,4.7027,0,0,0,0,0,0
1989-11-15 05:00:00,3.7816,3.7816,0,0,0,0,0,0
1989-11-15 06:00:00,3.0844,3.0844,0,0,0,0,0,0
1989-11-15 07:00:00,3.2492,3.2492,0,0,0,0,0,0
1989-11-15 08:00:00,3.916,3.916,0,0,0,0,0,0
1989-11-15 09:00:00,3.996,3.996,0,0,0,0,0,0
1989-11-15 10:00:00,3.4901,3.4901,0,0,0,0,0,0
1989-11-15 11:00:00,2.6313,2.6313,0,0,0,0,0,0
1989-11-15 12:00:00,1.9935,1.9935,0,0,0,0,0,0
1989-11-15 13:00:00,1.9956,1.9956,0,0,0,0,0,0
1989-11-15 14:00:00,1.9585,1.9585,0,0,0,0,0,0
1989-11-15 15:00:00,2.1164,2.1164,0,0,0,0,0,0
1989-11-15 16:00:00,2.477,2.477,0,0,0,0,0,0
1989-11-15 17:00:00,2.7529,2.7529,0,0,0,0,0,0
1989-11-15 18:00:00,3.2523,3.2523,0,0,0,0,0,0
1989-11-15 19:00:00,3.5466,3.5466,0,0,0,0,0,0
1989-11-15 20:00:00,3.8269,3.8269,0,0,0,0,0,0
1989-11-15 21:00:00,3.8401,3.8401,0,0,0,0,0,0
1989-11-15 22:00:00,3.5618,3.5618,0,0,0,0,0,0
1989-11-15 23:00:00,3.5602,3.5602,0,0,0,0,0,0
1989-11-16 00:00:00,3.7833,3.7833,0,0,0,0,0,0
1989-11-16 01:00:00,3.6057,3.6057,0,0,0,0,0,0
1989-11-16 02:00:00,3.7036,3.7036,0,0,0,0,0,0
1989-11-16 03:00:00,3.8352,3.8352,0,0,0,0,0,0
1989-11-16 04:00:00,4.3829,4.3829,0,0,0,0,0,0
1989-11-16 05:00:00,4.5572,4.5572,0,0,0,0,0,0
1989-11-16 06:00:00,4.6967,4.6967,0,0,0,0,0,0
1989-11-16 07:00:00,5.1493,5.1493,0,0,0,0,0,0
1989-11-16 08:00:00,5.8327,5.8327,0,0,0,0,0,0
1989-11-16 09:00:00,5.9068,5.9068,0,0,0,0,0,0
1989-11-16 10:00:00,5.6669,5.6669,0,0,0,0,0,0
1989-11-16 11:00:00,6.1249,6.1249,0,0,0,0,0,0
1989-11-16 12:00:00,6.0681,6.0681,0,0,0,0,0,0
1989-11-16 13:00:00,5.8723,5.8723,0,0,0,0,0,0
1989-11-16 14:00:00,5.7541,5.7541,0,0,0,0,0,0
1989-11-16 15:00:00,5.8274,5.8274,0,0,0,0,0,0
1989-11-16 16:00:00,6.0872,6.0872,0,0,0,0,0,0
1989-11-16 17:00:00,5.9991,5.9991,0,0,0,0,0,0
1989-11-16 18:00:00,5.4603,5.4603,0,0,0,0,0,0
1989-11-16 19:00:00,5.5222,5.5222,0,0,0,0,0,0
1989-11-16 20:00:00,5.4995,5.4995,0,0,0,0,0,0
1989-11-16 21:00:00,5.2194,5.2194,0,0,0,0,0,0
1989-11-16 22:00:00,4.3454,4.3454,0,0,0,0,0,0
1989-11-16 23:00:00,4.2715,4.2715,0,0,0,0,0,0
1989-11-17 00:00:00,4.1841,4.1841,0,0,0,0,0,0
1989-11-17 01:00:00,4.3982,4.3982,0,0,0,0,0,0
1989-11-17 02:00:00,4.732,4.732,0,0,0,0,0,0
1989-11-17 03:00:00,5.5205,5.5205,0,0,0,0,0,0
1989-11-17 04:00:00,6.4857,6.4857,0,0,0,0,0,0
1989-11-17 05:00:00,7.0791,7.0791,0,0,0,0,0,0
1989-11-17 06:00:00,7.5502,7.5502,0,0,0,0,0,0
1989-11-17 07:00:00,7.9153,7.9153,0,0,0,0,0,0
1989-11-17 08:00:00,7.9244,7.9244,0,0,0,0,0,0
1989-11-17 09:00:00,8.3713,8.3713,0,0,0,0,0,0
1989-11-17 10:00:00,7.8327,7.8327,0,0,0,0,0,0
1989-11-17 11:00:00,8.3306,8.3306,0,0,0,0,0,0
1989-11-17 12:00:00,9.0808,9.0808,0,0,0,0,0,0
1989-11-17 13:00:00,10.2686,10.2686,0,0,0,0,0,0
1989-11-17 14:00:00,11.1069,11.1069,0,0,0,0,0,0
1989-11-17 15:00:00,12.5676,12.5676,0,0,0,0,0,0
1989-11-17 16:00:00,14.4055,14.4055,0,0,0,0,0,0
1989-11-17 17:00:00,14.6208,14.6208,0,0,0,0,0,0
1989-11-17 18:00:00,13.838,13.838,0,0,0,0,0,0
1989-11-17 19:00:00,13.2151,13.2151,0,0,0,0,0,0
1989-11-17 20:00:00,13.1792,13.1792,0,0,0,0,0,0
1989-11-17 21:00:00,13.5398,13.5398,0,0,0,0,0,0
1989-11-17 22:00:00,13.8207,13.8207,0,0,0,0,0,0
1989-11-17 23:00:00,14.5708,14.5708,0,0,0,0,0,0
1989-11-18 00:00:00,15.0385,15.0385,0,0,0,0,0,0
1989-11-18 01:00:00,15.4598,15.4598,0,0,0,0,0,0
1989-11-18 02:00:00,16.3204,16.3204,0,0,0,0,0,0
1989-11-18 03:00:00,17.3533,17.3533,0,0,0,0,0,0
1989-11-18 04:00:00,17.1187,17.1187,0,0,0,0,0,0
1989-11-18 05:00:00,16.6354,16.6354,0,0,0,0,0,0
1989-11-18 06:00:00,16.5216,16.5216,0,0,0,0,0,0
1989-11-18 07:00:00,16.7621,16.7621,0,0,0,0,0,0
1989-11-18 08:00:00,16.8896,16.8896,0,0,0,0,0,0
1989-11-18 09:00:00,16.7015,16.7015,0,0,0,0,0,0
1989-11-18 10:00:00,16.2014,16.2014,0,0,0,0,0,0
1989-11-18 11:00:00,14.5766,14.5766,0,0,0,0,0,0
1989-11-18 12:00:00,14.2312,14.2312,0,0,0,0,0,0
1989-11-18 13:00:00,14.3586,14.3586,0,0,0,0,0,0
1989-11-18 14:00:00,13.6187,13.6187,0,0,0,0,0,0
1989-11-18 15:00:00,13.3733,13.3733,0,0,0,0,0,0
1989-11-18 16:00:00,13.3547,13.3547,0,0,0,0,0,0
1989-11-18 17:00:00,13.0811,13.0811,0,0,0,0,0,0
1989-11-18 18:00:00,12.1757,12.1757,0,0,0,0,0,0
1989-11-18 19:00:00,11.4829,11.4829,0,0,0,0,0,0
1989-11-18 20:00:00,11.6533,11.6533,0,0,0,0,0,0
1989-11-18 21:00:00,12.2618,12.2618,0,0,0,0,0,0
1989-11-18 22:00:00,12.1933,12.1933,0,0,0,0,0,0
1989-11-18 23:00:00,11.931,11.931,0,0,0,0,0,0
1989-11-19 00:00:00,12.0263,12.0263,0,0,0,0,0,0
1989-11-19 01:00:00,12.1292,12.1292,0,0,0,0,0,0
1989-11-19 02:00:00,12.3428,12.3428,0,0,0,0,0,0
1989-11-19 03:00:00,12.2679,12.2679,0,0,0,0,0,0
1989-11-19 04:00:00,12.0501,12.0501,0,0,0,0,0,0
1989-11-19 05:00:00,12.867,12.867,0,0,0,0,0,0
1989-11-19 06:00:00,12.3895,12.3895,0,0,0,0,0,0
1989-11-19 07:00:00,10.1164,10.1164,0,0,0,0,0,0
1989-11-19 08:00:00,8.0606,8.0606,0,0,0,0,0,0
1989-11-19 09:00:00,7.7636,7.7636,0,0,0,0,0,0
1989-11-19 10:00:00,7.8551,7.8551,0,0,0,0,0,0
1989-11-19 11:00:00,10.1363,10.1363,0,0,0,0,0,0
1989-11-19 12:00:00,10.8929,10.8929,0,0,0,0,0,0
1989-11-19 13:00:00,11.1287,11.1287,0,0,0,0,0,0
1989-11-19 14:00:00,10.3787,10.3787,0,0,0,0,0,0
1989-11-19 15:00:00,9.0511,9.0511,0,0,0,0,0,0
1989-11-19 16:00:00,8.1775,8.1775,0,0,0,0,0,0
1989-11-19 17:00:00,7.8596,7.8596,0,0,0,0,0,0
1989-11-19 18:00:00,6.9994,6.9994,0,0,0,0,0,0
1989-11-19 19:00:00,6.1935,6.1935,0,0,0,0,0,0
1989-11-19 20:00:00,5.3982,5.3982,0,0,0,0,0,0
1989-11-19 21:00:00,4.8,4.8,0,0,0,0,0,0
1989-11-19 22:00:00,5.0979,5.0979,0,0,0,0,0,0
1989-11-19 23:00:00,4.6853,4.6853,0,0,0,0,0,0
1989-11-20 00:00:00,4.1739,4.1739,0,0,0,0,0,0
1989-11-20 01:00:00,3.818,3.818,0,0,0,0,0,0
1989-11-20 02:00:00,3.823,3.823,0,0,0,0,0,0
1989-11-20 03:00:00,4.0718,4.0718,0,0,0,0,0,0
1989-11-20 04:00:00,4.2216,4.2216,0,0,0,0,0,0
1989-11-20 05:00:00,4.3141,4.3141,0,0,0,0,0,0
1989-11-20 06:00:00,4.1529,4.1529,0,0,0,0,0,0
1989-11-20 07:00:00,3.6449,3.6449,0,0,0,0,0,0
1989-11-20 08:00:00,3.2808,3.2808,0,0,0,0,0,0
1989-11-20 09:00:00,2.5815,2.5815,0,0,0,0,0,0
1989-11-20 10:00:00,2.2276,2.2276,0,0,0,0,0,0
1989-11-20 11:00:00,1.4499,1.4499,0,0,0,0,0,0
1989-11-20 12:00:00,1.1739,1.1739,0,0,0,0,0,0
1989-11-20 13:00:00,2.1007,2.1007,0,0,0,0,0,0
1989-11-20 14:00:00,2.5555,2.5555,0,0,0,0,0,0
1989-11-20 15:00:00,2.5714,2.5714,0,0,0,0,0,0
1989-11-20 16:00:00,2.3512,2.3512,0,0,0,0,0,0
1989-11-20 17:00:00,2.0039,2.0039,0,0,0,0,0,0
1989-11-20 18:00:00,1.5539,1.5539,0,0,0,0,0,0
1989-11-20 19:00:00,1.0878,1.0878,0,0,0,0,0,0
1989-11-20 20:00:00,1.1887,1.1887,0,0,0,0,0,0
1989-11-20 21:00:00,1.4936,1.4936,0,0,0,0,0,0
1989-11-20 22:00:00,1.7829,1.7829,0,0,0,0,0,0
1989-11-20 23:00:00,2.1883,2.1883,0,0,0,0,0,0
1989-11-21 00:00:00,2.6124,2.6124,0,0,0,0,0,0
1989-11-21 01:00:00,2.7343,2.7343,0,0,0,0,0,0
1989-11-21 02:00:00,2.6419,2.6419,0,0,0,0,0,0
1989-11-21 03:00:00,2.6789,2.6789,0,0,0,0,0,0
1989-11-21 04:00:00,2.8443,2.8443,0,0,0,0,0,0
1989-11-21 05:00:00,3.0654,3.0654,0,0,0,0,0,0
1989-11-21 06:00:00,3.5042,3.5042,0,0,0,0,0,0
1989-11-21 07:00:00,4.0877,4.0877,0,0,0,0,0,0
1989-11-21 08:00:00,4.4759,4.4759,0,0,0,0,0,0
1989-11-21 09:00:00,4.8911,4.8911,0,0,0,0,0,0
1989-11-21 10:00:00,5.3032,5.3032,0,0,0,0,0,0
1989-11-21 11:00:00,5.2717,5.2717,0,0,0,0,0,0
1989-11-21 12:00:00,5.4054,5.4054,0,0,0,0,0,0
1989-11-21 13:00:00,5.8068,5.8068,0,0,0,0,0,0
1989-11-21 14:00:00,6.3486,6.3486,0,0,0,0,0,0
1989-11-21 15:00:00,6.5447,6.5447,0,0,0,0,0,0
1989-11-21 16:00:00,7.0713,7.0713,0,0,0,0,0,0
1989-11-21 17:00:00,7.0833,7.0833,0,0,0,0,0,0
1989-11-21 18:00:00,7.1268,7.1268,0,0,0,0,0,0
1989-11-21 19:00:00,7.5023,7.5023,0,0,0,0,0,0
1989-11-21 20:00:00,7.4842,7.4842,0,0,0,0,0,0
1989-11-21 21:00:00,7.314,7.314,0,0,0,0,0,0
1989-11-21 22:00:00,7.2614,7.2614,0,0,0,0,0,0
1989-11-21 23:00:00,7.4725,7.4725,0,0,0,0,0,0
1989-11-22 00:00:00,7.8474,7.8474,0,0,0,0,0,0
1989-11-22 01:00:00,8.3391,8.3391,0,0,0,0,0,0
1989-11-22 02:00:00,8.7979,8.7979,0,0,0,0,0,0
1989-11-22 03:00:00,9.0859,9.0859,0,0,0,0,0,0
1989-11-22 04:00:00,9.2827,9.2827,0,0,0,0,0,0
1989-11-22 05:00:00,9.3143,9.3143,0,0,0,0,0,0
1989-11-22 06:00:00,9.2304,9.2304,0,0,0,0,0,0
1989-11-22 07:00:00,9.085,9.085,0,0,0,0,0,0
1989-11-22 08:00:00,9.3693,9.3693,0,0,0,0,0,0
1989-11-22 09:00:00,9.8104,9.8104,0,0,0,0,0,0
1989-11-22 10:00:00,10.2466,10.2466,0,0,0,0,0,0
1989-11-22 11:00:00,10.4424,10.4424,0,0,0,0,0,0
1989-11-22 12:00:00,10.3828,10.3828,0,0,0,0,0,0
1989-11-22 13:00:00,10.1612,10.1612,0,0,0,0,0,0
1989-11-22 14:00:00,9.8109,9.8109,0,0,0,0,0,0
1989-11-22 15:00:00,9.7331,9.7331,0,0,0,0,0,0
1989-11-22 16:00:00,9.303,9.303,0,0,0,0,0,0
1989-11-22 17:00:00,8.3777,8.3777,0,0,0,0,0,0
1989-11-22 18:00:00,7.3125,7.3125,0,0,0,0,0,0
1989-11-22 19:00:00,6.4793,6.4793,0,0,0,0,0,0
1989-11-22 20:00:00,5.767,5.767,0,0,0,0,0,0
1989-11-22 21:00:00,4.8938,4.8938,0,0,0,0,0,0
1989-11-22 22:00:00,3.7141,3.7141,0,0,0,0,0,0
1989-11-22 23:00:00,2.7239,2.7239,0,0,0,0,0,0
1989-11-23 00:00:00,0.6083,0.6083,0,0,0,0,0,0
1989-11-23 01:00:00,1.5445,1.5445,0,0,0,0,0,0
1989-11-23 02:00:00,1.9225,1.9225,0,0,0,0,0,0
1989-11-23 03:00:00,1.4037,1.4037,0,0,0,0,0,0
1989-11-23 04:00:00,1.8489,1.8489,0,0,0,0,0,0
1989-11-23 05:00:00,1.3776,1.3776,0,0,0,0,0,0
1989-11-23 06:00:00,1.9641,1.9641,0,0,0,0,0,0
1989-11-23 07:00:00,3.4919,3.4919,0,0,0,0,0,0
1989-11-23 08:00:00,4.52,4.52,0,0,0,0,0,0
1989-11-23 09:00:00,4.6001,4.6001,0,0,0,0,0,0
1989-11-23 10:00:00,4.9983,4.9983,0,0,0,0,0,0
1989-11-23 11:00:00,5.8941,5.8941,0,0,0,0,0,0
1989-11-23 12:00:00,6.054,6.054,0,0,0,0,0,0
1989-11-23 13:00:00,5.4643,5.4643,0,0,0,0,0,0
1989-11-23 14:00:00,4.6682,4.6682,0,0,0,0,0,0
1989-11-23 15:00:00,4.6328,4.6328,0,0,0,0,0,0
1989-11-23 16:00:00,4.6258,4.6258,0,0,0,0,0,0
1989-11-23 17:00:00,4.8745,4.8745,0,0,0,0,0,0
1989-11-23 18:00:00,5.3836,5.3836,0,0,0,0,0,0
1989-11-23 19:00:00,5.0489,5.0489,0,0,0,0,0,0
1989-11-23 20:00:00,4.0863,4.0863,0,0,0,0,0,0
1989-11-23 21:00:00,3.1829,3.1829,0,0,0,0,0,0
1989-11-23 22:00:00,2.1001,2.1001,0,0,0,0,0,0
1989-11-23 23:00:00,1.586,1.586,0,0,0,0,0,0
1989-11-24 00:00:00,2.9713,2.9713,0,0,0,0,0,0
1989-11-24 01:00:00,3.695,3.695,0,0,0,0,0,0
1989-11-24 02:00:00,3.0211,3.0211,0,0,0,0,0,0
1989-11-24 03:00:00,1.9604,1.9604,0,0,0,0,0,0
1989-11-24 04:00:00,2.6197,2.6197,0,0,0,0,0,0
1989-11-24 05:00:00,3.5105,3.5105,0,0,0,0,0,0
1989-11-24 06:00:00,4.5513,4.5513,0,0,0,0,0,0
1989-11-24 07:00:00,5.5753,5.5753,0,0,0,0,0,0
1989-11-24 08:00:00,6.7323,6.7323,0,0,0,0,0,0
1989-11-24 09:00:00,7.4685,7.4685,0,0,0,0,0,0
1989-11-24 10:00:00,8.2276,8.2276,0,0,0,0,0,0
1989-11-24 11:00:00,8.0455,8.0455,0,0,0,0,0,0
1989-11-24 12:00:00,7.9614,7.9614,0,0,0,0,0,0
1989-11-24 13:00:00,7.6437,7.6437,0,0,0,0,0,0
1989-11-24 14:00:00,7.2223,7.2223,0,0,0,0,0,0
1989-11-24 15:00:00,7.6183,7.6183,0,0,0,0,0,0
1989-11-24 16:00:00,8.0643,8.0643,0,0,0,0,0,0
1989-11-24 17:00:00,7.4939,7.4939,0,0,0,0,0,0
1989-11-24 18:00:00,6.507,6.507,0,0,0,0,0,0
1989-11-24 19:00:00,6.7747,6.7747,0,0,0,0,0,0
1989-11-24 20:00:00,9.4204,9.4204,0,0,0,0,0,0
1989-11-24 21:00:00,10.4949,10.4949,0,0,0,0,0,0
1989-11-24 22:00:00,11.0389,11.0389,0,0,0,0,0,0
1989-11-24 23:00:00,10.5455,10.5455,0,0,0,0,0,0
1989-11-25 00:00:00,10.4261,10.4261,0,0,0,0,0,0
1989-11-25 01:00:00,11.3352,11.3352,0,0,0,0,0,0
1989-11-25 02:00:00,12.3721,12.3721,0,0,0,0,0,0
1989-11-25 03:00:00,12.1144,12.1144,0,0,0,0,0,0
1989-11-25 04:00:00,12.0175,12.0175,0,0,0,0,0,0
1989-11-25 05:00:00,12.292,12.292,0,0,0,0,0,0
1989-11-25 06:00:00,12.3918,12.3918,0,0,0,0,0,0
1989-11-25 07:00:00,12.0444,12.0444,0,0,0,0,0,0
1989-11-25 08:00:00,11.9212,11.9212,0,0,0,0,0,0
1989-11-25 09:00:00,11.8877,11.8877,0,0,0,0,0,0
1989-11-25 10:00:00,11.779,11.779,0,0,0,0,0,0
1989-11-25 11:00:00,11.7775,11.7775,0,0,0,0,0,0
1989-11-25 12:00:00,11.7183,11.7183,0,0,0,0,0,0
1989-11-25 13:00:00,11.9887,11.9887,0,0,0,0,0,0
1989-11-25 14:00:00,11.3418,11.3418,0,0,0,0,0,0
1989-11-25 15:00:00,10.7814,10.7814,0,0,0,0,0,0
1989-11-25 16:00:00,10.389,10.389,0,0,0,0,0,0
1989-11-25 17:00:00,10.0075,10.0075,0,0,0,0,0,0
1989-11-25 18:00:00,9.7545,9.7545,0,0,0,0,0,0
1989-11-25 19:00:00,9.4388,9.4388,0,0,0,0,0,0
1989-11-25 20:00:00,9.3177,9.3177,0,0,0,0,0,0
1989-11-25 21:00:00,8.9239,8.9239,0,0,0,0,0,0
1989-11-25 22:00:00,8.4618,8.4618,0,0,0,0,0,0
1989-11-25 23:00:00,8.5048,8.5048,0,0,0,0,0,0
1989-11-26 00:00:00,9.3856,9.3856,0,0,0,0,0,0
1989-11-26 01:00:00,9.9863,9.9863,0,0,0,0,0,0
1989-11-26 02:00:00,9.5857,9.5857,0,0,0,0,0,0
1989-11-26 03:00:00,9.3376,9.3376,0,0,0,0,0,0
1989-11-26 04:00:00,8.8264,8.8264,0,0,0,0,0,0
1989-11-26 05:00:00,7.8874,7.8874,0,0,0,0,0,0
1989-11-26 06:00:00,6.8464,6.8464,0,0,0,0,0,0
1989-11-26 07:00:00,6.211,6.211,0,0,0,0,0,0
1989-11-26 08:00:00,5.593,5.593,0,0,0,0,0,0
1989-11-26 09:00:00,4.5445,4.5445,0,0,0,0,0,0
1989-11-26 10:00:00,3.1016,3.1016,0,0,0,0,0,0
1989-11-26 11:00:00,3.1088,3.1088,0,0,0,0,0,0
1989-11-26 12:00:00,3.3858,3.3858,0,0,0,0,0,0
1989-11-26 13:00:00,3.3338,3.3338,0,0,0,0,0,0
1989-11-26 14:00:00,2.9815,2.9815,0,0,0,0,0,0
1989-11-26 15:00:00,2.7577,2.7577,0,0,0,0,0,0
1989-11-26 16:00:00,2.4474,2.4474,0,0,0,0,0,0
1989-11-26 17:00:00,2.1187,2.1187,0,0,0,0,0,0
1989-11-26 18:00:00,2.2583,2.2583,0,0,0,0,0,0
1989-11-26 19:00:00,2.2636,2.2636,0,0,0,0,0,0
1989-11-26 20:00:00,1.3146,1.3146,0,0,0,0,0,0
1989-11-26 21:00:00,1.7561,1.7561,0,0,0,0,0,0
1989-11-26 22:00:00,2.9546,2.9546,0,0,0,0,0,0
1989-11-26 23:00:00,5.6171,5.6171,0,0,0,0,0,0
1989-11-27 00:00:00,6.8877,6.8877,0,0,0,0,0,0
1989-11-27 01:00:00,7.4419,7.4419,0,0,0,0,0,0
1989-11-27 02:00:00,8.9454,8.9454,0,0,0,0,0,0
1989-11-27 03:00:00,9.8977,9.8977,0,0,0,0,0,0
1989-11-27 04:00:00,10.6504,10.6504,0,0,0,0,0,0
1989-11-27 05:00:00,11.6745,11.6745,0,0,0,0,0,0
1989-11-27 06:00:00,12.5105,12.5105,0,0,0,0,0,0
1989-11-27 07:00:00,12.2828,12.2828,0,0,0,0,0,0
1989-11-27 08:00:00,11.5455,11.5455,0,0,0,0,0,0
1989-11-27 09:00:00,11.2437,11.2437,0,0,0,0,0,0
1989-11-27 10:00:00,9.3653,9.3653,0,0,0,0,0,0
1989-11-27 11:00:00,8.3904,8.3904,0,0,0,0,0,0
1989-11-27 12:00:00,7.6788,7.6788,0,0,0,0,0,0
1989-11-27 13:00:00,6.9193,6.9193,0,0,0,0,0,0
1989-11-27 14:00:00,6.047,6.047,0,0,0,0,0,0
1989-11-27 15:00:00,6.2273,6.2273,0,0,0,0,0,0
1989-11-27 16:00:00,6.7208,6.7208,0,0,0,0,0,0
1989-11-27 17:00:00,7.2011,7.2011,0,0,0,0,0,0
1989-11-27 18:00:00,7.7818,7.7818,0,0,0,0,0,0
1989-11-27 19:00:00,7.6926,7.6926,0,0,0,0,0,0
1989-11-27 20:00:00,7.1334,7.1334,0,0,0,0,0,0
1989-11-27 21:00:00,6.3794,6.3794,0,0,0,0,0,0
1989-11-27 22:00:00,6.3575,6.3575,0,0,0,0,0,0
1989-11-27 23:00:00,5.061,5.061,0,0,0,0,0,0
1989-11-28 00:00:00,3.9218,3.9218,0,0,0,0,0,0
1989-11-28 01:00:00,3.0523,3.0523,0,0,0,0,0,0
1989-11-28 02:00:00,1.9918,1.9918,0,0,0,0,0,0
1989-11-28 03:00:00,0.9575,0.9575,0,0,0,0,0,0
1989-11-28 04:00:00,1.5367,1.5367,0,0,0,0,0,0
1989-11-28 05:00:00,1.8524,1.8524,0,0,0,0,0,0
1989-11-28 06:00:00,2.3539,2.3539,0,0,0,0,0,0
1989-11-28 07:00:00,2.5465,2.5465,0,0,0,0,0,0
1989-11-28 08:00:00,2.206,2.206,0,0,0,0,0,0
1989-11-28 09:00:00,1.6056,1.6056,0,0,0,0,0,0
1989-11-28 10:00:00,1.7283,1.7283,0,0,0,0,0,0
1989-11-28 11:00:00,1.8272,1.8272,0,0,0,0,0,0
1989-11-28 12:00:00,2.3722,2.3722,0,0,0,0,0,0
1989-11-28 13:00:00,3.3478,3.3478,0,0,0,0,0,0
1989-11-28 14:00:00,4.2334,4.2334,0,0,0,0,0,0
1989-11-28 15:00:00,5.0283,5.0283,0,0,0,0,0,0
1989-11-28 16:00:00,5.6101,5.6101,0,0,0,0,0,0
1989-11-28 17:00:00,6.0247,6.0247,0,0,0,0,0,0
1989-11-28 18:00:00,6.0752,6.0752,0,0,0,0,0,0
1989-11-28 19:00:00,5.7879,5.7879,0,0,0,0,0,0
1989-11-28 20:00:00,5.5525,5.5525,0,0,0,0,0,0
1989-11-28 21:00:00,5.5992,5.5992,0,0,0,0,0,0
1989-11-28 22:00:00,5.4442,5.4442,0,0,0,0,0,0
1989-11-28 23:00:00,5.5694,5.5694,0,0,0,0,0,0
1989-11-29 00:00:00,5.4826,5.4826,0,0,0,0,0,0
1989-11-29 01:00:00,5.1764,5.1764,0,0,0,0,0,0
1989-11-29 02:00:00,4.9207,4.9207,0,0,0,0,0,0
1989-11-29 03:00:00,4.8949,4.8949,0,0,0,0,0,0
1989-11-29 04:00:00,4.8225,4.8225,0,0,0,0,0,0
1989-11-29 05:00:00,4.6291,4.6291,0,0,0,0,0,0
1989-11-29 06:00:00,4.2651,4.2651,0,0,0,0,0,0
1989-11-29 07:00:00,4.0482,4.0482,0,0,0,0,0,0
1989-11-29 08:00:00,4.1364,4.1364,0,0,0,0,0,0
1989-11-29 09:00:00,3.9404,3.9404,0,0,0,0,0,0
1989-11-29 10:00:00,4.2968,4.2968,0,0,0,0,0,0
1989-11-29 11:00:00,4.2079,4.2079,0,0,0,0,0,0
1989-11-29 12:00:00,4.0108,4.0108,0,0,0,0,0,0
1989-11-29 13:00:00,3.9226,3.9226,0,0,0,0,0,0
1989-11-29 14:00:00,3.7241,3.7241,0,0,0,0,0,0
1989-11-29 15:00:00,3.6455,3.6455,0,0,0,0,0,0
1989-11-29 16:00:00,3.7349,3.7349,0,0,0,0,0,0
1989-11-29 17:00:00,4.0121,4.0121,0,0,0,0,0,0
1989-11-29 18:00:00,4.5238,4.5238,0,0,0,0,0,0
1989-11-29 19:00:00,5.4695,5.4695,0,0,0,0,0,0
1989-11-29 20:00:00,6.6231,6.6231,0,0,0,0,0,0
1989-11-29 21:00:00,7.4354,7.4354,0,0,0,0,0,0
1989-11-29 22:00:00,8.5523,8.5523,0,0,0,0,0,0
1989-11-29 23:00:00,8.376,8.376,0,0,0,0,0,0
1989-11-30 00:00:00,8.1271,8.1271,0,0,0,0,0,0
1989-11-30 01:00:00,8.3396,8.3396,0,0,0,0,0,0
1989-11-30 02:00:00,8.724,8.724,0,0,0,0,0,0
1989-11-30 03:00:00,8.9801,8.9801,0,0,0,0,0,0
1989-11-30 04:00:00,9.0539,9.0539,0,0,0,0,0,0
1989-11-30 05:00:00,9.1119,9.1119,0,0,0,0,0,0
1989-11-30 06:00:00,9.2797,9.2797,0,0,0,0,0,0
1989-11-30 07:00:00,9.3924,9.3924,0,0,0,0,0,0
1989-11-30 08:00:00,9.4447,9.4447,0,0,0,0,0,0
1989-11-30 09:00:00,9.4999,9.4999,0,0,0,0,0,0
1989-11-30 10:00:00,10.7704,10.7704,0,0,0,0,0,0
1989-11-30 11:00:00,10.4438,10.4438,0,0,0,0,0,0
1989-11-30 12:00:00,9.9353,9.9353,0,0,0,0,0,0
1989-11-30 13:00:00,9.7315,9.7315,0,0,0,0,0,0
1989-11-30 14:00:00,9.4757,9.4757,0,0,0,0,0,0
1989-11-30 15:00:00,9.7279,9.7279,0,0,0,0,0,0
1989-11-30 16:00:00,10.052,10.052,0,0,0,0,0,0
1989-11-30 17:00:00,10.5422,10.5422,0,0,0,0,0,0
1989-11-30 18:00:00,10.9081,10.9081,0,0,0,0,0,0
1989-11-30 19:00:00,11.1015,11.1015,0,0,0,0,0,0
1989-11-30 20:00:00,10.8549,10.8549,0,0,0,0,0,0
1989-11-30 21:00:00,10.5714,10.5714,0,0,0,0,0,0
1989-11-30 22:00:00,10.4452,10.4452,0,0,0,0,0,0
1989-11-30 23:00:00,10.5987,10.5987,0,0,0,0,0,0
1989-12-01 00:00:00,11.0963,11.0963,0,0,0,0,0,0
1989-12-01 01:00:00,11.7106,11.7106,0,0,0,0,0,0
1989-12-01 02:00:00,12.0593,12.0593,0,0,0,0,0,0
1989-12-01 03:00:00,11.7982,11.7982,0,0,0,0,0,0
1989-12-01 04:00:00,11.5935,11.5935,0,0,0,0,0,0
1989-12-01 05:00:00,11.3693,11.3693,0,0,0,0,0,0
1989-12-01 06:00:00,11.1841,11.1841,0,0,0,0,0,0
1989-12-01 07:00:00,11.2063,11.2063,0,0,0,0,0,0
1989-12-01 08:00:00,11.2876,11.2876,0,0,0,0,0,0
1989-12-01 09:00:00,11.5902,11.5902,0,0,0,0,0,0
1989-12-01 10:00:00,10.9623,10.9623,0,0,0,0,0,0
1989-12-01 11:00:00,11.3475,11.3475,0,0,0,0,0,0
1989-12-01 12:00:00,11.3026,11.3026,0,0,0,0,0,0
1989-12-01 13:00:00,11.7351,11.7351,0,0,0,0,0,0
1989-12-01 14:00:00,12.1653,12.1653,0,0,0,0,0,0
1989-12-01 15:00:00,12.733,12.733,0,0,0,0,0,0
1989-12-01 16:00:00,13.2444,13.2444,0,0,0,0,0,0
1989-12-01 17:00:00,13.3704,13.3704,0,0,0,0,0,0
1989-12-01 18:00:00,13.1104,13.1104,0,0,0,0,0,0
1989-12-01 19:00:00,12.7444,12.7444,0,0,0,0,0,0
1989-12-01 20:00:00,12.2673,12.2673,0,0,0,0,0,0
1989-12-01 21:00:00,11.8208,11.8208,0,0,0,0,0,0
1989-12-01 22:00:00,11.3825,11.3825,0,0,0,0,0,0
1989-12-01 23:00:00,11.4713,11.4713,0,0,0,0,0,0
1989-12-02 00:00:00,11.234,11.234,0,0,0,0,0,0
1989-12-02 01:00:00,10.9592,10.9592,0,0,0,0,0,0
1989-12-02 02:00:00,10.6802,10.6802,0,0,0,0,0,0
1989-12-02 03:00:00,10.3301,10.3301,0,0,0,0,0,0
1989-12-02 04:00:00,10.1319,10.1319,0,0,0,0,0,0
1989-12-02 05:00:00,10.481,10.481,0,0,0,0,0,0
1989-12-02 06:00:00,11.673,11.673,0,0,0,0,0,0
1989-12-02 07:00:00,13.1269,13.1269,0,0,0,0,0,0
1989-12-02 08:00:00,14.0673,14.0673,0,0,0,0,0,0
1989-12-02 09:00:00,14.5401,14.5401,0,0,0,0,0,0
1989-12-02 10:00:00,15.3807,15.3807,0,0,0,0,0,0
1989-12-02 11:00:00,15.7732,15.7732,0,0,0,0,0,0
1989-12-02 12:00:00,15.921,15.921,0,0,0,0,0,0
1989-12-02 13:00:00,14.9942,14.9942,0,0,0,0,0,0
1989-12-02 14:00:00,14.312,14.312,0,0,0,0,0,0
1989-12-02 15:00:00,14.3196,14.3196,0,0,0,0,0,0
1989-12-02 16:00:00,14.809,14.809,0,0,0,0,0,0
1989-12-02 17:00:00,14.9417,14.9417,0,0,0,0,0,0
1989-12-02 18:00:00,14.7237,14.7237,0,0,0,0,0,0
1989-12-02 19:00:00,14.4027,14.4027,0,0,0,0,0,0
1989-12-02 20:00:00,13.995,13.995,0,0,0,0,0,0
1989-12-02 21:00:00,13.9761,13.9761,0,0,0,0,0,0
1989-12-02 22:00:00,14.0202,14.0202,0,0,0,0,0,0
1989-12-02 23:00:00,14.9268,14.9268,0,0,0,0,0,0
1989-12-03 00:00:00,14.8331,14.8331,0,0,0,0,0,0
1989-12-03 01:00:00,14.7421,14.7421,0,0,0,0,0,0
1989-12-03 02:00:00,15.5137,15.5137,0,0,0,0,0,0
1989-12-03 03:00:00,16.4426,16.4426,0,0,0,0,0,0
1989-12-03 04:00:00,16.9542,16.9542,0,0,0,0,0,0
1989-12-03 05:00:00,17.1123,17.1123,0,0,0,0,0,0
1989-12-03 06:00:00,17.7024,17.7024,0,0,0,0,0,0
1989-12-03 07:00:00,18.2755,18.2755,0,0,0,0,0,0
1989-12-03 08:00:00,18.8426,18.8426,0,0,0,0,0,0
1989-12-03 09:00:00,18.3279,18.3279,0,0,0,0,0,0
1989-12-03 10:00:00,18.391,18.391,0,0,0,0,0,0
1989-12-03 11:00:00,18.4565,18.4565,0,0,0,0,0,0
1989-12-03 12:00:00,19.3143,19.3143,0,0,0,0,0,0
1989-12-03 13:00:00,19.3535,19.3535,0,0,0,0,0,0
1989-12-03 14:00:00,18.7669,18.7669,0,0,0,0,0,0
1989-12-03 15:00:00,18.4938,18.4938,0,0,0,0,0,0
1989-12-03 16:00:00,18.4506,18.4506,0,0,0,0,0,0
1989-12-03 17:00:00,18.3339,18.3339,0,0,0,0,0,0
1989-12-03 18:00:00,18.3925,18.3925,0,0,0,0,0,0
1989-12-03 19:00:00,18.3801,18.3801,0,0,0,0,0,0
1989-12-03 20:00:00,17.777,17.777,0,0,0,0,0,0
1989-12-03 21:00:00,16.5216,16.5216,0,0,0,0,0,0
1989-12-03 22:00:00,15.5982,15.5982,0,0,0,0,0,0
1989-12-03 23:00:00,14.8901,14.8901,0,0,0,0,0,0
1989-12-04 00:00:00,14.3712,14.3712,0,0,0,0,0,0
1989-12-04 01:00:00,13.7353,13.7353,0,0,0,0,0,0
1989-12-04 02:00:00,13.5607,13.5607,0,0,0,0,0,0
1989-12-04 03:00:00,13.8186,13.8186,0,0,0,0,0,0
1989-12-04 04:00:00,14.2431,14.2431,0,0,0,0,0,0
1989-12-04 05:00:00,14.3105,14.3105,0,0,0,0,0,0
1989-12-04 06:00:00,13.8687,13.8687,0,0,0,0,0,0
1989-12-04 07:00:00,14.0383,14.0383,0,0,0,0,0,0
1989-12-04 08:00:00,14.0371,14.0371,0,0,0,0,0,0
1989-12-04 09:00:00,13.9265,13.9265,0,0,0,0,0,0
1989-12-04 10:00:00,13.4247,13.4247,0,0,0,0,0,0
1989-12-04 11:00:00,14.1831,14.1831,0,0,0,0,0,0
1989-12-04 12:00:00,13.1923,13.1923,0,0,0,0,0,0
1989-12-04 13:00:00,12.5123,12.5123,0,0,0,0,0,0
1989-12-04 14:00:00,12.3835,12.3835,0,0,0,0,0,0
1989-12-04 15:00:00,12.5442,12.5442,0,0,0,0,0,0
1989-12-04 16:00:00,11.6699,11.6699,0,0,0,0,0,0
1989-12-04 17:00:00,10.9017,10.9017,0,0,0,0,0,0
1989-12-04 18:00:00,10.2716,10.2716,0,0,0,0,0,0
1989-12-04 19:00:00,9.6583,9.6583,0,0,0,0,0,0
1989-12-04 20:00:00,9.1565,9.1565,0,0,0,0,0,0
1989-12-04 21:00:00,8.5312,8.5312,0,0,0,0,0,0
1989-12-04 22:00:00,8.5033,8.5033,0,0,0,0,0,0
1989-12-04 23:00:00,8.1526,8.1526,0,0,0,0,0,0
1989-12-05 00:00:00,7.649,7.649,0,0,0,0,0,0
1989-12-05 01:00:00,7.2494,7.2494,0,0,0,0,0,0
1989-12-05 02:00:00,7.0819,7.0819,0,0,0,0,0,0
1989-12-05 03:00:00,7.0759,7.0759,0,0,0,0,0,0
1989-12-05 04:00:00,7.1226,7.1226,0,0,0,0,0,0
1989-12-05 05:00:00,7.26,7.26,0,0,0,0,0,0
1989-12-05 06:00:00,7.4666,7.4666,0,0,0,0,0,0
1989-12-05 07:00:00,7.316,7.316,0,0,0,0,0,0
1989-12-05 08:00:00,7.0389,7.0389,0,0,0,0,0,0
1989-12-05 09:00:00,6.8729,6.8729,0,0,0,0,0,0
1989-12-05 10:00:00,6.6548,6.6548,0,0,0,0,0,0
1989-12-05 11:00:00,7.34,7.34,0,0,0,0,0,0
1989-12-05 12:00:00,7.6686,7.6686,0,0,0,0,0,0
1989-12-05 13:00:00,7.664,7.664,0,0,0,0,0,0
1989-12-05 14:00:00,7.3935,7.3935,0,0,0,0,0,0
1989-12-05 15:00:00,6.736,6.736,0,0,0,0,0,0
1989-12-05 16:00:00,6.4031,6.4031,0,0,0,0,0,0
1989-12-05 17:00:00,6.2831,6.2831,0,0,0,0,0,0
1989-12-05 18:00:00,5.3892,5.3892,0,0,0,0,0,0
1989-12-05 19:00:00,4.8391,4.8391,0,0,0,0,0,0
1989-12-05 20:00:00,4.2764,4.2764,0,0,0,0,0,0
1989-12-05 21:00:00,3.5554,3.5554,0,0,0,0,0,0
1989-12-05 22:00:00,3.5128,3.5128,0,0,0,0,0,0
1989-12-05 23:00:00,2.159,2.159,0,0,0,0,0,0
1989-12-06 00:00:00,1.7337,1.7337,0,0,0,0,0,0
1989-12-06 01:00:00,1.9219,1.9219,0,0,0,0,0,0
1989-12-06 02:00:00,2.2965,2.2965,0,0,0,0,0,0
1989-12-06 03:00:00,2.669,2.669,0,0,0,0,0,0
1989-12-06 04:00:00,2.8992,2.8992,0,0,0,0,0,0
1989-12-06 05:00:00,3.0539,3.0539,0,0,0,0,0,0
1989-12-06 06:00:00,3.2604,3.2604,0,0,0,0,0,0
1989-12-06 07:00:00,3.467,3.467,0,0,0,0,0,0
1989-12-06 08:00:00,3.6546,3.6546,0,0,0,0,0,0
1989-12-06 09:00:00,3.9435,3.9435,0,0,0,0,0,0
1989-12-06 10:00:00,3.9302,3.9302,0,0,0,0,0,0
1989-12-06 11:00:00,4.4596,4.4596,0,0,0,0,0,0
1989-12-06 12:00:00,5.2563,5.2563,0,0,0,0,0,0
1989-12-06 13:00:00,5.5736,5.5736,0,0,0,0,0,0
1989-12-06 14:00:00,5.7475,5.7475,0,0,0,0,0,0
1989-12-06 15:00:00,6.4568,6.4568,0,0,0,0,0,0
1989-12-06 16:00:00,7.4081,7.4081,0,0,0,0,0,0
1989-12-06 17:00:00,8.1096,8.1096,0,0,0,0,0,0
1989-12-06 18:00:00,8.4573,8.4573,0,0,0,0,0,0
1989-12-06 19:00:00,8.9194,8.9194,0,0,0,0,0,0
1989-12-06 20:00:00,9.2917,9.2917,0,0,0,0,0,0
1989-12-06 21:00:00,9.2729,9.2729,0,0,0,0,0,0
1989-12-06 22:00:00,9.8037,9.8037,0,0,0,0,0,0
1989-12-06 23:00:00,9.3735,9.3735,0,0,0,0,0,0
1989-12-07 00:00:00,9.0593,9.0593,0,0,0,0,0,0
1989-12-07 01:00:00,8.7271,8.7271,0,0,0,0,0,0
1989-12-07 02:00:00,8.2375,8.2375,0,0,0,0,0,0
1989-12-07 03:00:00,7.8771,7.8771,0,0,0,0,0,0
1989-12-07 04:00:00,7.7363,7.7363,0,0,0,0,0,0
1989-12-07 05:00:00,7.7966,7.7966,0,0,0,0,0,0
1989-12-07 06:00:00,7.7669,7.7669,0,0,0,0,0,0
1989-12-07 07:00:00,6.8237,6.8237,0,0,0,0,0,0
1989-12-07 08:00:00,5.5088,5.5088,0,0,0,0,0,0
1989-12-07 09:00:00,4.8565,4.8565,0,0,0,0,0,0
1989-12-07 10:00:00,4.1778,4.1778,0,0,0,0,0,0
1989-12-07 11:00:00,5.7761,5.7761,0,0,0,0,0,0
1989-12-07 12:00:00,7.4809,7.4809,0,0,0,0,0,0
1989-12-07 13:00:00,6.8877,6.8877,0,0,0,0,0,0
1989-12-07 14:00:00,5.9866,5.9866,0,0,0,0,0,0
1989-12-07 15:00:00,5.234,5.234,0,0,0,0,0,0
1989-12-07 16:00:00,4.5275,4.5275,0,0,0,0,0,0
1989-12-07 17:00:00,3.6821,3.6821,0,0,0,0,0,0
1989-12-07 18:00:00,3.2579,3.2579,0,0,0,0,0,0
1989-12-07 19:00:00,3.7942,3.7942,0,0,0,0,0,0
1989-12-07 20:00:00,4.4408,4.4408,0,0,0,0,0,0
1989-12-07 21:00:00,4.9433,4.9433,0,0,0,0,0,0
1989-12-07 22:00:00,3.8358,3.8358,0,0,0,0,0,0
1989-12-07 23:00:00,4.2173,4.2173,0,0,0,0,0,0
1989-12-08 00:00:00,4.404,4.404,0,0,0,0,0,0
1989-12-08 01:00:00,4.8327,4.8327,0,0,0,0,0,0
1989-12-08 02:00:00,5.1459,5.1459,0,0,0,0,0,0
1989-12-08 03:00:00,4.9995,4.9995,0,0,0,0,0,0
1989-12-08 04:00:00,4.865,4.865,0,0,0,0,0,0
1989-12-08 05:00:00,4.6283,4.6283,0,0,0,0,0,0
1989-12-08 06:00:00,4.6265,4.6265,0,0,0,0,0,0
1989-12-08 07:00:00,5.3955,5.3955,0,0,0,0,0,0
1989-12-08 08:00:00,6.2554,6.2554,0,0,0,0,0,0
1989-12-08 09:00:00,6.3324,6.3324,0,0,0,0,0,0
1989-12-08 10:00:00,6.9488,6.9488,0,0,0,0,0,0
1989-12-08 11:00:00,7.3098,7.3098,0,0,0,0,0,0
1989-12-08 12:00:00,6.009,6.009,0,0,0,0,0,0
1989-12-08 13:00:00,5.3361,5.3361,0,0,0,0,0,0
1989-12-08 14:00:00,6.5182,6.5182,0,0,0,0,0,0
1989-12-08 15:00:00,7.9364,7.9364,0,0,0,0,0,0
1989-12-08 16:00:00,8.4111,8.4111,0,0,0,0,0,0
1989-12-08 17:00:00,8.3813,8.3813,0,0,0,0,0,0
1989-12-08 18:00:00,8.5495,8.5495,0,0,0,0,0,0
1989-12-08 19:00:00,8.9633,8.9633,0,0,0,0,0,0
1989-12-08 20:00:00,9.9983,9.9983,0,0,0,0,0,0
1989-12-08 21:00:00,10.2533,10.2533,0,0,0,0,0,0
1989-12-08 22:00:00,8.3132,8.3132,0,0,0,0,0,0
1989-12-08 23:00:00,6.1511,6.1511,0,0,0,0,0,0
1989-12-09 00:00:00,4.547,4.547,0,0,0,0,0,0
1989-12-09 01:00:00,3.0001,3.0001,0,0,0,0,0,0
1989-12-09 02:00:00,1.5239,1.5239,0,0,0,0,0,0
1989-12-09 03:00:00,2.1289,2.1289,0,0,0,0,0,0
1989-12-09 04:00:00,2.8559,2.8559,0,0,0,0,0,0
1989-12-09 05:00:00,5.0629,5.0629,0,0,0,0,0,0
1989-12-09 06:00:00,7.3379,7.3379,0,0,0,0,0,0
1989-12-09 07:00:00,8.2948,8.2948,0,0,0,0,0,0
1989-12-09 08:00:00,8.2042,8.2042,0,0,0,0,0,0
1989-12-09 09:00:00,8.4391,8.4391,0,0,0,0,0,0
1989-12-09 10:00:00,9.7332,9.7332,0,0,0,0,0,0
1989-12-09 11:00:00,10.8246,10.8246,0,0,0,0,0,0
1989-12-09 12:00:00,11.4902,11.4902,0,0,0,0,0,0
1989-12-09 13:00:00,12.0794,12.0794,0,0,0,0,0,0
1989-12-09 14:00:00,11.5895,11.5895,0,0,0,0,0,0
1989-12-09 15:00:00,11.1014,11.1014,0,0,0,0,0,0
1989-12-09 16:00:00,10.4204,10.4204,0,0,0,0,0,0
1989-12-09 17:00:00,9.7027,9.7027,0,0,0,0,0,0
1989-12-09 18:00:00,9.6116,9.6116,0,0,0,0,0,0
1989-12-09 19:00:00,9.7812,9.7812,0,0,0,0,0,0
1989-12-09 20:00:00,10.1268,10.1268,0,0,0,0,0,0
1989-12-09 21:00:00,10.5036,10.5036,0,0,0,0,0,0
1989-12-09 22:00:00,11.7781,11.7781,0,0,0,0,0,0
1989-12-09 23:00:00,11.6244,11.6244,0,0,0,0,0,0
1989-12-10 00:00:00,11.3092,11.3092,0,0,0,0,0,0
1989-12-10 01:00:00,10.12,10.12,0,0,0,0,0,0
1989-12-10 02:00:00,9.4586,9.4586,0,0,0,0,0,0
1989-12-10 03:00:00,9.3152,9.3152,0,0,0,0,0,0
1989-12-10 04:00:00,8.9249,8.9249,0,0,0,0,0,0
1989-12-10 05:00:00,8.1382,8.1382,0,0,0,0,0,0
1989-12-10 06:00:00,6.5004,6.5004,0,0,0,0,0,0
1989-12-10 07:00:00,5.2229,5.2229,0,0,0,0,0,0
1989-12-10 08:00:00,4.9182,4.9182,0,0,0,0,0,0
1989-12-10 09:00:00,5.3205,5.3205,0,0,0,0,0,0
1989-12-10 10:00:00,5.1226,5.1226,0,0,0,0,0,0
1989-12-10 11:00:00,4.801,4.801,0,0,0,0,0,0
1989-12-10 12:00:00,4.5473,4.5473,0,0,0,0,0,0
1989-12-10 13:00:00,4.5483,4.5483,0,0,0,0,0,0
1989-12-10 14:00:00,4.8168,4.8168,0,0,0,0,0,0
1989-12-10 15:00:00,5.1194,5.1194,0,0,0,0,0,0
1989-12-10 16:00:00,5.1474,5.1474,0,0,0,0,0,0
1989-12-10 17:00:00,5.0034,5.0034,0,0,0,0,0,0
1989-12-10 18:00:00,4.9769,4.9769,0,0,0,0,0,0
1989-12-10 19:00:00,5.3394,5.3394,0,0,0,0,0,0
1989-12-10 20:00:00,6.992,6.992,0,0,0,0,0,0
1989-12-10 21:00:00,8.4868,8.4868,0,0,0,0,0,0
1989-12-10 22:00:00,7.6166,7.6166,0,0,0,0,0,0
1989-12-10 23:00:00,7.3316,7.3316,0,0,0,0,0,0
1989-12-11 00:00:00,6.9963,6.9963,0,0,0,0,0,0
1989-12-11 01:00:00,6.658,6.658,0,0,0,0,0,0
1989-12-11 02:00:00,6.433,6.433,0,0,0,0,0,0
1989-12-11 03:00:00,6.2307,6.2307,0,0,0,0,0,0
1989-12-11 04:00:00,6.1012,6.1012,0,0,0,0,0,0
1989-12-11 05:00:00,5.9414,5.9414,0,0,0,0,0,0
1989-12-11 06:00:00,6.2479,6.2479,0,0,0,0,0,0
1989-12-11 07:00:00,6.7009,6.7009,0,0,0,0,0,0
1989-12-11 08:00:00,6.939,6.939,0,0,0,0,0,0
1989-12-11 09:00:00,7.137,7.137,0,0,0,0,0,0
1989-12-11 10:00:00,6.4496,6.4496,0,0,0,0,0,0
1989-12-11 11:00:00,6.3123,6.3123,0,0,0,0,0,0
1989-12-11 12:00:00,5.8346,5.8346,0,0,0,0,0,0
1989-12-11 13:00:00,5.5716,5.5716,0,0,0,0,0,0
1989-12-11 14:00:00,5.4535,5.4535,0,0,0,0,0,0
1989-12-11 15:00:00,5.49,5.49,0,0,0,0,0,0
1989-12-11 16:00:00,5.8841,5.8841,0,0,0,0,0,0
1989-12-11 17:00:00,6.3168,6.3168,0,0,0,0,0,0
1989-12-11 18:00:00,6.9013,6.9013,0,0,0,0,0,0
1989-12-11 19:00:00,7.1478,7.1478,0,0,0,0,0,0
1989-12-11 20:00:00,7.5694,7.5694,0,0,0,0,0,0
1989-12-11 21:00:00,7.614,7.614,0,0,0,0,0,0
1989-12-11 22:00:00,6.9403,6.9403,0,0,0,0,0,0
1989-12-11 23:00:00,6.7128,6.7128,0,0,0,0,0,0
1989-12-12 00:00:00,7.7087,7.7087,0,0,0,0,0,0
1989-12-12 01:00:00,8.0489,8.0489,0,0,0,0,0,0
1989-12-12 02:00:00,7.9611,7.9611,0,0,0,0,0,0
1989-12-12 03:00:00,7.763,7.763,0,0,0,0,0,0
1989-12-12 04:00:00,7.6528,7.6528,0,0,0,0,0,0
1989-12-12 05:00:00,7.5727,7.5727,0,0,0,0,0,0
1989-12-12 06:00:00,6.9922,6.9922,0,0,0,0,0,0
1989-12-12 07:00:00,6.051,6.051,0,0,0,0,0,0
1989-12-12 08:00:00,4.8334,4.8334,0,0,0,0,0,0
1989-12-12 09:00:00,3.8677,3.8677,0,0,0,0,0,0
1989-12-12 10:00:00,3.7776,3.7776,0,0,0,0,0,0
1989-12-12 11:00:00,5.5453,5.5453,0,0,0,0,0,0
1989-12-12 12:00:00,5.4381,5.4381,0,0,0,0,0,0
1989-12-12 13:00:00,4.593,4.593,0,0,0,0,0,0
1989-12-12 14:00:00,3.9705,3.9705,0,0,0,0,0,0
1989-12-12 15:00:00,3.6398,3.6398,0,0,0,0,0,0
1989-12-12 16:00:00,3.3918,3.3918,0,0,0,0,0,0
1989-12-12 17:00:00,3.0203,3.0203,0,0,0,0,0,0
1989-12-12 18:00:00,2.5254,2.5254,0,0,0,0,0,0
1989-12-12 19:00:00,1.8509,1.8509,0,0,0,0,0,0
1989-12-12 20:00:00,1.1714,1.1714,0,0,0,0,0,0
1989-12-12 21:00:00,0.9786,0.9786,0,0,0,0,0,0
1989-12-12 22:00:00,1.3451,1.3451,0,0,0,0,0,0
1989-12-12 23:00:00,1.5237,1.5237,0,0,0,0,0,0
1989-12-13 00:00:00,1.6959,1.6959,0,0,0,0,0,0
1989-12-13 01:00:00,1.4403,1.4403,0,0,0,0,0,0
1989-12-13 02:00:00,1.3555,1.3555,0,0,0,0,0,0
1989-12-13 03:00:00,1.224,1.224,0,0,0,0,0,0
1989-12-13 04:00:00,1.2289,1.2289,0,0,0,0,0,0
1989-12-13 05:00:00,1.3062,1.3062,0,0,0,0,0,0
1989-12-13 06:00:00,1.1255,1.1255,0,0,0,0,0,0
1989-12-13 07:00:00,1.1314,1.1314,0,0,0,0,0,0
1989-12-13 08:00:00,1.317,1.317,0,0,0,0,0,0
1989-12-13 09:00:00,1.4447,1.4447,0,0,0,0,0,0
1989-12-13 10:00:00,2.0779,2.0779,0,0,0,0,0,0
1989-12-13 11:00:00,3.0626,3.0626,0,0,0,0,0,0
1989-12-13 12:00:00,3.8878,3.8878,0,0,0,0,0,0
1989-12-13 13:00:00,4.4804,4.4804,0,0,0,0,0,0
1989-12-13 14:00:00,4.6988,4.6988,0,0,0,0,0,0
1989-12-13 15:00:00,5.4469,5.4469,0,0,0,0,0,0
1989-12-13 16:00:00,5.3936,5.3936,0,0,0,0,0,0
1989-12-13 17:00:00,5.623,5.623,0,0,0,0,0,0
1989-12-13 18:00:00,5.6751,5.6751,0,0,0,0,0,0
1989-12-13 19:00:00,5.8152,5.8152,0,0,0,0,0,0
1989-12-13 20:00:00,5.6918,5.6918,0,0,0,0,0,0
1989-12-13 21:00:00,5.0611,5.0611,0,0,0,0,0,0
1989-12-13 22:00:00,5.494,5.494,0,0,0,0,0,0
1989-12-13 23:00:00,5.0002,5.0002,0,0,0,0,0,0
1989-12-14 00:00:00,4.4664,4.4664,0,0,0,0,0,0
1989-12-14 01:00:00,4.0532,4.0532,0,0,0,0,0,0
1989-12-14 02:00:00,3.855,3.855,0,0,0,0,0,0
1989-12-14 03:00:00,3.9031,3.9031,0,0,0,0,0,0
1989-12-14 04:00:00,4.2346,4.2346,0,0,0,0,0,0
1989-12-14 05:00:00,5.2466,5.2466,0,0,0,0,0,0
1989-12-14 06:00:00,6.5885,6.5885,0,0,0,0,0,0
1989-12-14 07:00:00,7.5544,7.5544,0,0,0,0,0,0
1989-12-14 08:00:00,7.7753,7.7753,0,0,0,0,0,0
1989-12-14 09:00:00,7.6646,7.6646,0,0,0,0,0,0
1989-12-14 10:00:00,6.0018,6.0018,0,0,0,0,0,0
1989-12-14 11:00:00,5.5287,5.5287,0,0,0,0,0,0
1989-12-14 12:00:00,5.3393,5.3393,0,0,0,0,0,0
1989-12-14 13:00:00,4.8893,4.8893,0,0,0,0,0,0
1989-12-14 14:00:00,4.051,4.051,0,0,0,0,0,0
1989-12-14 15:00:00,3.1106,3.1106,0,0,0,0,0,0
1989-12-14 16:00:00,2.4061,2.4061,0,0,0,0,0,0
1989-12-14 17:00:00,1.8789,1.8789,0,0,0,0,0,0
1989-12-14 18:00:00,1.1146,1.1146,0,0,0,0,0,0
1989-12-14 19:00:00,0.5666,0.5666,0,0,0,0,0,0
1989-12-14 20:00:00,0.8066,0.8066,0,0,0,0,0,0
1989-12-14 21:00:00,2.2017,2.2017,0,0,0,0,0,0
1989-12-14 22:00:00,3.7545,3.7545,0,0,0,0,0,0
1989-12-14 23:00:00,4.0288,4.0288,0,0,0,0,0,0
1989-12-15 00:00:00,4.1386,4.1386,0,0,0,0,0,0
1989-12-15 01:00:00,4.4601,4.4601,0,0,0,0,0,0
1989-12-15 02:00:00,5.0259,5.0259,0,0,0,0,0,0
1989-12-15 03:00:00,5.3683,5.3683,0,0,0,0,0,0
1989-12-15 04:00:00,5.6676,5.6676,0,0,0,0,0,0
1989-12-15 05:00:00,5.994,5.994,0,0,0,0,0,0
1989-12-15 06:00:00,6.2821,6.2821,0,0,0,0,0,0
1989-12-15 07:00:00,6.232,6.232,0,0,0,0,0,0
1989-12-15 08:00:00,6.0941,6.0941,0,0,0,0,0,0
1989-12-15 09:00:00,5.8598,5.8598,0,0,0,0,0,0
1989-12-15 10:00:00,5.6046,5.6046,0,0,0,0,0,0
1989-12-15 11:00:00,5.5237,5.5237,0,0,0,0,0,0
1989-12-15 12:00:00,5.2089,5.2089,0,0,0,0,0,0
1989-12-15 13:00:00,4.7386,4.7386,0,0,0,0,0,0
1989-12-15 14:00:00,4.3135,4.3135,0,0,0,0,0,0
1989-12-15 15:00:00,3.5661,3.5661,0,0,0,0,0,0
1989-12-15 16:00:00,2.9512,2.9512,0,0,0,0,0,0
1989-12-15 17:00:00,2.2973,2.2973,0,0,0,0,0,0
1989-12-15 18:00:00,1.7665,1.7665,0,0,0,0,0,0
1989-12-15 19:00:00,1.3633,1.3633,0,0,0,0,0,0
1989-12-15 20:00:00,0.8327,0.8327,0,0,0,0,0,0
1989-12-15 21:00:00,0.6233,0.6233,0,0,0,0,0,0
1989-12-15 22:00:00,0.7762,0.7762,0,0,0,0,0,0
1989-12-15 23:00:00,0.596,0.596,0,0,0,0,0,0
1989-12-16 00:00:00,0.3166,0.3166,0,0,0,0,0,0
1989-12-16 01:00:00,0.6373,0.6373,0,0,0,0,0,0
1989-12-16 02:00:00,1.5987,1.5987,0,0,0,0,0,0
1989-12-16 03:00:00,2.1906,2.1906,0,0,0,0,0,0
1989-12-16 04:00:00,2.0377,2.0377,0,0,0,0,0,0
1989-12-16 05:00:00,1.6657,1.6657,0,0,0,0,0,0
1989-12-16 06:00:00,1.8276,1.8276,0,0,0,0,0,0
1989-12-16 07:00:00,1.7336,1.7336,0,0,0,0,0,0
1989-12-16 08:00:00,1.0892,1.0892,0,0,0,0,0,0
1989-12-16 09:00:00,0.3093,0.3093,0,0,0,0,0,0
1989-12-16 10:00:00,0.8521,0.8521,0,0,0,0,0,0
1989-12-16 11:00:00,1.5373,1.5373,0,0,0,0,0,0
1989-12-16 12:00:00,2.9358,2.9358,0,0,0,0,0,0
1989-12-16 13:00:00,4.1924,4.1924,0,0,0,0,0,0
1989-12-16 14:00:00,5.0836,5.0836,0,0,0,0,0,0
1989-12-16 15:00:00,5.4309,5.4309,0,0,0,0,0,0
1989-12-16 16:00:00,5.2164,5.2164,0,0,0,0,0,0
1989-12-16 17:00:00,4.9312,4.9312,0,0,0,0,0,0
1989-12-16 18:00:00,5.0081,5.0081,0,0,0,0,0,0
1989-12-16 19:00:00,5.5387,5.5387,0,0,0,0,0,0
1989-12-16 20:00:00,6.2056,6.2056,0,0,0,0,0,0
1989-12-16 21:00:00,6.6948,6.6948,0,0,0,0,0,0
1989-12-16 22:00:00,6.2148,6.2148,0,0,0,0,0,0
1989-12-16 23:00:00,6.4895,6.4895,0,0,0,0,0,0
1989-12-17 00:00:00,6.6452,6.6452,0,0,0,0,0,0
1989-12-17 01:00:00,6.4246,6.4246,0,0,0,0,0,0
1989-12-17 02:00:00,6.2195,6.2195,0,0,0,0,0,0
1989-12-17 03:00:00,6.2617,6.2617,0,0,0,0,0,0
1989-12-17 04:00:00,6.5751,6.5751,0,0,0,0,0,0
1989-12-17 05:00:00,6.8767,6.8767,0,0,0,0,0,0
1989-12-17 06:00:00,7.2675,7.2675,0,0,0,0,0,0
1989-12-17 07:00:00,7.5856,7.5856,0,0,0,0,0,0
1989-12-17 08:00:00,7.6097,7.6097,0,0,0,0,0,0
1989-12-17 09:00:00,7.4677,7.4677,0,0,0,0,0,0
1989-12-17 10:00:00,7.825,7.825,0,0,0,0,0,0
1989-12-17 11:00:00,7.597,7.597,0,0,0,0,0,0
1989-12-17 12:00:00,7.1688,7.1688,0,0,0,0,0,0
1989-12-17 13:00:00,6.9334,6.9334,0,0,0,0,0,0
1989-12-17 14:00:00,6.5326,6.5326,0,0,0,0,0,0
1989-12-17 15:00:00,6.4465,6.4465,0,0,0,0,0,0
1989-12-17 16:00:00,6.8148,6.8148,0,0,0,0,0,0
1989-12-17 17:00:00,6.8073,6.8073,0,0,0,0,0,0
1989-12-17 18:00:00,6.731,6.731,0,0,0,0,0,0
1989-12-17 19:00:00,6.7254,6.7254,0,0,0,0,0,0
1989-12-17 20:00:00,6.2887,6.2887,0,0,0,0,0,0
1989-12-17 21:00:00,5.7959,5.7959,0,0,0,0,0,0
1989-12-17 22:00:00,6.1479,6.1479,0,0,0,0,0,0
1989-12-17 23:00:00,6.5416,6.5416,0,0,0,0,0,0
1989-12-18 00:00:00,6.5017,6.5017,0,0,0,0,0,0
1989-12-18 01:00:00,6.6401,6.6401,0,0,0,0,0,0
1989-12-18 02:00:00,6.6802,6.6802,0,0,0,0,0,0
1989-12-18 03:00:00,6.7956,6.7956,0,0,0,0,0,0
1989-12-18 04:00:00,7.0905,7.0905,0,0,0,0,0,0
1989-12-18 05:00:00,7.5038,7.5038,0,0,0,0,0,0
1989-12-18 06:00:00,7.6719,7.6719,0,0,0,0,0,0
1989-12-18 07:00:00,7.8018,7.8018,0,0,0,0,0,0
1989-12-18 08:00:00,8.3336,8.3336,0,0,0,0,0,0
1989-12-18 09:00:00,8.7029,8.7029,0,0,0,0,0,0
1989-12-18 10:00:00,8.8392,8.8392,0,0,0,0,0,0
1989-12-18 11:00:00,9.0312,9.0312,0,0,0,0,0,0
1989-12-18 12:00:00,9.2111,9.2111,0,0,0,0,0,0
1989-12-18 13:00:00,9.4824,9.4824,0,0,0,0,0,0
1989-12-18 14:00:00,9.5918,9.5918,0,0,0,0,0,0
1989-12-18 15:00:00,9.6404,9.6404,0,0,0,0,0,0
1989-12-18 16:00:00,9.7163,9.7163,0,0,0,0,0,0
1989-12-18 17:00:00,10.0896,10.0896,0,0,0,0,0,0
1989-12-18 18:00:00,10.4554,10.4554,0,0,0,0,0,0
1989-12-18 19:00:00,10.5922,10.5922,0,0,0,0,0,0
1989-12-18 20:00:00,10.7685,10.7685,0,0,0,0,0,0
1989-12-18 21:00:00,10.7023,10.7023,0,0,0,0,0,0
1989-12-18 22:00:00,10.2596,10.2596,0,0,0,0,0,0
1989-12-18 23:00:00,9.9344,9.9344,0,0,0,0,0,0
1989-12-19 00:00:00,9.5979,9.5979,0,0,0,0,0,0
1989-12-19 01:00:00,9.6212,9.6212,0,0,0,0,0,0
1989-12-19 02:00:00,9.4018,9.4018,0,0,0,0,0,0
1989-12-19 03:00:00,8.5895,8.5895,0,0,0,0,0,0
1989-12-19 04:00:00,7.3803,7.3803,0,0,0,0,0,0
1989-12-19 05:00:00,6.7801,6.7801,0,0,0,0,0,0
1989-12-19 06:00:00,6.5994,6.5994,0,0,0,0,0,0
1989-12-19 07:00:00,6.4642,6.4642,0,0,0,0,0,0
1989-12-19 08:00:00,6.3356,6.3356,0,0,0,0,0,0
1989-12-19 09:00:00,6.5186,6.5186,0,0,0,0,0,0
1989-12-19 10:00:00,6.7793,6.7793,0,0,0,0,0,0
1989-12-19 11:00:00,6.8495,6.8495,0,0,0,0,0,0
1989-12-19 12:00:00,5.6272,5.6272,0,0,0,0,0,0
1989-12-19 13:00:00,4.4128,4.4128,0,0,0,0,0,0
1989-12-19 14:00:00,3.5325,3.5325,0,0,0,0,0,0
1989-12-19 15:00:00,3.5939,3.5939,0,0,0,0,0,0
1989-12-19 16:00:00,6.0183,6.0183,0,0,0,0,0,0
1989-12-19 17:00:00,8.1553,8.1553,0,0,0,0,0,0
1989-12-19 18:00:00,8.056,8.056,0,0,0,0,0,0
1989-12-19 19:00:00,7.5718,7.5718,0,0,0,0,0,0
1989-12-19 20:00:00,9.5855,9.5855,0,0,0,0,0,0
1989-12-19 21:00:00,10.3397,10.3397,0,0,0,0,0,0
1989-12-19 22:00:00,8.6087,8.6087,0,0,0,0,0,0
1989-12-19 23:00:00,7.9456,7.9456,0,0,0,0,0,0
1989-12-20 00:00:00,9.1969,9.1969,0,0,0,0,0,0
1989-12-20 01:00:00,10.8423,10.8423,0,0,0,0,0,0
1989-12-20 02:00:00,10.852,10.852,0,0,0,0,0,0
1989-12-20 03:00:00,9.9268,9.9268,0,0,0,0,0,0
1989-12-20 04:00:00,8.8161,8.8161,0,0,0,0,0,0
1989-12-20 05:00:00,8.2729,8.2729,0,0,0,0,0,0
1989-12-20 06:00:00,8.0258,8.0258,0,0,0,0,0,0
1989-12-20 07:00:00,8.0383,8.0383,0,0,0,0,0,0
1989-12-20 08:00:00,8.3262,8.3262,0,0,0,0,0,0
1989-12-20 09:00:00,8.3549,8.3549,0,0,0,0,0,0
1989-12-20 10:00:00,7.5815,7.5815,0,0,0,0,0,0
1989-12-20 11:00:00,7.3538,7.3538,0,0,0,0,0,0
1989-12-20 12:00:00,7.0149,7.0149,0,0,0,0,0,0
1989-12-20 13:00:00,6.8653,6.8653,0,0,0,0,0,0
1989-12-20 14:00:00,7.0234,7.0234,0,0,0,0,0,0
1989-12-20 15:00:00,7.0396,7.0396,0,0,0,0,0,0
1989-12-20 16:00:00,7.0669,7.0669,0,0,0,0,0,0
1989-12-20 17:00:00,7.3097,7.3097,0,0,0,0,0,0
1989-12-20 18:00:00,7.667,7.667,0,0,0,0,0,0
1989-12-20 19:00:00,8.0654,8.0654,0,0,0,0,0,0
1989-12-20 20:00:00,8.2781,8.2781,0,0,0,0,0,0
1989-12-20 21:00:00,7.7684,7.7684,0,0,0,0,0,0
1989-12-20 22:00:00,6.4093,6.4093,0,0,0,0,0,0
1989-12-20 23:00:00,5.189,5.189,0,0,0,0,0,0
1989-12-21 00:00:00,4.7211,4.7211,0,0,0,0,0,0
1989-12-21 01:00:00,4.3985,4.3985,0,0,0,0,0,0
1989-12-21 02:00:00,4.2411,4.2411,0,0,0,0,0,0
1989-12-21 03:00:00,3.5728,3.5728,0,0,0,0,0,0
1989-12-21 04:00:00,3.3536,3.3536,0,0,0,0,0,0
1989-12-21 05:00:00,3.2672,3.2672,0,0,0,0,0,0
1989-12-21 06:00:00,2.9061,2.9061,0,0,0,0,0,0
1989-12-21 07:00:00,3.2352,3.2352,0,0,0,0,0,0
1989-12-21 08:00:00,3.2176,3.2176,0,0,0,0,0,0
1989-12-21 09:00:00,2.7446,2.7446,0,0,0,0,0,0
1989-12-21 10:00:00,1.9469,1.9469,0,0,0,0,0,0
1989-12-21 11:00:00,2.3294,2.3294,0,0,0,0,0,0
1989-12-21 12:00:00,2.7143,2.7143,0,0,0,0,0,0
1989-12-21 13:00:00,2.9926,2.9926,0,0,0,0,0,0
1989-12-21 14:00:00,3.2222,3.2222,0,0,0,0,0,0
1989-12-21 15:00:00,3.5075,3.5075,0,0,0,0,0,0
1989-12-21 16:00:00,3.7261,3.7261,0,0,0,0,0,0
1989-12-21 17:00:00,3.5112,3.5112,0,0,0,0,0,0
1989-12-21 18:00:00,2.938,2.938,0,0,0,0,0,0
1989-12-21 19:00:00,2.3839,2.3839,0,0,0,0,0,0
1989-12-21 20:00:00,1.9973,1.9973,0,0,0,0,0,0
1989-12-21 21:00:00,1.5855,1.5855,0,0,0,0,0,0
1989-12-21 22:00:00,1.148,1.148,0,0,0,0,0,0
1989-12-21 23:00:00,1.1052,1.1052,0,0,0,0,0,0
1989-12-22 00:00:00,1.4031,1.4031,0,0,0,0,0,0
1989-12-22 01:00:00,1.3612,1.3612,0,0,0,0,0,0
1989-12-22 02:00:00,1.273,1.273,0,0,0,0,0,0
1989-12-22 03:00:00,1.3805,1.3805,0,0,0,0,0,0
1989-12-22 04:00:00,1.8054,1.8054,0,0,0,0,0,0
1989-12-22 05:00:00,2.3714,2.3714,0,0,0,0,0,0
1989-12-22 06:00:00,3.1138,3.1138,0,0,0,0,0,0
1989-12-22 07:00:00,3.5536,3.5536,0,0,0,0,0,0
1989-12-22 08:00:00,3.8397,3.8397,0,0,0,0,0,0
1989-12-22 09:00:00,4.0636,4.0636,0,0,0,0,0,0
1989-12-22 10:00:00,3.7293,3.7293,0,0,0,0,0,0
1989-12-22 11:00:00,3.8238,3.8238,0,0,0,0,0,0
1989-12-22 12:00:00,3.8396,3.8396,0,0,0,0,0,0
1989-12-22 13:00:00,3.7685,3.7685,0,0,0,0,0,0
1989-12-22 14:00:00,3.5782,3.5782,0,0,0,0,0,0
1989-12-22 15:00:00,3.7644,3.7644,0,0,0,0,0,0
1989-12-22 16:00:00,4.2203,4.2203,0,0,0,0,0,0
1989-12-22 17:00:00,4.7124,4.7124,0,0,0,0,0,0
1989-12-22 18:00:00,4.6747,4.6747,0,0,0,0,0,0
1989-12-22 19:00:00,4.0717,4.0717,0,0,0,0,0,0
1989-12-22 20:00:00,3.8216,3.8216,0,0,0,0,0,0
1989-12-22 21:00:00,2.9183,2.9183,0,0,0,0,0,0
1989-12-22 22:00:00,1.9488,1.9488,0,0,0,0,0,0
1989-12-22 23:00:00,1.2945,1.2945,0,0,0,0,0,0
1989-12-23 00:00:00,2.9356,2.9356,0,0,0,0,0,0
1989-12-23 01:00:00,4.9149,4.9149,0,0,0,0,0,0
1989-12-23 02:00:00,7.6615,7.6615,0,0,0,0,0,0
1989-12-23 03:00:00,9.1441,9.1441,0,0,0,0,0,0
1989-12-23 04:00:00,9.2734,9.2734,0,0,0,0,0,0
1989-12-23 05:00:00,9.5452,9.5452,0,0,0,0,0,0
1989-12-23 06:00:00,9.5228,9.5228,0,0,0,0,0,0
1989-12-23 07:00:00,9.3009,9.3009,0,0,0,0,0,0
1989-12-23 08:00:00,8.9403,8.9403,0,0,0,0,0,0
1989-12-23 09:00:00,9.0348,9.0348,0,0,0,0,0,0
1989-12-23 10:00:00,8.9425,8.9425,0,0,0,0,0,0
1989-12-23 11:00:00,9.7043,9.7043,0,0,0,0,0,0
1989-12-23 12:00:00,10.4478,10.4478,0,0,0,0,0,0
1989-12-23 13:00:00,10.7196,10.7196,0,0,0,0,0,0
1989-12-23 14:00:00,11.0178,11.0178,0,0,0,0,0,0
1989-12-23 15:00:00,11.1181,11.1181,0,0,0,0,0,0
1989-12-23 16:00:00,11.1149,11.1149,0,0,0,0,0,0
1989-12-23 17:00:00,10.8165,10.8165,0,0,0,0,0,0
1989-12-23 18:00:00,10.4449,10.4449,0,0,0,0,0,0
1989-12-23 19:00:00,10.2289,10.2289,0,0,0,0,0,0
1989-12-23 20:00:00,9.9879,9.9879,0,0,0,0,0,0
1989-12-23 21:00:00,9.3807,9.3807,0,0,0,0,0,0
1989-12-23 22:00:00,7.4825,7.4825,0,0,0,0,0,0
1989-12-23 23:00:00,6.6039,6.6039,0,0,0,0,0,0
1989-12-24 00:00:00,6.0766,6.0766,0,0,0,0,0,0
1989-12-24 01:00:00,5.7855,5.7855,0,0,0,0,0,0
1989-12-24 02:00:00,5.5354,5.5354,0,0,0,0,0,0
1989-12-24 03:00:00,5.2731,5.2731,0,0,0,0,0,0
1989-12-24 04:00:00,5.0425,5.0425,0,0,0,0,0,0
1989-12-24 05:00:00,5.0745,5.0745,0,0,0,0,0,0
1989-12-24 06:00:00,4.9028,4.9028,0,0,0,0,0,0
1989-12-24 07:00:00,4.7457,4.7457,0,0,0,0,0,0
1989-12-24 08:00:00,4.5182,4.5182,0,0,0,0,0,0
1989-12-24 09:00:00,4.3505,4.3505,0,0,0,0,0,0
1989-12-24 10:00:00,4.0272,4.0272,0,0,0,0,0,0
1989-12-24 11:00:00,4.0251,4.0251,0,0,0,0,0,0
1989-12-24 12:00:00,4.0388,4.0388,0,0,0,0,0,0
1989-12-24 13:00:00,4.162,4.162,0,0,0,0,0,0
1989-12-24 14:00:00,4.5044,4.5044,0,0,0,0,0,0
1989-12-24 15:00:00,5.809,5.809,0,0,0,0,0,0
1989-12-24 16:00:00,7.8541,7.8541,0,0,0,0,0,0
1989-12-24 17:00:00,9.0928,9.0928,0,0,0,0,0,0
1989-12-24 18:00:00,8.9141,8.9141,0,0,0,0,0,0
1989-12-24 19:00:00,8.082,8.082,0,0,0,0,0,0
1989-12-24 20:00:00,7.2672,7.2672,0,0,0,0,0,0
1989-12-24 21:00:00,6.7024,6.7024,0,0,0,0,0,0
1989-12-24 22:00:00,6.6568,6.6568,0,0,0,0,0,0
1989-12-24 23:00:00,6.8063,6.8063,0,0,0,0,0,0
1989-12-25 00:00:00,6.0963,6.0963,0,0,0,0,0,0
1989-12-25 01:00:00,6.0031,6.0031,0,0,0,0,0,0
1989-12-25 02:00:00,6.3195,6.3195,0,0,0,0,0,0
1989-12-25 03:00:00,6.3223,6.3223,0,0,0,0,0,0
1989-12-25 04:00:00,5.7816,5.7816,0,0,0,0,0,0
1989-12-25 05:00:00,5.2099,5.2099,0,0,0,0,0,0
1989-12-25 06:00:00,4.684,4.684,0,0,0,0,0,0
1989-12-25 07:00:00,4.6423,4.6423,0,0,0,0,0,0
1989-12-25 08:00:00,4.807,4.807,0,0,0,0,0,0
1989-12-25 09:00:00,5.196,5.196,0,0,0,0,0,0
1989-12-25 10:00:00,5.6606,5.6606,0,0,0,0,0,0
1989-12-25 11:00:00,5.5498,5.5498,0,0,0,0,0,0
1989-12-25 12:00:00,5.3344,5.3344,0,0,0,0,0,0
1989-12-25 13:00:00,4.9939,4.9939,0,0,0,0,0,0
1989-12-25 14:00:00,5.2654,5.2654,0,0,0,0,0,0
1989-12-25 15:00:00,5.8017,5.8017,0,0,0,0,0,0
1989-12-25 16:00:00,6.342,6.342,0,0,0,0,0,0
1989-12-25 17:00:00,6.7271,6.7271,0,0,0,0,0,0
1989-12-25 18:00:00,6.8144,6.8144,0,0,0,0,0,0
1989-12-25 19:00:00,6.7722,6.7722,0,0,0,0,0,0
1989-12-25 20:00:00,6.8285,6.8285,0,0,0,0,0,0
1989-12-25 21:00:00,6.986,6.986,0,0,0,0,0,0
1989-12-25 22:00:00,7.1763,7.1763,0,0,0,0,0,0
1989-12-25 23:00:00,6.8008,6.8008,0,0,0,0,0,0
1989-12-26 00:00:00,6.776,6.776,0,0,0,0,0,0
1989-12-26 01:00:00,6.8914,6.8914,0,0,0,0,0,0
1989-12-26 02:00:00,6.9927,6.9927,0,0,0,0,0,0
1989-12-26 03:00:00,6.7374,6.7374,0,0,0,0,0,0
1989-12-26 04:00:00,6.0943,6.0943,0,0,0,0,0,0
1989-12-26 05:00:00,5.3654,5.3654,0,0,0,0,0,0
1989-12-26 06:00:00,4.8835,4.8835,0,0,0,0,0,0
1989-12-26 07:00:00,4.2668,4.2668,0,0,0,0,0,0
1989-12-26 08:00:00,3.813,3.813,0,0,0,0,0,0
1989-12-26 09:00:00,3.3652,3.3652,0,0,0,0,0,0
1989-12-26 10:00:00,3.7933,3.7933,0,0,0,0,0,0
1989-12-26 11:00:00,3.1355,3.1355,0,0,0,0,0,0
1989-12-26 12:00:00,3.0487,3.0487,0,0,0,0,0,0
1989-12-26 13:00:00,3.4841,3.4841,0,0,0,0,0,0
1989-12-26 14:00:00,3.781,3.781,0,0,0,0,0,0
1989-12-26 15:00:00,4.1661,4.1661,0,0,0,0,0,0
1989-12-26 16:00:00,4.2222,4.2222,0,0,0,0,0,0
1989-12-26 17:00:00,4.3244,4.3244,0,0,0,0,0,0
1989-12-26 18:00:00,4.5623,4.5623,0,0,0,0,0,0
1989-12-26 19:00:00,4.5365,4.5365,0,0,0,0,0,0
1989-12-26 20:00:00,4.3772,4.3772,0,0,0,0,0,0
1989-12-26 21:00:00,4.164,4.164,0,0,0,0,0,0
1989-12-26 22:00:00,3.7213,3.7213,0,0,0,0,0,0
1989-12-26 23:00:00,3.4587,3.4587,0,0,0,0,0,0
1989-12-27 00:00:00,3.6843,3.6843,0,0,0,0,0,0
1989-12-27 01:00:00,4.1222,4.1222,0,0,0,0,0,0
1989-12-27 02:00:00,4.404,4.404,0,0,0,0,0,0
1989-12-27 03:00:00,4.4668,4.4668,0,0,0,0,0,0
1989-12-27 04:00:00,4.6451,4.6451,0,0,0,0,0,0
1989-12-27 05:00:00,4.5172,4.5172,0,0,0,0,0,0
1989-12-27 06:00:00,4.3515,4.3515,0,0,0,0,0,0
1989-12-27 07:00:00,4.7677,4.7677,0,0,0,0,0,0
1989-12-27 08:00:00,5.5942,5.5942,0,0,0,0,0,0
1989-12-27 09:00:00,6.1597,6.1597,0,0,0,0,0,0
1989-12-27 10:00:00,6.3192,6.3192,0,0,0,0,0,0
1989-12-27 11:00:00,6.3228,6.3228,0,0,0,0,0,0
1989-12-27 12:00:00,6.2674,6.2674,0,0,0,0,0,0
1989-12-27 13:00:00,6.1346,6.1346,0,0,0,0,0,0
1989-12-27 14:00:00,6.2044,6.2044,0,0,0,0,0,0
1989-12-27 15:00:00,6.5702,6.5702,0,0,0,0,0,0
1989-12-27 16:00:00,6.8059,6.8059,0,0,0,0,0,0
1989-12-27 17:00:00,7.1199,7.1199,0,0,0,0,0,0
1989-12-27 18:00:00,8.1154,8.1154,0,0,0,0,0,0
1989-12-27 19:00:00,8.8252,8.8252,0,0,0,0,0,0
1989-12-27 20:00:00,9.2312,9.2312,0,0,0,0,0,0
1989-12-27 21:00:00,10.1189,10.1189,0,0,0,0,0,0
1989-12-27 22:00:00,8.894,8.894,0,0,0,0,0,0
1989-12-27 23:00:00,9.1866,9.1866,0,0,0,0,0,0
1989-12-28 00:00:00,9.4873,9.4873,0,0,0,0,0,0
1989-12-28 01:00:00,10.0514,10.0514,0,0,0,0,0,0
1989-12-28 02:00:00,10.4046,10.4046,0,0,0,0,0,0
1989-12-28 03:00:00,9.9561,9.9561,0,0,0,0,0,0
1989-12-28 04:00:00,9.833,9.833,0,0,0,0,0,0
1989-12-28 05:00:00,9.4243,9.4243,0,0,0,0,0,0
1989-12-28 06:00:00,8.9021,8.9021,0,0,0,0,0,0
1989-12-28 07:00:00,8.611,8.611,0,0,0,0,0,0
1989-12-28 08:00:00,8.5442,8.5442,0,0,0,0,0,0
1989-12-28 09:00:00,8.4922,8.4922,0,0,0,0,0,0
1989-12-28 10:00:00,7.3069,7.3069,0,0,0,0,0,0
1989-12-28 11:00:00,6.0887,6.0887,0,0,0,0,0,0
1989-12-28 12:00:00,4.8296,4.8296,0,0,0,0,0,0
1989-12-28 13:00:00,3.9417,3.9417,0,0,0,0,0,0
1989-12-28 14:00:00,3.1971,3.1971,0,0,0,0,0,0
1989-12-28 15:00:00,2.7746,2.7746,0,0,0,0,0,0
1989-12-28 16:00:00,2.7591,2.7591,0,0,0,0,0,0
1989-12-28 17:00:00,2.6536,2.6536,0,0,0,0,0,0
1989-12-28 18:00:00,2.3291,2.3291,0,0,0,0,0,0
1989-12-28 19:00:00,2.4175,2.4175,0,0,0,0,0,0
1989-12-28 20:00:00,2.6161,2.6161,0,0,0,0,0,0
1989-12-28 21:00:00,2.8874,2.8874,0,0,0,0,0,0
1989-12-28 22:00:00,2.6072,2.6072,0,0,0,0,0,0
1989-12-28 23:00:00,3.1247,3.1247,0,0,0,0,0,0
1989-12-29 00:00:00,4.0237,4.0237,0,0,0,0,0,0
1989-12-29 01:00:00,4.2518,4.2518,0,0,0,0,0,0
1989-12-29 02:00:00,4.2196,4.2196,0,0,0,0,0,0
1989-12-29 03:00:00,4.3737,4.3737,0,0,0,0,0,0
1989-12-29 04:00:00,4.3472,4.3472,0,0,0,0,0,0
1989-12-29 05:00:00,4.3764,4.3764,0,0,0,0,0,0
1989-12-29 06:00:00,4.3253,4.3253,0,0,0,0,0,0
1989-12-29 07:00:00,4.1694,4.1694,0,0,0,0,0,0
1989-12-29 08:00:00,3.7118,3.7118,0,0,0,0,0,0
1989-12-29 09:00:00,3.057,3.057,0,0,0,0,0,0
1989-12-29 10:00:00,2.1133,2.1133,0,0,0,0,0,0
1989-12-29 11:00:00,1.4321,1.4321,0,0,0,0,0,0
1989-12-29 12:00:00,1.7077,1.7077,0,0,0,0,0,0
1989-12-29 13:00:00,2.2325,2.2325,0,0,0,0,0,0
1989-12-29 14:00:00,2.3212,2.3212,0,0,0,0,0,0
1989-12-29 15:00:00,2.1611,2.1611,0,0,0,0,0,0
1989-12-29 16:00:00,2.6821,2.6821,0,0,0,0,0,0
1989-12-29 17:00:00,3.0186,3.0186,0,0,0,0,0,0
1989-12-29 18:00:00,3.1735,3.1735,0,0,0,0,0,0
1989-12-29 19:00:00,3.0115,3.0115,0,0,0,0,0,0
1989-12-29 20:00:00,2.5749,2.5749,0,0,0,0,0,0
1989-12-29 21:00:00,2.2396,2.2396,0,0,0,0,0,0
1989-12-29 22:00:00,1.7952,1.7952,0,0,0,0,0,0
1989-12-29 23:00:00,2.0224,2.0224,0,0,0,0,0,0
1989-12-30 00:00:00,2.001,2.001,0,0,0,0,0,0
1989-12-30 01:00:00,3.0329,3.0329,0,0,0,0,0,0
1989-12-30 02:00:00,3.5431,3.5431,0,0,0,0,0,0
1989-12-30 03:00:00,4.0665,4.0665,0,0,0,0,0,0
1989-12-30 04:00:00,5.1419,5.1419,0,0,0,0,0,0
1989-12-30 05:00:00,5.533,5.533,0,0,0,0,0,0
1989-12-30 06:00:00,5.6798,5.6798,0,0,0,0,0,0
1989-12-30 07:00:00,5.9983,5.9983,0,0,0,0,0,0
1989-12-30 08:00:00,6.9342,6.9342,0,0,0,0,0,0
1989-12-30 09:00:00,8.0544,8.0544,0,0,0,0,0,0
1989-12-30 10:00:00,9.2874,9.2874,0,0,0,0,0,0
1989-12-30 11:00:00,10.0285,10.0285,0,0,0,0,0,0
1989-12-30 12:00:00,10.2033,10.2033,0,0,0,0,0,0
1989-12-30 13:00:00,10.5187,10.5187,0,0,0,0,0,0
1989-12-30 14:00:00,11.8683,11.8683,0,0,0,0,0,0
1989-12-30 15:00:00,12.5291,12.5291,0,0,0,0,0,0
1989-12-30 16:00:00,12.4878,12.4878,0,0,0,0,0,0
1989-12-30 17:00:00,12.9724,12.9724,0,0,0,0,0,0
1989-12-30 18:00:00,13.5634,13.5634,0,0,0,0,0,0
1989-12-30 19:00:00,13.706,13.706,0,0,0,0,0,0
1989-12-30 20:00:00,14.2235,14.2235,0,0,0,0,0,0
1989-12-30 21:00:00,14.51,14.51,0,0,0,0,0,0
1989-12-30 22:00:00,12.6356,12.6356,0,0,0,0,0,0
1989-12-30 23:00:00,13.5742,13.5742,0,0,0,0,0,0
1989-12-31 00:00:00,14.5496,14.5496,0,0,0,0,0,0
1989-12-31 01:00:00,14.8493,14.8493,0,0,0,0,0,0
1989-12-31 02:00:00,15.4079,15.4079,0,0,0,0,0,0
1989-12-31 03:00:00,15.6587,15.6587,0,0,0,0,0,0
1989-12-31 04:00:00,15.8839,15.8839,0,0,0,0,0,0
1989-12-31 05:00:00,16.0463,16.0463,0,0,0,0,0,0
1989-12-31 06:00:00,16.0017,16.0017,0,0,0,0,0,0
1989-12-31 07:00:00,15.8768,15.8768,0,0,0,0,0,0
1989-12-31 08:00:00,16.0039,16.0039,0,0,0,0,0,0
1989-12-31 09:00:00,16.1492,16.1492,0,0,0,0,0,0
1989-12-31 10:00:00,15.8322,15.8322,0,0,0,0,0,0
1989-12-31 11:00:00,16.6813,16.6813,0,0,0,0,0,0
1989-12-31 12:00:00,16.7422,16.7422,0,0,0,0,0,0
1989-12-31 13:00:00,16.3406,16.3406,0,0,0,0,0,0
1989-12-31 14:00:00,15.6165,15.6165,0,0,0,0,0,0
1989-12-31 15:00:00,15.097,15.097,0,0,0,0,0,0
1989-12-31 16:00:00,13.865,13.865,0,0,0,0,0,0
1989-12-31 17:00:00,12.7293,12.7293,0,0,0,0,0,0
1989-12-31 18:00:00,11.6762,11.6762,0,0,0,0,0,0
1989-12-31 19:00:00,10.7094,10.7094,0,0,0,0,0,0
1989-12-31 20:00:00,9.7183,9.7183,0,0,0,0,0,0
1989-12-31 21:00:00,8.8363,8.8363,0,0,0,0,0,0
1989-12-31 22:00:00,8.7159,8.7159,0,0,0,0,0,0
1989-12-31 23:00:00,7.9409,7.9409,0,0,0,0,0,0
