time,SM_forecast_1,SM_forecast_2,SM_forecast_3,SM_cleared,BM_Up_cleared,BM_Down_cleared,reg_cleared,reg_forecast_1,reg_forecast_2,reg_forecast_3,reg_vol_Up,reg_vol_Down
2011-01-01 00:00:00,68.401,68.401,68.401,68.401,68.401,68.401,68.401,68.401,68.401,68.401,68.401,68.401
2011-01-01 01:00:00,68.401,68.401,68.401,68.401,68.401,68.401,68.401,68.401,68.401,68.401,68.401,68.401
2011-01-01 02:00:00,68.401,68.401,68.401,68.401,68.401,68.401,68.401,68.401,68.401,68.401,68.401,68.401
2011-01-01 03:00:00,68.401,68.401,68.401,68.401,68.401,68.401,68.401,68.401,68.401,68.401,68.401,68.401
2011-01-01 04:00:00,68.401,68.401,68.401,68.401,68.401,68.401,68.401,68.401,68.401,68.401,68.401,68.401
2011-01-01 05:00:00,68.401,68.401,68.401,68.401,68.401,68.401,68.401,68.401,68.401,68.401,68.401,68.401
2011-01-01 06:00:00,68.401,68.401,68.401,68.401,68.401,68.401,68.401,68.401,68.401,68.401,68.401,68.401
2011-01-01 07:00:00,68.401,68.401,68.401,68.401,68.401,68.401,68.401,68.401,68.401,68.401,68.401,68.401
2011-01-01 08:00:00,65.573,65.573,65.573,65.573,65.573,65.573,65.573,65.573,65.573,65.573,65.573,65.573
2011-01-01 09:00:00,41.022,41.022,41.022,41.022,41.022,41.022,41.022,41.022,41.022,41.022,41.022,41.022
2011-01-01 10:00:00,40.439,40.439,40.439,40.439,40.439,40.439,40.439,40.439,40.439,40.439,40.439,40.439
2011-01-01 11:00:00,40.439,40.439,40.439,40.439,40.439,40.439,40.439,40.439,40.439,40.439,40.439,40.439
2011-01-01 12:00:00,40.439,40.439,40.439,40.439,40.439,40.439,40.439,40.439,40.439,40.439,40.439,40.439
2011-01-01 13:00:00,40.843,40.843,40.843,40.843,40.843,40.843,40.843,40.843,40.843,40.843,40.843,40.843
2011-01-01 14:00:00,42.416,42.416,42.416,42.416,42.416,42.416,42.416,42.416,42.416,42.416,42.416,42.416
2011-01-01 15:00:00,68.401,68.401,68.401,68.401,68.401,68.401,68.401,68.401,68.401,68.401,68.401,68.401
2011-01-01 16:00:00,68.401,68.401,68.401,68.401,68.401,68.401,68.401,68.401,68.401,68.401,68.401,68.401
2011-01-01 17:00:00,68.401,68.401,68.401,68.401,68.401,68.401,68.401,68.401,68.401,68.401,68.401,68.401
2011-01-01 18:00:00,68.401,68.401,68.401,68.401,68.401,68.401,68.401,68.401,68.401,68.401,68.401,68.401
2011-01-01 19:00:00,68.401,68.401,68.401,68.401,68.401,68.401,68.401,68.401,68.401,68.401,68.401,68.401
2011-01-01 20:00:00,68.401,68.401,68.401,68.401,68.401,68.401,68.401,68.401,68.401,68.401,68.401,68.401
2011-01-01 21:00:00,68.401,68.401,68.401,68.401,68.401,68.401,68.401,68.401,68.401,68.401,68.401,68.401
2011-01-01 22:00:00,68.401,68.401,68.401,68.401,68.401,68.401,68.401,68.401,68.401,68.401,68.401,68.401
2011-01-01 23:00:00,68.401,68.401,68.401,68.401,68.401,68.401,68.401,68.401,68.401,68.401,68.401,68.401
2011-01-02 00:00:00,108.335,108.335,108.335,108.335,108.335,108.335,108.335,108.335,108.335,108.335,108.335,108.335
2011-01-02 01:00:00,108.335,108.335,108.335,108.335,108.335,108.335,108.335,108.335,108.335,108.335,108.335,108.335
2011-01-02 02:00:00,108.335,108.335,108.335,108.335,108.335,108.335,108.335,108.335,108.335,108.335,108.335,108.335
2011-01-02 03:00:00,108.335,108.335,108.335,108.335,108.335,108.335,108.335,108.335,108.335,108.335,108.335,108.335
2011-01-02 04:00:00,108.335,108.335,108.335,108.335,108.335,108.335,108.335,108.335,108.335,108.335,108.335,108.335
2011-01-02 05:00:00,108.335,108.335,108.335,108.335,108.335,108.335,108.335,108.335,108.335,108.335,108.335,108.335
2011-01-02 06:00:00,108.335,108.335,108.335,108.335,108.335,108.335,108.335,108.335,108.335,108.335,108.335,108.335
2011-01-02 07:00:00,108.335,108.335,108.335,108.335,108.335,108.335,108.335,108.335,108.335,108.335,108.335,108.335
2011-01-02 08:00:00,101.771,101.771,101.771,101.771,101.771,101.771,101.771,101.771,101.771,101.771,101.771,101.771
2011-01-02 09:00:00,69.325,69.325,69.325,69.325,69.325,69.325,69.325,69.325,69.325,69.325,69.325,69.325
2011-01-02 10:00:00,69.325,69.325,69.325,69.325,69.325,69.325,69.325,69.325,69.325,69.325,69.325,69.325
2011-01-02 11:00:00,69.325,69.325,69.325,69.325,69.325,69.325,69.325,69.325,69.325,69.325,69.325,69.325
2011-01-02 12:00:00,69.325,69.325,69.325,69.325,69.325,69.325,69.325,69.325,69.325,69.325,69.325,69.325
2011-01-02 13:00:00,69.901,69.901,69.901,69.901,69.901,69.901,69.901,69.901,69.901,69.901,69.901,69.901
2011-01-02 14:00:00,102.026,102.026,102.026,102.026,102.026,102.026,102.026,102.026,102.026,102.026,102.026,102.026
2011-01-02 15:00:00,108.335,108.335,108.335,108.335,108.335,108.335,108.335,108.335,108.335,108.335,108.335,108.335
2011-01-02 16:00:00,108.335,108.335,108.335,108.335,108.335,108.335,108.335,108.335,108.335,108.335,108.335,108.335
2011-01-02 17:00:00,108.335,108.335,108.335,108.335,108.335,108.335,108.335,108.335,108.335,108.335,108.335,108.335
2011-01-02 18:00:00,108.335,108.335,108.335,108.335,108.335,108.335,108.335,108.335,108.335,108.335,108.335,108.335
2011-01-02 19:00:00,108.335,108.335,108.335,108.335,108.335,108.335,108.335,108.335,108.335,108.335,108.335,108.335
2011-01-02 20:00:00,108.335,108.335,108.335,108.335,108.335,108.335,108.335,108.335,108.335,108.335,108.335,108.335
2011-01-02 21:00:00,108.335,108.335,108.335,108.335,108.335,108.335,108.335,108.335,108.335,108.335,108.335,108.335
2011-01-02 22:00:00,108.335,108.335,108.335,108.335,108.335,108.335,108.335,108.335,108.335,108.335,108.335,108.335
2011-01-02 23:00:00,108.335,108.335,108.335,108.335,108.335,108.335,108.335,108.335,108.335,108.335,108.335,108.335
2011-01-03 00:00:00,70.495,70.495,70.495,70.495,70.495,70.495,70.495,70.495,70.495,70.495,70.495,70.495
2011-01-03 01:00:00,70.495,70.495,70.495,70.495,70.495,70.495,70.495,70.495,70.495,70.495,70.495,70.495
2011-01-03 02:00:00,70.495,70.495,70.495,70.495,70.495,70.495,70.495,70.495,70.495,70.495,70.495,70.495
2011-01-03 03:00:00,70.495,70.495,70.495,70.495,70.495,70.495,70.495,70.495,70.495,70.495,70.495,70.495
2011-01-03 04:00:00,70.495,70.495,70.495,70.495,70.495,70.495,70.495,70.495,70.495,70.495,70.495,70.495
2011-01-03 05:00:00,70.495,70.495,70.495,70.495,70.495,70.495,70.495,70.495,70.495,70.495,70.495,70.495
2011-01-03 06:00:00,69.304,69.304,69.304,69.304,69.304,69.304,69.304,69.304,69.304,69.304,69.304,69.304
2011-01-03 07:00:00,67.625,67.625,67.625,67.625,67.625,67.625,67.625,67.625,67.625,67.625,67.625,67.625
2011-01-03 08:00:00,45.321,45.321,45.321,45.321,45.321,45.321,45.321,45.321,45.321,45.321,45.321,45.321
2011-01-03 09:00:00,34.176,34.176,34.176,34.176,34.176,34.176,34.176,34.176,34.176,34.176,34.176,34.176
2011-01-03 10:00:00,33.437,33.437,33.437,33.437,33.437,33.437,33.437,33.437,33.437,33.437,33.437,33.437
2011-01-03 11:00:00,33.437,33.437,33.437,33.437,33.437,33.437,33.437,33.437,33.437,33.437,33.437,33.437
2011-01-03 12:00:00,33.437,33.437,33.437,33.437,33.437,33.437,33.437,33.437,33.437,33.437,33.437,33.437
2011-01-03 13:00:00,39.232,39.232,39.232,39.232,39.232,39.232,39.232,39.232,39.232,39.232,39.232,39.232
2011-01-03 14:00:00,54.132,54.132,54.132,54.132,54.132,54.132,54.132,54.132,54.132,54.132,54.132,54.132
2011-01-03 15:00:00,70.81,70.81,70.81,70.81,70.81,70.81,70.81,70.81,70.81,70.81,70.81,70.81
2011-01-03 16:00:00,71.318,71.318,71.318,71.318,71.318,71.318,71.318,71.318,71.318,71.318,71.318,71.318
2011-01-03 17:00:00,71.239,71.239,71.239,71.239,71.239,71.239,71.239,71.239,71.239,71.239,71.239,71.239
2011-01-03 18:00:00,70.81,70.81,70.81,70.81,70.81,70.81,70.81,70.81,70.81,70.81,70.81,70.81
2011-01-03 19:00:00,70.81,70.81,70.81,70.81,70.81,70.81,70.81,70.81,70.81,70.81,70.81,70.81
2011-01-03 20:00:00,70.81,70.81,70.81,70.81,70.81,70.81,70.81,70.81,70.81,70.81,70.81,70.81
2011-01-03 21:00:00,70.81,70.81,70.81,70.81,70.81,70.81,70.81,70.81,70.81,70.81,70.81,70.81
2011-01-03 22:00:00,70.495,70.495,70.495,70.495,70.495,70.495,70.495,70.495,70.495,70.495,70.495,70.495
2011-01-03 23:00:00,70.495,70.495,70.495,70.495,70.495,70.495,70.495,70.495,70.495,70.495,70.495,70.495
2011-01-04 00:00:00,33.153,33.153,33.153,33.153,33.153,33.153,33.153,33.153,33.153,33.153,33.153,33.153
2011-01-04 01:00:00,33.153,33.153,33.153,33.153,33.153,33.153,33.153,33.153,33.153,33.153,33.153,33.153
2011-01-04 02:00:00,33.153,33.153,33.153,33.153,33.153,33.153,33.153,33.153,33.153,33.153,33.153,33.153
2011-01-04 03:00:00,33.153,33.153,33.153,33.153,33.153,33.153,33.153,33.153,33.153,33.153,33.153,33.153
2011-01-04 04:00:00,33.153,33.153,33.153,33.153,33.153,33.153,33.153,33.153,33.153,33.153,33.153,33.153
2011-01-04 05:00:00,33.153,33.153,33.153,33.153,33.153,33.153,33.153,33.153,33.153,33.153,33.153,33.153
2011-01-04 06:00:00,29.756,29.756,29.756,29.756,29.756,29.756,29.756,29.756,29.756,29.756,29.756,29.756
2011-01-04 07:00:00,29.756,29.756,29.756,29.756,29.756,29.756,29.756,29.756,29.756,29.756,29.756,29.756
2011-01-04 08:00:00,24.132,24.132,24.132,24.132,24.132,24.132,24.132,24.132,24.132,24.132,24.132,24.132
2011-01-04 09:00:00,20.171,20.171,20.171,20.171,20.171,20.171,20.171,20.171,20.171,20.171,20.171,20.171
2011-01-04 10:00:00,19.822,19.822,19.822,19.822,19.822,19.822,19.822,19.822,19.822,19.822,19.822,19.822
2011-01-04 11:00:00,19.822,19.822,19.822,19.822,19.822,19.822,19.822,19.822,19.822,19.822,19.822,19.822
2011-01-04 12:00:00,19.822,19.822,19.822,19.822,19.822,19.822,19.822,19.822,19.822,19.822,19.822,19.822
2011-01-04 13:00:00,19.822,19.822,19.822,19.822,19.822,19.822,19.822,19.822,19.822,19.822,19.822,19.822
2011-01-04 14:00:00,20.731,20.731,20.731,20.731,20.731,20.731,20.731,20.731,20.731,20.731,20.731,20.731
2011-01-04 15:00:00,24.131,24.131,24.131,24.131,24.131,24.131,24.131,24.131,24.131,24.131,24.131,24.131
2011-01-04 16:00:00,33.153,33.153,33.153,33.153,33.153,33.153,33.153,33.153,33.153,33.153,33.153,33.153
2011-01-04 17:00:00,33.153,33.153,33.153,33.153,33.153,33.153,33.153,33.153,33.153,33.153,33.153,33.153
2011-01-04 18:00:00,33.153,33.153,33.153,33.153,33.153,33.153,33.153,33.153,33.153,33.153,33.153,33.153
2011-01-04 19:00:00,33.153,33.153,33.153,33.153,33.153,33.153,33.153,33.153,33.153,33.153,33.153,33.153
2011-01-04 20:00:00,33.153,33.153,33.153,33.153,33.153,33.153,33.153,33.153,33.153,33.153,33.153,33.153
2011-01-04 21:00:00,33.153,33.153,33.153,33.153,33.153,33.153,33.153,33.153,33.153,33.153,33.153,33.153
2011-01-04 22:00:00,33.153,33.153,33.153,33.153,33.153,33.153,33.153,33.153,33.153,33.153,33.153,33.153
2011-01-04 23:00:00,33.153,33.153,33.153,33.153,33.153,33.153,33.153,33.153,33.153,33.153,33.153,33.153
2011-01-05 00:00:00,23.053,23.053,23.053,23.053,23.053,23.053,23.053,23.053,23.053,23.053,23.053,23.053
2011-01-05 01:00:00,23.053,23.053,23.053,23.053,23.053,23.053,23.053,23.053,23.053,23.053,23.053,23.053
2011-01-05 02:00:00,23.053,23.053,23.053,23.053,23.053,23.053,23.053,23.053,23.053,23.053,23.053,23.053
2011-01-05 03:00:00,23.053,23.053,23.053,23.053,23.053,23.053,23.053,23.053,23.053,23.053,23.053,23.053
2011-01-05 04:00:00,23.053,23.053,23.053,23.053,23.053,23.053,23.053,23.053,23.053,23.053,23.053,23.053
2011-01-05 05:00:00,23.053,23.053,23.053,23.053,23.053,23.053,23.053,23.053,23.053,23.053,23.053,23.053
2011-01-05 06:00:00,23.08,23.08,23.08,23.08,23.08,23.08,23.08,23.08,23.08,23.08,23.08,23.08
2011-01-05 07:00:00,23.52,23.52,23.52,23.52,23.52,23.52,23.52,23.52,23.52,23.52,23.52,23.52
2011-01-05 08:00:00,23.477,23.477,23.477,23.477,23.477,23.477,23.477,23.477,23.477,23.477,23.477,23.477
2011-01-05 09:00:00,23.03,23.03,23.03,23.03,23.03,23.03,23.03,23.03,23.03,23.03,23.03,23.03
2011-01-05 10:00:00,23.03,23.03,23.03,23.03,23.03,23.03,23.03,23.03,23.03,23.03,23.03,23.03
2011-01-05 11:00:00,21.707,21.707,21.707,21.707,21.707,21.707,21.707,21.707,21.707,21.707,21.707,21.707
2011-01-05 12:00:00,21.707,21.707,21.707,21.707,21.707,21.707,21.707,21.707,21.707,21.707,21.707,21.707
2011-01-05 13:00:00,21.707,21.707,21.707,21.707,21.707,21.707,21.707,21.707,21.707,21.707,21.707,21.707
2011-01-05 14:00:00,22.141,22.141,22.141,22.141,22.141,22.141,22.141,22.141,22.141,22.141,22.141,22.141
2011-01-05 15:00:00,23.053,23.053,23.053,23.053,23.053,23.053,23.053,23.053,23.053,23.053,23.053,23.053
2011-01-05 16:00:00,23.08,23.08,23.08,23.08,23.08,23.08,23.08,23.08,23.08,23.08,23.08,23.08
2011-01-05 17:00:00,23.053,23.053,23.053,23.053,23.053,23.053,23.053,23.053,23.053,23.053,23.053,23.053
2011-01-05 18:00:00,23.053,23.053,23.053,23.053,23.053,23.053,23.053,23.053,23.053,23.053,23.053,23.053
2011-01-05 19:00:00,23.053,23.053,23.053,23.053,23.053,23.053,23.053,23.053,23.053,23.053,23.053,23.053
2011-01-05 20:00:00,23.053,23.053,23.053,23.053,23.053,23.053,23.053,23.053,23.053,23.053,23.053,23.053
2011-01-05 21:00:00,23.053,23.053,23.053,23.053,23.053,23.053,23.053,23.053,23.053,23.053,23.053,23.053
2011-01-05 22:00:00,23.053,23.053,23.053,23.053,23.053,23.053,23.053,23.053,23.053,23.053,23.053,23.053
2011-01-05 23:00:00,23.053,23.053,23.053,23.053,23.053,23.053,23.053,23.053,23.053,23.053,23.053,23.053
2011-01-06 00:00:00,23.598,23.598,23.598,23.598,23.598,23.598,23.598,23.598,23.598,23.598,23.598,23.598
2011-01-06 01:00:00,23.598,23.598,23.598,23.598,23.598,23.598,23.598,23.598,23.598,23.598,23.598,23.598
2011-01-06 02:00:00,23.598,23.598,23.598,23.598,23.598,23.598,23.598,23.598,23.598,23.598,23.598,23.598
2011-01-06 03:00:00,23.598,23.598,23.598,23.598,23.598,23.598,23.598,23.598,23.598,23.598,23.598,23.598
2011-01-06 04:00:00,23.598,23.598,23.598,23.598,23.598,23.598,23.598,23.598,23.598,23.598,23.598,23.598
2011-01-06 05:00:00,23.598,23.598,23.598,23.598,23.598,23.598,23.598,23.598,23.598,23.598,23.598,23.598
2011-01-06 06:00:00,21.622,21.622,21.622,21.622,21.622,21.622,21.622,21.622,21.622,21.622,21.622,21.622
2011-01-06 07:00:00,21.732,21.732,21.732,21.732,21.732,21.732,21.732,21.732,21.732,21.732,21.732,21.732
2011-01-06 08:00:00,21.732,21.732,21.732,21.732,21.732,21.732,21.732,21.732,21.732,21.732,21.732,21.732
2011-01-06 09:00:00,21.378,21.378,21.378,21.378,21.378,21.378,21.378,21.378,21.378,21.378,21.378,21.378
2011-01-06 10:00:00,21.498,21.498,21.498,21.498,21.498,21.498,21.498,21.498,21.498,21.498,21.498,21.498
2011-01-06 11:00:00,21.594,21.594,21.594,21.594,21.594,21.594,21.594,21.594,21.594,21.594,21.594,21.594
2011-01-06 12:00:00,21.621,21.621,21.621,21.621,21.621,21.621,21.621,21.621,21.621,21.621,21.621,21.621
2011-01-06 13:00:00,22.158,22.158,22.158,22.158,22.158,22.158,22.158,22.158,22.158,22.158,22.158,22.158
2011-01-06 14:00:00,22.936,22.936,22.936,22.936,22.936,22.936,22.936,22.936,22.936,22.936,22.936,22.936
2011-01-06 15:00:00,23.921,23.921,23.921,23.921,23.921,23.921,23.921,23.921,23.921,23.921,23.921,23.921
2011-01-06 16:00:00,24.004,24.004,24.004,24.004,24.004,24.004,24.004,24.004,24.004,24.004,24.004,24.004
2011-01-06 17:00:00,24.004,24.004,24.004,24.004,24.004,24.004,24.004,24.004,24.004,24.004,24.004,24.004
2011-01-06 18:00:00,24.004,24.004,24.004,24.004,24.004,24.004,24.004,24.004,24.004,24.004,24.004,24.004
2011-01-06 19:00:00,24.004,24.004,24.004,24.004,24.004,24.004,24.004,24.004,24.004,24.004,24.004,24.004
2011-01-06 20:00:00,23.698,23.698,23.698,23.698,23.698,23.698,23.698,23.698,23.698,23.698,23.698,23.698
2011-01-06 21:00:00,23.698,23.698,23.698,23.698,23.698,23.698,23.698,23.698,23.698,23.698,23.698,23.698
2011-01-06 22:00:00,23.78,23.78,23.78,23.78,23.78,23.78,23.78,23.78,23.78,23.78,23.78,23.78
2011-01-06 23:00:00,23.73,23.73,23.73,23.73,23.73,23.73,23.73,23.73,23.73,23.73,23.73,23.73
2011-01-07 00:00:00,22.75,22.75,22.75,22.75,22.75,22.75,22.75,22.75,22.75,22.75,22.75,22.75
2011-01-07 01:00:00,22.75,22.75,22.75,22.75,22.75,22.75,22.75,22.75,22.75,22.75,22.75,22.75
2011-01-07 02:00:00,22.75,22.75,22.75,22.75,22.75,22.75,22.75,22.75,22.75,22.75,22.75,22.75
2011-01-07 03:00:00,22.75,22.75,22.75,22.75,22.75,22.75,22.75,22.75,22.75,22.75,22.75,22.75
2011-01-07 04:00:00,22.75,22.75,22.75,22.75,22.75,22.75,22.75,22.75,22.75,22.75,22.75,22.75
2011-01-07 05:00:00,22.75,22.75,22.75,22.75,22.75,22.75,22.75,22.75,22.75,22.75,22.75,22.75
2011-01-07 06:00:00,22.752,22.752,22.752,22.752,22.752,22.752,22.752,22.752,22.752,22.752,22.752,22.752
2011-01-07 07:00:00,23.315,23.315,23.315,23.315,23.315,23.315,23.315,23.315,23.315,23.315,23.315,23.315
2011-01-07 08:00:00,23.3,23.3,23.3,23.3,23.3,23.3,23.3,23.3,23.3,23.3,23.3,23.3
2011-01-07 09:00:00,20.802,20.802,20.802,20.802,20.802,20.802,20.802,20.802,20.802,20.802,20.802,20.802
2011-01-07 10:00:00,19.603,19.603,19.603,19.603,19.603,19.603,19.603,19.603,19.603,19.603,19.603,19.603
2011-01-07 11:00:00,19.603,19.603,19.603,19.603,19.603,19.603,19.603,19.603,19.603,19.603,19.603,19.603
2011-01-07 12:00:00,19.603,19.603,19.603,19.603,19.603,19.603,19.603,19.603,19.603,19.603,19.603,19.603
2011-01-07 13:00:00,20.465,20.465,20.465,20.465,20.465,20.465,20.465,20.465,20.465,20.465,20.465,20.465
2011-01-07 14:00:00,22.351,22.351,22.351,22.351,22.351,22.351,22.351,22.351,22.351,22.351,22.351,22.351
2011-01-07 15:00:00,23.032,23.032,23.032,23.032,23.032,23.032,23.032,23.032,23.032,23.032,23.032,23.032
2011-01-07 16:00:00,23.131,23.131,23.131,23.131,23.131,23.131,23.131,23.131,23.131,23.131,23.131,23.131
2011-01-07 17:00:00,23.074,23.074,23.074,23.074,23.074,23.074,23.074,23.074,23.074,23.074,23.074,23.074
2011-01-07 18:00:00,22.75,22.75,22.75,22.75,22.75,22.75,22.75,22.75,22.75,22.75,22.75,22.75
2011-01-07 19:00:00,22.75,22.75,22.75,22.75,22.75,22.75,22.75,22.75,22.75,22.75,22.75,22.75
2011-01-07 20:00:00,22.75,22.75,22.75,22.75,22.75,22.75,22.75,22.75,22.75,22.75,22.75,22.75
2011-01-07 21:00:00,22.75,22.75,22.75,22.75,22.75,22.75,22.75,22.75,22.75,22.75,22.75,22.75
2011-01-07 22:00:00,22.75,22.75,22.75,22.75,22.75,22.75,22.75,22.75,22.75,22.75,22.75,22.75
2011-01-07 23:00:00,22.75,22.75,22.75,22.75,22.75,22.75,22.75,22.75,22.75,22.75,22.75,22.75
2011-01-08 00:00:00,21.37,21.37,21.37,21.37,21.37,21.37,21.37,21.37,21.37,21.37,21.37,21.37
2011-01-08 01:00:00,21.37,21.37,21.37,21.37,21.37,21.37,21.37,21.37,21.37,21.37,21.37,21.37
2011-01-08 02:00:00,21.37,21.37,21.37,21.37,21.37,21.37,21.37,21.37,21.37,21.37,21.37,21.37
2011-01-08 03:00:00,21.37,21.37,21.37,21.37,21.37,21.37,21.37,21.37,21.37,21.37,21.37,21.37
2011-01-08 04:00:00,21.308,21.308,21.308,21.308,21.308,21.308,21.308,21.308,21.308,21.308,21.308,21.308
2011-01-08 05:00:00,21.37,21.37,21.37,21.37,21.37,21.37,21.37,21.37,21.37,21.37,21.37,21.37
2011-01-08 06:00:00,21.37,21.37,21.37,21.37,21.37,21.37,21.37,21.37,21.37,21.37,21.37,21.37
2011-01-08 07:00:00,21.369,21.369,21.369,21.369,21.369,21.369,21.369,21.369,21.369,21.369,21.369,21.369
2011-01-08 08:00:00,21.126,21.126,21.126,21.126,21.126,21.126,21.126,21.126,21.126,21.126,21.126,21.126
2011-01-08 09:00:00,19.261,19.261,19.261,19.261,19.261,19.261,19.261,19.261,19.261,19.261,19.261,19.261
2011-01-08 10:00:00,18.859,18.859,18.859,18.859,18.859,18.859,18.859,18.859,18.859,18.859,18.859,18.859
2011-01-08 11:00:00,18.859,18.859,18.859,18.859,18.859,18.859,18.859,18.859,18.859,18.859,18.859,18.859
2011-01-08 12:00:00,18.859,18.859,18.859,18.859,18.859,18.859,18.859,18.859,18.859,18.859,18.859,18.859
2011-01-08 13:00:00,18.859,18.859,18.859,18.859,18.859,18.859,18.859,18.859,18.859,18.859,18.859,18.859
2011-01-08 14:00:00,20.723,20.723,20.723,20.723,20.723,20.723,20.723,20.723,20.723,20.723,20.723,20.723
2011-01-08 15:00:00,21.126,21.126,21.126,21.126,21.126,21.126,21.126,21.126,21.126,21.126,21.126,21.126
2011-01-08 16:00:00,21.126,21.126,21.126,21.126,21.126,21.126,21.126,21.126,21.126,21.126,21.126,21.126
2011-01-08 17:00:00,21.126,21.126,21.126,21.126,21.126,21.126,21.126,21.126,21.126,21.126,21.126,21.126
2011-01-08 18:00:00,21.126,21.126,21.126,21.126,21.126,21.126,21.126,21.126,21.126,21.126,21.126,21.126
2011-01-08 19:00:00,21.126,21.126,21.126,21.126,21.126,21.126,21.126,21.126,21.126,21.126,21.126,21.126
2011-01-08 20:00:00,21.126,21.126,21.126,21.126,21.126,21.126,21.126,21.126,21.126,21.126,21.126,21.126
2011-01-08 21:00:00,21.126,21.126,21.126,21.126,21.126,21.126,21.126,21.126,21.126,21.126,21.126,21.126
2011-01-08 22:00:00,21.126,21.126,21.126,21.126,21.126,21.126,21.126,21.126,21.126,21.126,21.126,21.126
2011-01-08 23:00:00,21.126,21.126,21.126,21.126,21.126,21.126,21.126,21.126,21.126,21.126,21.126,21.126
2011-01-09 00:00:00,37.684,37.684,37.684,37.684,37.684,37.684,37.684,37.684,37.684,37.684,37.684,37.684
2011-01-09 01:00:00,37.684,37.684,37.684,37.684,37.684,37.684,37.684,37.684,37.684,37.684,37.684,37.684
2011-01-09 02:00:00,37.684,37.684,37.684,37.684,37.684,37.684,37.684,37.684,37.684,37.684,37.684,37.684
2011-01-09 03:00:00,37.684,37.684,37.684,37.684,37.684,37.684,37.684,37.684,37.684,37.684,37.684,37.684
2011-01-09 04:00:00,37.684,37.684,37.684,37.684,37.684,37.684,37.684,37.684,37.684,37.684,37.684,37.684
2011-01-09 05:00:00,37.684,37.684,37.684,37.684,37.684,37.684,37.684,37.684,37.684,37.684,37.684,37.684
2011-01-09 06:00:00,37.684,37.684,37.684,37.684,37.684,37.684,37.684,37.684,37.684,37.684,37.684,37.684
2011-01-09 07:00:00,37.684,37.684,37.684,37.684,37.684,37.684,37.684,37.684,37.684,37.684,37.684,37.684
2011-01-09 08:00:00,37.681,37.681,37.681,37.681,37.681,37.681,37.681,37.681,37.681,37.681,37.681,37.681
2011-01-09 09:00:00,33.885,33.885,33.885,33.885,33.885,33.885,33.885,33.885,33.885,33.885,33.885,33.885
2011-01-09 10:00:00,33.885,33.885,33.885,33.885,33.885,33.885,33.885,33.885,33.885,33.885,33.885,33.885
2011-01-09 11:00:00,33.885,33.885,33.885,33.885,33.885,33.885,33.885,33.885,33.885,33.885,33.885,33.885
2011-01-09 12:00:00,33.885,33.885,33.885,33.885,33.885,33.885,33.885,33.885,33.885,33.885,33.885,33.885
2011-01-09 13:00:00,34.481,34.481,34.481,34.481,34.481,34.481,34.481,34.481,34.481,34.481,34.481,34.481
2011-01-09 14:00:00,37.154,37.154,37.154,37.154,37.154,37.154,37.154,37.154,37.154,37.154,37.154,37.154
2011-01-09 15:00:00,37.684,37.684,37.684,37.684,37.684,37.684,37.684,37.684,37.684,37.684,37.684,37.684
2011-01-09 16:00:00,37.684,37.684,37.684,37.684,37.684,37.684,37.684,37.684,37.684,37.684,37.684,37.684
2011-01-09 17:00:00,37.858,37.858,37.858,37.858,37.858,37.858,37.858,37.858,37.858,37.858,37.858,37.858
2011-01-09 18:00:00,37.684,37.684,37.684,37.684,37.684,37.684,37.684,37.684,37.684,37.684,37.684,37.684
2011-01-09 19:00:00,37.684,37.684,37.684,37.684,37.684,37.684,37.684,37.684,37.684,37.684,37.684,37.684
2011-01-09 20:00:00,37.684,37.684,37.684,37.684,37.684,37.684,37.684,37.684,37.684,37.684,37.684,37.684
2011-01-09 21:00:00,37.684,37.684,37.684,37.684,37.684,37.684,37.684,37.684,37.684,37.684,37.684,37.684
2011-01-09 22:00:00,37.684,37.684,37.684,37.684,37.684,37.684,37.684,37.684,37.684,37.684,37.684,37.684
2011-01-09 23:00:00,37.871,37.871,37.871,37.871,37.871,37.871,37.871,37.871,37.871,37.871,37.871,37.871
2011-01-10 00:00:00,27.593,27.593,27.593,27.593,27.593,27.593,27.593,27.593,27.593,27.593,27.593,27.593
2011-01-10 01:00:00,27.593,27.593,27.593,27.593,27.593,27.593,27.593,27.593,27.593,27.593,27.593,27.593
2011-01-10 02:00:00,27.593,27.593,27.593,27.593,27.593,27.593,27.593,27.593,27.593,27.593,27.593,27.593
2011-01-10 03:00:00,27.593,27.593,27.593,27.593,27.593,27.593,27.593,27.593,27.593,27.593,27.593,27.593
2011-01-10 04:00:00,27.593,27.593,27.593,27.593,27.593,27.593,27.593,27.593,27.593,27.593,27.593,27.593
2011-01-10 05:00:00,27.593,27.593,27.593,27.593,27.593,27.593,27.593,27.593,27.593,27.593,27.593,27.593
2011-01-10 06:00:00,27.542,27.542,27.542,27.542,27.542,27.542,27.542,27.542,27.542,27.542,27.542,27.542
2011-01-10 07:00:00,26.593,26.593,26.593,26.593,26.593,26.593,26.593,26.593,26.593,26.593,26.593,26.593
2011-01-10 08:00:00,26.964,26.964,26.964,26.964,26.964,26.964,26.964,26.964,26.964,26.964,26.964,26.964
2011-01-10 09:00:00,23.522,23.522,23.522,23.522,23.522,23.522,23.522,23.522,23.522,23.522,23.522,23.522
2011-01-10 10:00:00,23.522,23.522,23.522,23.522,23.522,23.522,23.522,23.522,23.522,23.522,23.522,23.522
2011-01-10 11:00:00,23.522,23.522,23.522,23.522,23.522,23.522,23.522,23.522,23.522,23.522,23.522,23.522
2011-01-10 12:00:00,23.522,23.522,23.522,23.522,23.522,23.522,23.522,23.522,23.522,23.522,23.522,23.522
2011-01-10 13:00:00,25.756,25.756,25.756,25.756,25.756,25.756,25.756,25.756,25.756,25.756,25.756,25.756
2011-01-10 14:00:00,26.231,26.231,26.231,26.231,26.231,26.231,26.231,26.231,26.231,26.231,26.231,26.231
2011-01-10 15:00:00,27.593,27.593,27.593,27.593,27.593,27.593,27.593,27.593,27.593,27.593,27.593,27.593
2011-01-10 16:00:00,27.593,27.593,27.593,27.593,27.593,27.593,27.593,27.593,27.593,27.593,27.593,27.593
2011-01-10 17:00:00,27.593,27.593,27.593,27.593,27.593,27.593,27.593,27.593,27.593,27.593,27.593,27.593
2011-01-10 18:00:00,27.593,27.593,27.593,27.593,27.593,27.593,27.593,27.593,27.593,27.593,27.593,27.593
2011-01-10 19:00:00,27.593,27.593,27.593,27.593,27.593,27.593,27.593,27.593,27.593,27.593,27.593,27.593
2011-01-10 20:00:00,27.593,27.593,27.593,27.593,27.593,27.593,27.593,27.593,27.593,27.593,27.593,27.593
2011-01-10 21:00:00,27.593,27.593,27.593,27.593,27.593,27.593,27.593,27.593,27.593,27.593,27.593,27.593
2011-01-10 22:00:00,27.593,27.593,27.593,27.593,27.593,27.593,27.593,27.593,27.593,27.593,27.593,27.593
2011-01-10 23:00:00,27.593,27.593,27.593,27.593,27.593,27.593,27.593,27.593,27.593,27.593,27.593,27.593
2011-01-11 00:00:00,23.304,23.304,23.304,23.304,23.304,23.304,23.304,23.304,23.304,23.304,23.304,23.304
2011-01-11 01:00:00,23.304,23.304,23.304,23.304,23.304,23.304,23.304,23.304,23.304,23.304,23.304,23.304
2011-01-11 02:00:00,23.304,23.304,23.304,23.304,23.304,23.304,23.304,23.304,23.304,23.304,23.304,23.304
2011-01-11 03:00:00,23.304,23.304,23.304,23.304,23.304,23.304,23.304,23.304,23.304,23.304,23.304,23.304
2011-01-11 04:00:00,23.304,23.304,23.304,23.304,23.304,23.304,23.304,23.304,23.304,23.304,23.304,23.304
2011-01-11 05:00:00,23.304,23.304,23.304,23.304,23.304,23.304,23.304,23.304,23.304,23.304,23.304,23.304
2011-01-11 06:00:00,22.387,22.387,22.387,22.387,22.387,22.387,22.387,22.387,22.387,22.387,22.387,22.387
2011-01-11 07:00:00,21.62,21.62,21.62,21.62,21.62,21.62,21.62,21.62,21.62,21.62,21.62,21.62
2011-01-11 08:00:00,22.057,22.057,22.057,22.057,22.057,22.057,22.057,22.057,22.057,22.057,22.057,22.057
2011-01-11 09:00:00,20.993,20.993,20.993,20.993,20.993,20.993,20.993,20.993,20.993,20.993,20.993,20.993
2011-01-11 10:00:00,20.993,20.993,20.993,20.993,20.993,20.993,20.993,20.993,20.993,20.993,20.993,20.993
2011-01-11 11:00:00,20.993,20.993,20.993,20.993,20.993,20.993,20.993,20.993,20.993,20.993,20.993,20.993
2011-01-11 12:00:00,21.261,21.261,21.261,21.261,21.261,21.261,21.261,21.261,21.261,21.261,21.261,21.261
2011-01-11 13:00:00,22.158,22.158,22.158,22.158,22.158,22.158,22.158,22.158,22.158,22.158,22.158,22.158
2011-01-11 14:00:00,23.251,23.251,23.251,23.251,23.251,23.251,23.251,23.251,23.251,23.251,23.251,23.251
2011-01-11 15:00:00,23.635,23.635,23.635,23.635,23.635,23.635,23.635,23.635,23.635,23.635,23.635,23.635
2011-01-11 16:00:00,23.8,23.8,23.8,23.8,23.8,23.8,23.8,23.8,23.8,23.8,23.8,23.8
2011-01-11 17:00:00,23.85,23.85,23.85,23.85,23.85,23.85,23.85,23.85,23.85,23.85,23.85,23.85
2011-01-11 18:00:00,23.65,23.65,23.65,23.65,23.65,23.65,23.65,23.65,23.65,23.65,23.65,23.65
2011-01-11 19:00:00,23.483,23.483,23.483,23.483,23.483,23.483,23.483,23.483,23.483,23.483,23.483,23.483
2011-01-11 20:00:00,23.483,23.483,23.483,23.483,23.483,23.483,23.483,23.483,23.483,23.483,23.483,23.483
2011-01-11 21:00:00,23.781,23.781,23.781,23.781,23.781,23.781,23.781,23.781,23.781,23.781,23.781,23.781
2011-01-11 22:00:00,23.781,23.781,23.781,23.781,23.781,23.781,23.781,23.781,23.781,23.781,23.781,23.781
2011-01-11 23:00:00,23.781,23.781,23.781,23.781,23.781,23.781,23.781,23.781,23.781,23.781,23.781,23.781
2011-01-12 00:00:00,24.576,24.576,24.576,24.576,24.576,24.576,24.576,24.576,24.576,24.576,24.576,24.576
2011-01-12 01:00:00,24.576,24.576,24.576,24.576,24.576,24.576,24.576,24.576,24.576,24.576,24.576,24.576
2011-01-12 02:00:00,24.576,24.576,24.576,24.576,24.576,24.576,24.576,24.576,24.576,24.576,24.576,24.576
2011-01-12 03:00:00,24.576,24.576,24.576,24.576,24.576,24.576,24.576,24.576,24.576,24.576,24.576,24.576
2011-01-12 04:00:00,24.576,24.576,24.576,24.576,24.576,24.576,24.576,24.576,24.576,24.576,24.576,24.576
2011-01-12 05:00:00,24.576,24.576,24.576,24.576,24.576,24.576,24.576,24.576,24.576,24.576,24.576,24.576
2011-01-12 06:00:00,23.851,23.851,23.851,23.851,23.851,23.851,23.851,23.851,23.851,23.851,23.851,23.851
2011-01-12 07:00:00,23.932,23.932,23.932,23.932,23.932,23.932,23.932,23.932,23.932,23.932,23.932,23.932
2011-01-12 08:00:00,22.991,22.991,22.991,22.991,22.991,22.991,22.991,22.991,22.991,22.991,22.991,22.991
2011-01-12 09:00:00,21.633,21.633,21.633,21.633,21.633,21.633,21.633,21.633,21.633,21.633,21.633,21.633
2011-01-12 10:00:00,21.573,21.573,21.573,21.573,21.573,21.573,21.573,21.573,21.573,21.573,21.573,21.573
2011-01-12 11:00:00,21.013,21.013,21.013,21.013,21.013,21.013,21.013,21.013,21.013,21.013,21.013,21.013
2011-01-12 12:00:00,21.013,21.013,21.013,21.013,21.013,21.013,21.013,21.013,21.013,21.013,21.013,21.013
2011-01-12 13:00:00,21.013,21.013,21.013,21.013,21.013,21.013,21.013,21.013,21.013,21.013,21.013,21.013
2011-01-12 14:00:00,21.997,21.997,21.997,21.997,21.997,21.997,21.997,21.997,21.997,21.997,21.997,21.997
2011-01-12 15:00:00,23.433,23.433,23.433,23.433,23.433,23.433,23.433,23.433,23.433,23.433,23.433,23.433
2011-01-12 16:00:00,24.576,24.576,24.576,24.576,24.576,24.576,24.576,24.576,24.576,24.576,24.576,24.576
2011-01-12 17:00:00,24.576,24.576,24.576,24.576,24.576,24.576,24.576,24.576,24.576,24.576,24.576,24.576
2011-01-12 18:00:00,24.576,24.576,24.576,24.576,24.576,24.576,24.576,24.576,24.576,24.576,24.576,24.576
2011-01-12 19:00:00,24.576,24.576,24.576,24.576,24.576,24.576,24.576,24.576,24.576,24.576,24.576,24.576
2011-01-12 20:00:00,24.576,24.576,24.576,24.576,24.576,24.576,24.576,24.576,24.576,24.576,24.576,24.576
2011-01-12 21:00:00,24.576,24.576,24.576,24.576,24.576,24.576,24.576,24.576,24.576,24.576,24.576,24.576
2011-01-12 22:00:00,24.576,24.576,24.576,24.576,24.576,24.576,24.576,24.576,24.576,24.576,24.576,24.576
2011-01-12 23:00:00,24.576,24.576,24.576,24.576,24.576,24.576,24.576,24.576,24.576,24.576,24.576,24.576
2011-01-13 00:00:00,35.894,35.894,35.894,35.894,35.894,35.894,35.894,35.894,35.894,35.894,35.894,35.894
2011-01-13 01:00:00,35.894,35.894,35.894,35.894,35.894,35.894,35.894,35.894,35.894,35.894,35.894,35.894
2011-01-13 02:00:00,35.894,35.894,35.894,35.894,35.894,35.894,35.894,35.894,35.894,35.894,35.894,35.894
2011-01-13 03:00:00,35.894,35.894,35.894,35.894,35.894,35.894,35.894,35.894,35.894,35.894,35.894,35.894
2011-01-13 04:00:00,35.894,35.894,35.894,35.894,35.894,35.894,35.894,35.894,35.894,35.894,35.894,35.894
2011-01-13 05:00:00,36.496,36.496,36.496,36.496,36.496,36.496,36.496,36.496,36.496,36.496,36.496,36.496
2011-01-13 06:00:00,37.068,37.068,37.068,37.068,37.068,37.068,37.068,37.068,37.068,37.068,37.068,37.068
2011-01-13 07:00:00,37.99,37.99,37.99,37.99,37.99,37.99,37.99,37.99,37.99,37.99,37.99,37.99
2011-01-13 08:00:00,37.977,37.977,37.977,37.977,37.977,37.977,37.977,37.977,37.977,37.977,37.977,37.977
2011-01-13 09:00:00,35.748,35.748,35.748,35.748,35.748,35.748,35.748,35.748,35.748,35.748,35.748,35.748
2011-01-13 10:00:00,35.263,35.263,35.263,35.263,35.263,35.263,35.263,35.263,35.263,35.263,35.263,35.263
2011-01-13 11:00:00,35.263,35.263,35.263,35.263,35.263,35.263,35.263,35.263,35.263,35.263,35.263,35.263
2011-01-13 12:00:00,35.263,35.263,35.263,35.263,35.263,35.263,35.263,35.263,35.263,35.263,35.263,35.263
2011-01-13 13:00:00,35.334,35.334,35.334,35.334,35.334,35.334,35.334,35.334,35.334,35.334,35.334,35.334
2011-01-13 14:00:00,35.42,35.42,35.42,35.42,35.42,35.42,35.42,35.42,35.42,35.42,35.42,35.42
2011-01-13 15:00:00,35.894,35.894,35.894,35.894,35.894,35.894,35.894,35.894,35.894,35.894,35.894,35.894
2011-01-13 16:00:00,35.894,35.894,35.894,35.894,35.894,35.894,35.894,35.894,35.894,35.894,35.894,35.894
2011-01-13 17:00:00,35.894,35.894,35.894,35.894,35.894,35.894,35.894,35.894,35.894,35.894,35.894,35.894
2011-01-13 18:00:00,35.894,35.894,35.894,35.894,35.894,35.894,35.894,35.894,35.894,35.894,35.894,35.894
2011-01-13 19:00:00,35.894,35.894,35.894,35.894,35.894,35.894,35.894,35.894,35.894,35.894,35.894,35.894
2011-01-13 20:00:00,35.894,35.894,35.894,35.894,35.894,35.894,35.894,35.894,35.894,35.894,35.894,35.894
2011-01-13 21:00:00,35.894,35.894,35.894,35.894,35.894,35.894,35.894,35.894,35.894,35.894,35.894,35.894
2011-01-13 22:00:00,35.894,35.894,35.894,35.894,35.894,35.894,35.894,35.894,35.894,35.894,35.894,35.894
2011-01-13 23:00:00,35.894,35.894,35.894,35.894,35.894,35.894,35.894,35.894,35.894,35.894,35.894,35.894
2011-01-14 00:00:00,23.674,23.674,23.674,23.674,23.674,23.674,23.674,23.674,23.674,23.674,23.674,23.674
2011-01-14 01:00:00,23.674,23.674,23.674,23.674,23.674,23.674,23.674,23.674,23.674,23.674,23.674,23.674
2011-01-14 02:00:00,23.674,23.674,23.674,23.674,23.674,23.674,23.674,23.674,23.674,23.674,23.674,23.674
2011-01-14 03:00:00,23.674,23.674,23.674,23.674,23.674,23.674,23.674,23.674,23.674,23.674,23.674,23.674
2011-01-14 04:00:00,23.674,23.674,23.674,23.674,23.674,23.674,23.674,23.674,23.674,23.674,23.674,23.674
2011-01-14 05:00:00,24.229,24.229,24.229,24.229,24.229,24.229,24.229,24.229,24.229,24.229,24.229,24.229
2011-01-14 06:00:00,23.915,23.915,23.915,23.915,23.915,23.915,23.915,23.915,23.915,23.915,23.915,23.915
2011-01-14 07:00:00,25.325,25.325,25.325,25.325,25.325,25.325,25.325,25.325,25.325,25.325,25.325,25.325
2011-01-14 08:00:00,25.07,25.07,25.07,25.07,25.07,25.07,25.07,25.07,25.07,25.07,25.07,25.07
2011-01-14 09:00:00,23.588,23.588,23.588,23.588,23.588,23.588,23.588,23.588,23.588,23.588,23.588,23.588
2011-01-14 10:00:00,22.665,22.665,22.665,22.665,22.665,22.665,22.665,22.665,22.665,22.665,22.665,22.665
2011-01-14 11:00:00,22.665,22.665,22.665,22.665,22.665,22.665,22.665,22.665,22.665,22.665,22.665,22.665
2011-01-14 12:00:00,22.665,22.665,22.665,22.665,22.665,22.665,22.665,22.665,22.665,22.665,22.665,22.665
2011-01-14 13:00:00,23.052,23.052,23.052,23.052,23.052,23.052,23.052,23.052,23.052,23.052,23.052,23.052
2011-01-14 14:00:00,23.305,23.305,23.305,23.305,23.305,23.305,23.305,23.305,23.305,23.305,23.305,23.305
2011-01-14 15:00:00,24.229,24.229,24.229,24.229,24.229,24.229,24.229,24.229,24.229,24.229,24.229,24.229
2011-01-14 16:00:00,24.229,24.229,24.229,24.229,24.229,24.229,24.229,24.229,24.229,24.229,24.229,24.229
2011-01-14 17:00:00,23.874,23.874,23.874,23.874,23.874,23.874,23.874,23.874,23.874,23.874,23.874,23.874
2011-01-14 18:00:00,23.674,23.674,23.674,23.674,23.674,23.674,23.674,23.674,23.674,23.674,23.674,23.674
2011-01-14 19:00:00,23.674,23.674,23.674,23.674,23.674,23.674,23.674,23.674,23.674,23.674,23.674,23.674
2011-01-14 20:00:00,23.674,23.674,23.674,23.674,23.674,23.674,23.674,23.674,23.674,23.674,23.674,23.674
2011-01-14 21:00:00,23.674,23.674,23.674,23.674,23.674,23.674,23.674,23.674,23.674,23.674,23.674,23.674
2011-01-14 22:00:00,23.674,23.674,23.674,23.674,23.674,23.674,23.674,23.674,23.674,23.674,23.674,23.674
2011-01-14 23:00:00,23.674,23.674,23.674,23.674,23.674,23.674,23.674,23.674,23.674,23.674,23.674,23.674
2011-01-15 00:00:00,21.168,21.168,21.168,21.168,21.168,21.168,21.168,21.168,21.168,21.168,21.168,21.168
2011-01-15 01:00:00,21.168,21.168,21.168,21.168,21.168,21.168,21.168,21.168,21.168,21.168,21.168,21.168
2011-01-15 02:00:00,21.168,21.168,21.168,21.168,21.168,21.168,21.168,21.168,21.168,21.168,21.168,21.168
2011-01-15 03:00:00,21.168,21.168,21.168,21.168,21.168,21.168,21.168,21.168,21.168,21.168,21.168,21.168
2011-01-15 04:00:00,21.168,21.168,21.168,21.168,21.168,21.168,21.168,21.168,21.168,21.168,21.168,21.168
2011-01-15 05:00:00,21.168,21.168,21.168,21.168,21.168,21.168,21.168,21.168,21.168,21.168,21.168,21.168
2011-01-15 06:00:00,21.168,21.168,21.168,21.168,21.168,21.168,21.168,21.168,21.168,21.168,21.168,21.168
2011-01-15 07:00:00,21.168,21.168,21.168,21.168,21.168,21.168,21.168,21.168,21.168,21.168,21.168,21.168
2011-01-15 08:00:00,21.074,21.074,21.074,21.074,21.074,21.074,21.074,21.074,21.074,21.074,21.074,21.074
2011-01-15 09:00:00,18.732,18.732,18.732,18.732,18.732,18.732,18.732,18.732,18.732,18.732,18.732,18.732
2011-01-15 10:00:00,18.664,18.664,18.664,18.664,18.664,18.664,18.664,18.664,18.664,18.664,18.664,18.664
2011-01-15 11:00:00,18.664,18.664,18.664,18.664,18.664,18.664,18.664,18.664,18.664,18.664,18.664,18.664
2011-01-15 12:00:00,18.664,18.664,18.664,18.664,18.664,18.664,18.664,18.664,18.664,18.664,18.664,18.664
2011-01-15 13:00:00,18.664,18.664,18.664,18.664,18.664,18.664,18.664,18.664,18.664,18.664,18.664,18.664
2011-01-15 14:00:00,20.327,20.327,20.327,20.327,20.327,20.327,20.327,20.327,20.327,20.327,20.327,20.327
2011-01-15 15:00:00,21.074,21.074,21.074,21.074,21.074,21.074,21.074,21.074,21.074,21.074,21.074,21.074
2011-01-15 16:00:00,21.074,21.074,21.074,21.074,21.074,21.074,21.074,21.074,21.074,21.074,21.074,21.074
2011-01-15 17:00:00,21.074,21.074,21.074,21.074,21.074,21.074,21.074,21.074,21.074,21.074,21.074,21.074
2011-01-15 18:00:00,21.074,21.074,21.074,21.074,21.074,21.074,21.074,21.074,21.074,21.074,21.074,21.074
2011-01-15 19:00:00,21.074,21.074,21.074,21.074,21.074,21.074,21.074,21.074,21.074,21.074,21.074,21.074
2011-01-15 20:00:00,21.074,21.074,21.074,21.074,21.074,21.074,21.074,21.074,21.074,21.074,21.074,21.074
2011-01-15 21:00:00,21.074,21.074,21.074,21.074,21.074,21.074,21.074,21.074,21.074,21.074,21.074,21.074
2011-01-15 22:00:00,21.074,21.074,21.074,21.074,21.074,21.074,21.074,21.074,21.074,21.074,21.074,21.074
2011-01-15 23:00:00,21.074,21.074,21.074,21.074,21.074,21.074,21.074,21.074,21.074,21.074,21.074,21.074
2011-01-16 00:00:00,23.116,23.116,23.116,23.116,23.116,23.116,23.116,23.116,23.116,23.116,23.116,23.116
2011-01-16 01:00:00,23.116,23.116,23.116,23.116,23.116,23.116,23.116,23.116,23.116,23.116,23.116,23.116
2011-01-16 02:00:00,23.116,23.116,23.116,23.116,23.116,23.116,23.116,23.116,23.116,23.116,23.116,23.116
2011-01-16 03:00:00,23.116,23.116,23.116,23.116,23.116,23.116,23.116,23.116,23.116,23.116,23.116,23.116
2011-01-16 04:00:00,23.116,23.116,23.116,23.116,23.116,23.116,23.116,23.116,23.116,23.116,23.116,23.116
2011-01-16 05:00:00,23.116,23.116,23.116,23.116,23.116,23.116,23.116,23.116,23.116,23.116,23.116,23.116
2011-01-16 06:00:00,23.116,23.116,23.116,23.116,23.116,23.116,23.116,23.116,23.116,23.116,23.116,23.116
2011-01-16 07:00:00,23.116,23.116,23.116,23.116,23.116,23.116,23.116,23.116,23.116,23.116,23.116,23.116
2011-01-16 08:00:00,22.589,22.589,22.589,22.589,22.589,22.589,22.589,22.589,22.589,22.589,22.589,22.589
2011-01-16 09:00:00,16.49,16.49,16.49,16.49,16.49,16.49,16.49,16.49,16.49,16.49,16.49,16.49
2011-01-16 10:00:00,12.888,12.888,12.888,12.888,12.888,12.888,12.888,12.888,12.888,12.888,12.888,12.888
2011-01-16 11:00:00,12.888,12.888,12.888,12.888,12.888,12.888,12.888,12.888,12.888,12.888,12.888,12.888
2011-01-16 12:00:00,12.888,12.888,12.888,12.888,12.888,12.888,12.888,12.888,12.888,12.888,12.888,12.888
2011-01-16 13:00:00,12.888,12.888,12.888,12.888,12.888,12.888,12.888,12.888,12.888,12.888,12.888,12.888
2011-01-16 14:00:00,19.193,19.193,19.193,19.193,19.193,19.193,19.193,19.193,19.193,19.193,19.193,19.193
2011-01-16 15:00:00,23.197,23.197,23.197,23.197,23.197,23.197,23.197,23.197,23.197,23.197,23.197,23.197
2011-01-16 16:00:00,23.197,23.197,23.197,23.197,23.197,23.197,23.197,23.197,23.197,23.197,23.197,23.197
2011-01-16 17:00:00,23.197,23.197,23.197,23.197,23.197,23.197,23.197,23.197,23.197,23.197,23.197,23.197
2011-01-16 18:00:00,23.126,23.126,23.126,23.126,23.126,23.126,23.126,23.126,23.126,23.126,23.126,23.126
2011-01-16 19:00:00,23.116,23.116,23.116,23.116,23.116,23.116,23.116,23.116,23.116,23.116,23.116,23.116
2011-01-16 20:00:00,23.116,23.116,23.116,23.116,23.116,23.116,23.116,23.116,23.116,23.116,23.116,23.116
2011-01-16 21:00:00,23.116,23.116,23.116,23.116,23.116,23.116,23.116,23.116,23.116,23.116,23.116,23.116
2011-01-16 22:00:00,23.116,23.116,23.116,23.116,23.116,23.116,23.116,23.116,23.116,23.116,23.116,23.116
2011-01-16 23:00:00,23.116,23.116,23.116,23.116,23.116,23.116,23.116,23.116,23.116,23.116,23.116,23.116
2011-01-17 00:00:00,35.979,35.979,35.979,35.979,35.979,35.979,35.979,35.979,35.979,35.979,35.979,35.979
2011-01-17 01:00:00,35.979,35.979,35.979,35.979,35.979,35.979,35.979,35.979,35.979,35.979,35.979,35.979
2011-01-17 02:00:00,35.979,35.979,35.979,35.979,35.979,35.979,35.979,35.979,35.979,35.979,35.979,35.979
2011-01-17 03:00:00,35.979,35.979,35.979,35.979,35.979,35.979,35.979,35.979,35.979,35.979,35.979,35.979
2011-01-17 04:00:00,35.979,35.979,35.979,35.979,35.979,35.979,35.979,35.979,35.979,35.979,35.979,35.979
2011-01-17 05:00:00,35.979,35.979,35.979,35.979,35.979,35.979,35.979,35.979,35.979,35.979,35.979,35.979
2011-01-17 06:00:00,17.462,17.462,17.462,17.462,17.462,17.462,17.462,17.462,17.462,17.462,17.462,17.462
2011-01-17 07:00:00,19.75,19.75,19.75,19.75,19.75,19.75,19.75,19.75,19.75,19.75,19.75,19.75
2011-01-17 08:00:00,20.048,20.048,20.048,20.048,20.048,20.048,20.048,20.048,20.048,20.048,20.048,20.048
2011-01-17 09:00:00,16.687,16.687,16.687,16.687,16.687,16.687,16.687,16.687,16.687,16.687,16.687,16.687
2011-01-17 10:00:00,16.687,16.687,16.687,16.687,16.687,16.687,16.687,16.687,16.687,16.687,16.687,16.687
2011-01-17 11:00:00,16.687,16.687,16.687,16.687,16.687,16.687,16.687,16.687,16.687,16.687,16.687,16.687
2011-01-17 12:00:00,18.62,18.62,18.62,18.62,18.62,18.62,18.62,18.62,18.62,18.62,18.62,18.62
2011-01-17 13:00:00,19.761,19.761,19.761,19.761,19.761,19.761,19.761,19.761,19.761,19.761,19.761,19.761
2011-01-17 14:00:00,20.509,20.509,20.509,20.509,20.509,20.509,20.509,20.509,20.509,20.509,20.509,20.509
2011-01-17 15:00:00,49.57,49.57,49.57,49.57,49.57,49.57,49.57,49.57,49.57,49.57,49.57,49.57
2011-01-17 16:00:00,49.57,49.57,49.57,49.57,49.57,49.57,49.57,49.57,49.57,49.57,49.57,49.57
2011-01-17 17:00:00,49.57,49.57,49.57,49.57,49.57,49.57,49.57,49.57,49.57,49.57,49.57,49.57
2011-01-17 18:00:00,48.551,48.551,48.551,48.551,48.551,48.551,48.551,48.551,48.551,48.551,48.551,48.551
2011-01-17 19:00:00,48.551,48.551,48.551,48.551,48.551,48.551,48.551,48.551,48.551,48.551,48.551,48.551
2011-01-17 20:00:00,49.57,49.57,49.57,49.57,49.57,49.57,49.57,49.57,49.57,49.57,49.57,49.57
2011-01-17 21:00:00,48.551,48.551,48.551,48.551,48.551,48.551,48.551,48.551,48.551,48.551,48.551,48.551
2011-01-17 22:00:00,48.551,48.551,48.551,48.551,48.551,48.551,48.551,48.551,48.551,48.551,48.551,48.551
2011-01-17 23:00:00,48.551,48.551,48.551,48.551,48.551,48.551,48.551,48.551,48.551,48.551,48.551,48.551
2011-01-18 00:00:00,48.842,48.842,48.842,48.842,48.842,48.842,48.842,48.842,48.842,48.842,48.842,48.842
2011-01-18 01:00:00,48.842,48.842,48.842,48.842,48.842,48.842,48.842,48.842,48.842,48.842,48.842,48.842
2011-01-18 02:00:00,48.842,48.842,48.842,48.842,48.842,48.842,48.842,48.842,48.842,48.842,48.842,48.842
2011-01-18 03:00:00,48.842,48.842,48.842,48.842,48.842,48.842,48.842,48.842,48.842,48.842,48.842,48.842
2011-01-18 04:00:00,48.842,48.842,48.842,48.842,48.842,48.842,48.842,48.842,48.842,48.842,48.842,48.842
2011-01-18 05:00:00,48.842,48.842,48.842,48.842,48.842,48.842,48.842,48.842,48.842,48.842,48.842,48.842
2011-01-18 06:00:00,46.86,46.86,46.86,46.86,46.86,46.86,46.86,46.86,46.86,46.86,46.86,46.86
2011-01-18 07:00:00,45.452,45.452,45.452,45.452,45.452,45.452,45.452,45.452,45.452,45.452,45.452,45.452
2011-01-18 08:00:00,30.442,30.442,30.442,30.442,30.442,30.442,30.442,30.442,30.442,30.442,30.442,30.442
2011-01-18 09:00:00,25.213,25.213,25.213,25.213,25.213,25.213,25.213,25.213,25.213,25.213,25.213,25.213
2011-01-18 10:00:00,23.624,23.624,23.624,23.624,23.624,23.624,23.624,23.624,23.624,23.624,23.624,23.624
2011-01-18 11:00:00,23.526,23.526,23.526,23.526,23.526,23.526,23.526,23.526,23.526,23.526,23.526,23.526
2011-01-18 12:00:00,23.526,23.526,23.526,23.526,23.526,23.526,23.526,23.526,23.526,23.526,23.526,23.526
2011-01-18 13:00:00,23.526,23.526,23.526,23.526,23.526,23.526,23.526,23.526,23.526,23.526,23.526,23.526
2011-01-18 14:00:00,26.41,26.41,26.41,26.41,26.41,26.41,26.41,26.41,26.41,26.41,26.41,26.41
2011-01-18 15:00:00,48.842,48.842,48.842,48.842,48.842,48.842,48.842,48.842,48.842,48.842,48.842,48.842
2011-01-18 16:00:00,48.842,48.842,48.842,48.842,48.842,48.842,48.842,48.842,48.842,48.842,48.842,48.842
2011-01-18 17:00:00,48.842,48.842,48.842,48.842,48.842,48.842,48.842,48.842,48.842,48.842,48.842,48.842
2011-01-18 18:00:00,48.842,48.842,48.842,48.842,48.842,48.842,48.842,48.842,48.842,48.842,48.842,48.842
2011-01-18 19:00:00,48.842,48.842,48.842,48.842,48.842,48.842,48.842,48.842,48.842,48.842,48.842,48.842
2011-01-18 20:00:00,48.842,48.842,48.842,48.842,48.842,48.842,48.842,48.842,48.842,48.842,48.842,48.842
2011-01-18 21:00:00,48.842,48.842,48.842,48.842,48.842,48.842,48.842,48.842,48.842,48.842,48.842,48.842
2011-01-18 22:00:00,48.842,48.842,48.842,48.842,48.842,48.842,48.842,48.842,48.842,48.842,48.842,48.842
2011-01-18 23:00:00,48.842,48.842,48.842,48.842,48.842,48.842,48.842,48.842,48.842,48.842,48.842,48.842
2011-01-19 00:00:00,54.115,54.115,54.115,54.115,54.115,54.115,54.115,54.115,54.115,54.115,54.115,54.115
2011-01-19 01:00:00,54.115,54.115,54.115,54.115,54.115,54.115,54.115,54.115,54.115,54.115,54.115,54.115
2011-01-19 02:00:00,54.115,54.115,54.115,54.115,54.115,54.115,54.115,54.115,54.115,54.115,54.115,54.115
2011-01-19 03:00:00,54.115,54.115,54.115,54.115,54.115,54.115,54.115,54.115,54.115,54.115,54.115,54.115
2011-01-19 04:00:00,54.115,54.115,54.115,54.115,54.115,54.115,54.115,54.115,54.115,54.115,54.115,54.115
2011-01-19 05:00:00,54.115,54.115,54.115,54.115,54.115,54.115,54.115,54.115,54.115,54.115,54.115,54.115
2011-01-19 06:00:00,53.46,53.46,53.46,53.46,53.46,53.46,53.46,53.46,53.46,53.46,53.46,53.46
2011-01-19 07:00:00,53.227,53.227,53.227,53.227,53.227,53.227,53.227,53.227,53.227,53.227,53.227,53.227
2011-01-19 08:00:00,50.153,50.153,50.153,50.153,50.153,50.153,50.153,50.153,50.153,50.153,50.153,50.153
2011-01-19 09:00:00,24.067,24.067,24.067,24.067,24.067,24.067,24.067,24.067,24.067,24.067,24.067,24.067
2011-01-19 10:00:00,22.47,22.47,22.47,22.47,22.47,22.47,22.47,22.47,22.47,22.47,22.47,22.47
2011-01-19 11:00:00,22.47,22.47,22.47,22.47,22.47,22.47,22.47,22.47,22.47,22.47,22.47,22.47
2011-01-19 12:00:00,23.694,23.694,23.694,23.694,23.694,23.694,23.694,23.694,23.694,23.694,23.694,23.694
2011-01-19 13:00:00,23.694,23.694,23.694,23.694,23.694,23.694,23.694,23.694,23.694,23.694,23.694,23.694
2011-01-19 14:00:00,23.694,23.694,23.694,23.694,23.694,23.694,23.694,23.694,23.694,23.694,23.694,23.694
2011-01-19 15:00:00,54.115,54.115,54.115,54.115,54.115,54.115,54.115,54.115,54.115,54.115,54.115,54.115
2011-01-19 16:00:00,54.115,54.115,54.115,54.115,54.115,54.115,54.115,54.115,54.115,54.115,54.115,54.115
2011-01-19 17:00:00,54.115,54.115,54.115,54.115,54.115,54.115,54.115,54.115,54.115,54.115,54.115,54.115
2011-01-19 18:00:00,54.115,54.115,54.115,54.115,54.115,54.115,54.115,54.115,54.115,54.115,54.115,54.115
2011-01-19 19:00:00,54.115,54.115,54.115,54.115,54.115,54.115,54.115,54.115,54.115,54.115,54.115,54.115
2011-01-19 20:00:00,54.115,54.115,54.115,54.115,54.115,54.115,54.115,54.115,54.115,54.115,54.115,54.115
2011-01-19 21:00:00,54.115,54.115,54.115,54.115,54.115,54.115,54.115,54.115,54.115,54.115,54.115,54.115
2011-01-19 22:00:00,54.115,54.115,54.115,54.115,54.115,54.115,54.115,54.115,54.115,54.115,54.115,54.115
2011-01-19 23:00:00,54.115,54.115,54.115,54.115,54.115,54.115,54.115,54.115,54.115,54.115,54.115,54.115
2011-01-20 00:00:00,54.631,54.631,54.631,54.631,54.631,54.631,54.631,54.631,54.631,54.631,54.631,54.631
2011-01-20 01:00:00,54.631,54.631,54.631,54.631,54.631,54.631,54.631,54.631,54.631,54.631,54.631,54.631
2011-01-20 02:00:00,54.631,54.631,54.631,54.631,54.631,54.631,54.631,54.631,54.631,54.631,54.631,54.631
2011-01-20 03:00:00,54.631,54.631,54.631,54.631,54.631,54.631,54.631,54.631,54.631,54.631,54.631,54.631
2011-01-20 04:00:00,54.631,54.631,54.631,54.631,54.631,54.631,54.631,54.631,54.631,54.631,54.631,54.631
2011-01-20 05:00:00,54.631,54.631,54.631,54.631,54.631,54.631,54.631,54.631,54.631,54.631,54.631,54.631
2011-01-20 06:00:00,52.573,52.573,52.573,52.573,52.573,52.573,52.573,52.573,52.573,52.573,52.573,52.573
2011-01-20 07:00:00,50.66,50.66,50.66,50.66,50.66,50.66,50.66,50.66,50.66,50.66,50.66,50.66
2011-01-20 08:00:00,24.978,24.978,24.978,24.978,24.978,24.978,24.978,24.978,24.978,24.978,24.978,24.978
2011-01-20 09:00:00,22.477,22.477,22.477,22.477,22.477,22.477,22.477,22.477,22.477,22.477,22.477,22.477
2011-01-20 10:00:00,21.779,21.779,21.779,21.779,21.779,21.779,21.779,21.779,21.779,21.779,21.779,21.779
2011-01-20 11:00:00,21.756,21.756,21.756,21.756,21.756,21.756,21.756,21.756,21.756,21.756,21.756,21.756
2011-01-20 12:00:00,21.756,21.756,21.756,21.756,21.756,21.756,21.756,21.756,21.756,21.756,21.756,21.756
2011-01-20 13:00:00,22.681,22.681,22.681,22.681,22.681,22.681,22.681,22.681,22.681,22.681,22.681,22.681
2011-01-20 14:00:00,23.945,23.945,23.945,23.945,23.945,23.945,23.945,23.945,23.945,23.945,23.945,23.945
2011-01-20 15:00:00,54.631,54.631,54.631,54.631,54.631,54.631,54.631,54.631,54.631,54.631,54.631,54.631
2011-01-20 16:00:00,54.631,54.631,54.631,54.631,54.631,54.631,54.631,54.631,54.631,54.631,54.631,54.631
2011-01-20 17:00:00,54.738,54.738,54.738,54.738,54.738,54.738,54.738,54.738,54.738,54.738,54.738,54.738
2011-01-20 18:00:00,54.631,54.631,54.631,54.631,54.631,54.631,54.631,54.631,54.631,54.631,54.631,54.631
2011-01-20 19:00:00,54.631,54.631,54.631,54.631,54.631,54.631,54.631,54.631,54.631,54.631,54.631,54.631
2011-01-20 20:00:00,54.631,54.631,54.631,54.631,54.631,54.631,54.631,54.631,54.631,54.631,54.631,54.631
2011-01-20 21:00:00,54.832,54.832,54.832,54.832,54.832,54.832,54.832,54.832,54.832,54.832,54.832,54.832
2011-01-20 22:00:00,55.007,55.007,55.007,55.007,55.007,55.007,55.007,55.007,55.007,55.007,55.007,55.007
2011-01-20 23:00:00,55.007,55.007,55.007,55.007,55.007,55.007,55.007,55.007,55.007,55.007,55.007,55.007
2011-01-21 00:00:00,60.853,60.853,60.853,60.853,60.853,60.853,60.853,60.853,60.853,60.853,60.853,60.853
2011-01-21 01:00:00,60.853,60.853,60.853,60.853,60.853,60.853,60.853,60.853,60.853,60.853,60.853,60.853
2011-01-21 02:00:00,61.103,61.103,61.103,61.103,61.103,61.103,61.103,61.103,61.103,61.103,61.103,61.103
2011-01-21 03:00:00,62.907,62.907,62.907,62.907,62.907,62.907,62.907,62.907,62.907,62.907,62.907,62.907
2011-01-21 04:00:00,65.279,65.279,65.279,65.279,65.279,65.279,65.279,65.279,65.279,65.279,65.279,65.279
2011-01-21 05:00:00,68.417,68.417,68.417,68.417,68.417,68.417,68.417,68.417,68.417,68.417,68.417,68.417
2011-01-21 06:00:00,67.926,67.926,67.926,67.926,67.926,67.926,67.926,67.926,67.926,67.926,67.926,67.926
2011-01-21 07:00:00,69.295,69.295,69.295,69.295,69.295,69.295,69.295,69.295,69.295,69.295,69.295,69.295
2011-01-21 08:00:00,65.941,65.941,65.941,65.941,65.941,65.941,65.941,65.941,65.941,65.941,65.941,65.941
2011-01-21 09:00:00,57.968,57.968,57.968,57.968,57.968,57.968,57.968,57.968,57.968,57.968,57.968,57.968
2011-01-21 10:00:00,49.259,49.259,49.259,49.259,49.259,49.259,49.259,49.259,49.259,49.259,49.259,49.259
2011-01-21 11:00:00,47.348,47.348,47.348,47.348,47.348,47.348,47.348,47.348,47.348,47.348,47.348,47.348
2011-01-21 12:00:00,43.319,43.319,43.319,43.319,43.319,43.319,43.319,43.319,43.319,43.319,43.319,43.319
2011-01-21 13:00:00,42.471,42.471,42.471,42.471,42.471,42.471,42.471,42.471,42.471,42.471,42.471,42.471
2011-01-21 14:00:00,42.471,42.471,42.471,42.471,42.471,42.471,42.471,42.471,42.471,42.471,42.471,42.471
2011-01-21 15:00:00,43.604,43.604,43.604,43.604,43.604,43.604,43.604,43.604,43.604,43.604,43.604,43.604
2011-01-21 16:00:00,42.471,42.471,42.471,42.471,42.471,42.471,42.471,42.471,42.471,42.471,42.471,42.471
2011-01-21 17:00:00,42.471,42.471,42.471,42.471,42.471,42.471,42.471,42.471,42.471,42.471,42.471,42.471
2011-01-21 18:00:00,42.471,42.471,42.471,42.471,42.471,42.471,42.471,42.471,42.471,42.471,42.471,42.471
2011-01-21 19:00:00,42.471,42.471,42.471,42.471,42.471,42.471,42.471,42.471,42.471,42.471,42.471,42.471
2011-01-21 20:00:00,42.471,42.471,42.471,42.471,42.471,42.471,42.471,42.471,42.471,42.471,42.471,42.471
2011-01-21 21:00:00,42.471,42.471,42.471,42.471,42.471,42.471,42.471,42.471,42.471,42.471,42.471,42.471
2011-01-21 22:00:00,42.471,42.471,42.471,42.471,42.471,42.471,42.471,42.471,42.471,42.471,42.471,42.471
2011-01-21 23:00:00,42.471,42.471,42.471,42.471,42.471,42.471,42.471,42.471,42.471,42.471,42.471,42.471
2011-01-22 00:00:00,61.849,61.849,61.849,61.849,61.849,61.849,61.849,61.849,61.849,61.849,61.849,61.849
2011-01-22 01:00:00,61.849,61.849,61.849,61.849,61.849,61.849,61.849,61.849,61.849,61.849,61.849,61.849
2011-01-22 02:00:00,61.849,61.849,61.849,61.849,61.849,61.849,61.849,61.849,61.849,61.849,61.849,61.849
2011-01-22 03:00:00,61.849,61.849,61.849,61.849,61.849,61.849,61.849,61.849,61.849,61.849,61.849,61.849
2011-01-22 04:00:00,61.849,61.849,61.849,61.849,61.849,61.849,61.849,61.849,61.849,61.849,61.849,61.849
2011-01-22 05:00:00,61.849,61.849,61.849,61.849,61.849,61.849,61.849,61.849,61.849,61.849,61.849,61.849
2011-01-22 06:00:00,61.849,61.849,61.849,61.849,61.849,61.849,61.849,61.849,61.849,61.849,61.849,61.849
2011-01-22 07:00:00,61.849,61.849,61.849,61.849,61.849,61.849,61.849,61.849,61.849,61.849,61.849,61.849
2011-01-22 08:00:00,60.523,60.523,60.523,60.523,60.523,60.523,60.523,60.523,60.523,60.523,60.523,60.523
2011-01-22 09:00:00,56.13,56.13,56.13,56.13,56.13,56.13,56.13,56.13,56.13,56.13,56.13,56.13
2011-01-22 10:00:00,56.13,56.13,56.13,56.13,56.13,56.13,56.13,56.13,56.13,56.13,56.13,56.13
2011-01-22 11:00:00,56.261,56.261,56.261,56.261,56.261,56.261,56.261,56.261,56.261,56.261,56.261,56.261
2011-01-22 12:00:00,56.261,56.261,56.261,56.261,56.261,56.261,56.261,56.261,56.261,56.261,56.261,56.261
2011-01-22 13:00:00,56.261,56.261,56.261,56.261,56.261,56.261,56.261,56.261,56.261,56.261,56.261,56.261
2011-01-22 14:00:00,56.838,56.838,56.838,56.838,56.838,56.838,56.838,56.838,56.838,56.838,56.838,56.838
2011-01-22 15:00:00,61.849,61.849,61.849,61.849,61.849,61.849,61.849,61.849,61.849,61.849,61.849,61.849
2011-01-22 16:00:00,61.849,61.849,61.849,61.849,61.849,61.849,61.849,61.849,61.849,61.849,61.849,61.849
2011-01-22 17:00:00,61.849,61.849,61.849,61.849,61.849,61.849,61.849,61.849,61.849,61.849,61.849,61.849
2011-01-22 18:00:00,61.849,61.849,61.849,61.849,61.849,61.849,61.849,61.849,61.849,61.849,61.849,61.849
2011-01-22 19:00:00,61.849,61.849,61.849,61.849,61.849,61.849,61.849,61.849,61.849,61.849,61.849,61.849
2011-01-22 20:00:00,61.849,61.849,61.849,61.849,61.849,61.849,61.849,61.849,61.849,61.849,61.849,61.849
2011-01-22 21:00:00,61.849,61.849,61.849,61.849,61.849,61.849,61.849,61.849,61.849,61.849,61.849,61.849
2011-01-22 22:00:00,62.412,62.412,62.412,62.412,62.412,62.412,62.412,62.412,62.412,62.412,62.412,62.412
2011-01-22 23:00:00,62.412,62.412,62.412,62.412,62.412,62.412,62.412,62.412,62.412,62.412,62.412,62.412
2011-01-23 00:00:00,66.126,66.126,66.126,66.126,66.126,66.126,66.126,66.126,66.126,66.126,66.126,66.126
2011-01-23 01:00:00,66.126,66.126,66.126,66.126,66.126,66.126,66.126,66.126,66.126,66.126,66.126,66.126
2011-01-23 02:00:00,66.126,66.126,66.126,66.126,66.126,66.126,66.126,66.126,66.126,66.126,66.126,66.126
2011-01-23 03:00:00,66.126,66.126,66.126,66.126,66.126,66.126,66.126,66.126,66.126,66.126,66.126,66.126
2011-01-23 04:00:00,66.126,66.126,66.126,66.126,66.126,66.126,66.126,66.126,66.126,66.126,66.126,66.126
2011-01-23 05:00:00,66.126,66.126,66.126,66.126,66.126,66.126,66.126,66.126,66.126,66.126,66.126,66.126
2011-01-23 06:00:00,67.028,67.028,67.028,67.028,67.028,67.028,67.028,67.028,67.028,67.028,67.028,67.028
2011-01-23 07:00:00,67.319,67.319,67.319,67.319,67.319,67.319,67.319,67.319,67.319,67.319,67.319,67.319
2011-01-23 08:00:00,60.47,60.47,60.47,60.47,60.47,60.47,60.47,60.47,60.47,60.47,60.47,60.47
2011-01-23 09:00:00,52.819,52.819,52.819,52.819,52.819,52.819,52.819,52.819,52.819,52.819,52.819,52.819
2011-01-23 10:00:00,52.819,52.819,52.819,52.819,52.819,52.819,52.819,52.819,52.819,52.819,52.819,52.819
2011-01-23 11:00:00,52.819,52.819,52.819,52.819,52.819,52.819,52.819,52.819,52.819,52.819,52.819,52.819
2011-01-23 12:00:00,53.644,53.644,53.644,53.644,53.644,53.644,53.644,53.644,53.644,53.644,53.644,53.644
2011-01-23 13:00:00,58.18,58.18,58.18,58.18,58.18,58.18,58.18,58.18,58.18,58.18,58.18,58.18
2011-01-23 14:00:00,62.579,62.579,62.579,62.579,62.579,62.579,62.579,62.579,62.579,62.579,62.579,62.579
2011-01-23 15:00:00,66.126,66.126,66.126,66.126,66.126,66.126,66.126,66.126,66.126,66.126,66.126,66.126
2011-01-23 16:00:00,66.126,66.126,66.126,66.126,66.126,66.126,66.126,66.126,66.126,66.126,66.126,66.126
2011-01-23 17:00:00,66.126,66.126,66.126,66.126,66.126,66.126,66.126,66.126,66.126,66.126,66.126,66.126
2011-01-23 18:00:00,66.126,66.126,66.126,66.126,66.126,66.126,66.126,66.126,66.126,66.126,66.126,66.126
2011-01-23 19:00:00,66.126,66.126,66.126,66.126,66.126,66.126,66.126,66.126,66.126,66.126,66.126,66.126
2011-01-23 20:00:00,66.126,66.126,66.126,66.126,66.126,66.126,66.126,66.126,66.126,66.126,66.126,66.126
2011-01-23 21:00:00,66.126,66.126,66.126,66.126,66.126,66.126,66.126,66.126,66.126,66.126,66.126,66.126
2011-01-23 22:00:00,66.126,66.126,66.126,66.126,66.126,66.126,66.126,66.126,66.126,66.126,66.126,66.126
2011-01-23 23:00:00,66.126,66.126,66.126,66.126,66.126,66.126,66.126,66.126,66.126,66.126,66.126,66.126
2011-01-24 00:00:00,19.609,19.609,19.609,19.609,19.609,19.609,19.609,19.609,19.609,19.609,19.609,19.609
2011-01-24 01:00:00,19.609,19.609,19.609,19.609,19.609,19.609,19.609,19.609,19.609,19.609,19.609,19.609
2011-01-24 02:00:00,19.609,19.609,19.609,19.609,19.609,19.609,19.609,19.609,19.609,19.609,19.609,19.609
2011-01-24 03:00:00,19.609,19.609,19.609,19.609,19.609,19.609,19.609,19.609,19.609,19.609,19.609,19.609
2011-01-24 04:00:00,20.078,20.078,20.078,20.078,20.078,20.078,20.078,20.078,20.078,20.078,20.078,20.078
2011-01-24 05:00:00,27.016,27.016,27.016,27.016,27.016,27.016,27.016,27.016,27.016,27.016,27.016,27.016
2011-01-24 06:00:00,26.603,26.603,26.603,26.603,26.603,26.603,26.603,26.603,26.603,26.603,26.603,26.603
2011-01-24 07:00:00,20.761,20.761,20.761,20.761,20.761,20.761,20.761,20.761,20.761,20.761,20.761,20.761
2011-01-24 08:00:00,20.114,20.114,20.114,20.114,20.114,20.114,20.114,20.114,20.114,20.114,20.114,20.114
2011-01-24 09:00:00,19.391,19.391,19.391,19.391,19.391,19.391,19.391,19.391,19.391,19.391,19.391,19.391
2011-01-24 10:00:00,15.815,15.815,15.815,15.815,15.815,15.815,15.815,15.815,15.815,15.815,15.815,15.815
2011-01-24 11:00:00,15.815,15.815,15.815,15.815,15.815,15.815,15.815,15.815,15.815,15.815,15.815,15.815
2011-01-24 12:00:00,16.621,16.621,16.621,16.621,16.621,16.621,16.621,16.621,16.621,16.621,16.621,16.621
2011-01-24 13:00:00,19.331,19.331,19.331,19.331,19.331,19.331,19.331,19.331,19.331,19.331,19.331,19.331
2011-01-24 14:00:00,19.562,19.562,19.562,19.562,19.562,19.562,19.562,19.562,19.562,19.562,19.562,19.562
2011-01-24 15:00:00,19.609,19.609,19.609,19.609,19.609,19.609,19.609,19.609,19.609,19.609,19.609,19.609
2011-01-24 16:00:00,19.609,19.609,19.609,19.609,19.609,19.609,19.609,19.609,19.609,19.609,19.609,19.609
2011-01-24 17:00:00,19.609,19.609,19.609,19.609,19.609,19.609,19.609,19.609,19.609,19.609,19.609,19.609
2011-01-24 18:00:00,19.609,19.609,19.609,19.609,19.609,19.609,19.609,19.609,19.609,19.609,19.609,19.609
2011-01-24 19:00:00,19.609,19.609,19.609,19.609,19.609,19.609,19.609,19.609,19.609,19.609,19.609,19.609
2011-01-24 20:00:00,19.609,19.609,19.609,19.609,19.609,19.609,19.609,19.609,19.609,19.609,19.609,19.609
2011-01-24 21:00:00,19.609,19.609,19.609,19.609,19.609,19.609,19.609,19.609,19.609,19.609,19.609,19.609
2011-01-24 22:00:00,19.609,19.609,19.609,19.609,19.609,19.609,19.609,19.609,19.609,19.609,19.609,19.609
2011-01-24 23:00:00,19.609,19.609,19.609,19.609,19.609,19.609,19.609,19.609,19.609,19.609,19.609,19.609
2011-01-25 00:00:00,37.148,37.148,37.148,37.148,37.148,37.148,37.148,37.148,37.148,37.148,37.148,37.148
2011-01-25 01:00:00,37.148,37.148,37.148,37.148,37.148,37.148,37.148,37.148,37.148,37.148,37.148,37.148
2011-01-25 02:00:00,37.148,37.148,37.148,37.148,37.148,37.148,37.148,37.148,37.148,37.148,37.148,37.148
2011-01-25 03:00:00,37.148,37.148,37.148,37.148,37.148,37.148,37.148,37.148,37.148,37.148,37.148,37.148
2011-01-25 04:00:00,37.148,37.148,37.148,37.148,37.148,37.148,37.148,37.148,37.148,37.148,37.148,37.148
2011-01-25 05:00:00,37.148,37.148,37.148,37.148,37.148,37.148,37.148,37.148,37.148,37.148,37.148,37.148
2011-01-25 06:00:00,34.681,34.681,34.681,34.681,34.681,34.681,34.681,34.681,34.681,34.681,34.681,34.681
2011-01-25 07:00:00,29.45,29.45,29.45,29.45,29.45,29.45,29.45,29.45,29.45,29.45,29.45,29.45
2011-01-25 08:00:00,26.042,26.042,26.042,26.042,26.042,26.042,26.042,26.042,26.042,26.042,26.042,26.042
2011-01-25 09:00:00,22.645,22.645,22.645,22.645,22.645,22.645,22.645,22.645,22.645,22.645,22.645,22.645
2011-01-25 10:00:00,21.631,21.631,21.631,21.631,21.631,21.631,21.631,21.631,21.631,21.631,21.631,21.631
2011-01-25 11:00:00,21.631,21.631,21.631,21.631,21.631,21.631,21.631,21.631,21.631,21.631,21.631,21.631
2011-01-25 12:00:00,21.631,21.631,21.631,21.631,21.631,21.631,21.631,21.631,21.631,21.631,21.631,21.631
2011-01-25 13:00:00,24.067,24.067,24.067,24.067,24.067,24.067,24.067,24.067,24.067,24.067,24.067,24.067
2011-01-25 14:00:00,25.5,25.5,25.5,25.5,25.5,25.5,25.5,25.5,25.5,25.5,25.5,25.5
2011-01-25 15:00:00,33.333,33.333,33.333,33.333,33.333,33.333,33.333,33.333,33.333,33.333,33.333,33.333
2011-01-25 16:00:00,37.148,37.148,37.148,37.148,37.148,37.148,37.148,37.148,37.148,37.148,37.148,37.148
2011-01-25 17:00:00,37.148,37.148,37.148,37.148,37.148,37.148,37.148,37.148,37.148,37.148,37.148,37.148
2011-01-25 18:00:00,37.148,37.148,37.148,37.148,37.148,37.148,37.148,37.148,37.148,37.148,37.148,37.148
2011-01-25 19:00:00,37.148,37.148,37.148,37.148,37.148,37.148,37.148,37.148,37.148,37.148,37.148,37.148
2011-01-25 20:00:00,37.148,37.148,37.148,37.148,37.148,37.148,37.148,37.148,37.148,37.148,37.148,37.148
2011-01-25 21:00:00,37.236,37.236,37.236,37.236,37.236,37.236,37.236,37.236,37.236,37.236,37.236,37.236
2011-01-25 22:00:00,37.236,37.236,37.236,37.236,37.236,37.236,37.236,37.236,37.236,37.236,37.236,37.236
2011-01-25 23:00:00,37.236,37.236,37.236,37.236,37.236,37.236,37.236,37.236,37.236,37.236,37.236,37.236
2011-01-26 00:00:00,81.203,81.203,81.203,81.203,81.203,81.203,81.203,81.203,81.203,81.203,81.203,81.203
2011-01-26 01:00:00,81.203,81.203,81.203,81.203,81.203,81.203,81.203,81.203,81.203,81.203,81.203,81.203
2011-01-26 02:00:00,81.203,81.203,81.203,81.203,81.203,81.203,81.203,81.203,81.203,81.203,81.203,81.203
2011-01-26 03:00:00,81.203,81.203,81.203,81.203,81.203,81.203,81.203,81.203,81.203,81.203,81.203,81.203
2011-01-26 04:00:00,81.203,81.203,81.203,81.203,81.203,81.203,81.203,81.203,81.203,81.203,81.203,81.203
2011-01-26 05:00:00,81.203,81.203,81.203,81.203,81.203,81.203,81.203,81.203,81.203,81.203,81.203,81.203
2011-01-26 06:00:00,68.308,68.308,68.308,68.308,68.308,68.308,68.308,68.308,68.308,68.308,68.308,68.308
2011-01-26 07:00:00,66.422,66.422,66.422,66.422,66.422,66.422,66.422,66.422,66.422,66.422,66.422,66.422
2011-01-26 08:00:00,47.364,47.364,47.364,47.364,47.364,47.364,47.364,47.364,47.364,47.364,47.364,47.364
2011-01-26 09:00:00,44.801,44.801,44.801,44.801,44.801,44.801,44.801,44.801,44.801,44.801,44.801,44.801
2011-01-26 10:00:00,44.467,44.467,44.467,44.467,44.467,44.467,44.467,44.467,44.467,44.467,44.467,44.467
2011-01-26 11:00:00,44.467,44.467,44.467,44.467,44.467,44.467,44.467,44.467,44.467,44.467,44.467,44.467
2011-01-26 12:00:00,45.283,45.283,45.283,45.283,45.283,45.283,45.283,45.283,45.283,45.283,45.283,45.283
2011-01-26 13:00:00,45.485,45.485,45.485,45.485,45.485,45.485,45.485,45.485,45.485,45.485,45.485,45.485
2011-01-26 14:00:00,46.115,46.115,46.115,46.115,46.115,46.115,46.115,46.115,46.115,46.115,46.115,46.115
2011-01-26 15:00:00,67.225,67.225,67.225,67.225,67.225,67.225,67.225,67.225,67.225,67.225,67.225,67.225
2011-01-26 16:00:00,81.203,81.203,81.203,81.203,81.203,81.203,81.203,81.203,81.203,81.203,81.203,81.203
2011-01-26 17:00:00,81.203,81.203,81.203,81.203,81.203,81.203,81.203,81.203,81.203,81.203,81.203,81.203
2011-01-26 18:00:00,81.203,81.203,81.203,81.203,81.203,81.203,81.203,81.203,81.203,81.203,81.203,81.203
2011-01-26 19:00:00,81.203,81.203,81.203,81.203,81.203,81.203,81.203,81.203,81.203,81.203,81.203,81.203
2011-01-26 20:00:00,81.203,81.203,81.203,81.203,81.203,81.203,81.203,81.203,81.203,81.203,81.203,81.203
2011-01-26 21:00:00,81.203,81.203,81.203,81.203,81.203,81.203,81.203,81.203,81.203,81.203,81.203,81.203
2011-01-26 22:00:00,81.203,81.203,81.203,81.203,81.203,81.203,81.203,81.203,81.203,81.203,81.203,81.203
2011-01-26 23:00:00,81.203,81.203,81.203,81.203,81.203,81.203,81.203,81.203,81.203,81.203,81.203,81.203
2011-01-27 00:00:00,63.702,63.702,63.702,63.702,63.702,63.702,63.702,63.702,63.702,63.702,63.702,63.702
2011-01-27 01:00:00,63.702,63.702,63.702,63.702,63.702,63.702,63.702,63.702,63.702,63.702,63.702,63.702
2011-01-27 02:00:00,63.702,63.702,63.702,63.702,63.702,63.702,63.702,63.702,63.702,63.702,63.702,63.702
2011-01-27 03:00:00,63.702,63.702,63.702,63.702,63.702,63.702,63.702,63.702,63.702,63.702,63.702,63.702
2011-01-27 04:00:00,63.702,63.702,63.702,63.702,63.702,63.702,63.702,63.702,63.702,63.702,63.702,63.702
2011-01-27 05:00:00,63.702,63.702,63.702,63.702,63.702,63.702,63.702,63.702,63.702,63.702,63.702,63.702
2011-01-27 06:00:00,62.201,62.201,62.201,62.201,62.201,62.201,62.201,62.201,62.201,62.201,62.201,62.201
2011-01-27 07:00:00,60.25,60.25,60.25,60.25,60.25,60.25,60.25,60.25,60.25,60.25,60.25,60.25
2011-01-27 08:00:00,58.677,58.677,58.677,58.677,58.677,58.677,58.677,58.677,58.677,58.677,58.677,58.677
2011-01-27 09:00:00,28.05,28.05,28.05,28.05,28.05,28.05,28.05,28.05,28.05,28.05,28.05,28.05
2011-01-27 10:00:00,27.693,27.693,27.693,27.693,27.693,27.693,27.693,27.693,27.693,27.693,27.693,27.693
2011-01-27 11:00:00,25.467,25.467,25.467,25.467,25.467,25.467,25.467,25.467,25.467,25.467,25.467,25.467
2011-01-27 12:00:00,25.328,25.328,25.328,25.328,25.328,25.328,25.328,25.328,25.328,25.328,25.328,25.328
2011-01-27 13:00:00,25.328,25.328,25.328,25.328,25.328,25.328,25.328,25.328,25.328,25.328,25.328,25.328
2011-01-27 14:00:00,25.39,25.39,25.39,25.39,25.39,25.39,25.39,25.39,25.39,25.39,25.39,25.39
2011-01-27 15:00:00,29.716,29.716,29.716,29.716,29.716,29.716,29.716,29.716,29.716,29.716,29.716,29.716
2011-01-27 16:00:00,63.702,63.702,63.702,63.702,63.702,63.702,63.702,63.702,63.702,63.702,63.702,63.702
2011-01-27 17:00:00,63.702,63.702,63.702,63.702,63.702,63.702,63.702,63.702,63.702,63.702,63.702,63.702
2011-01-27 18:00:00,63.702,63.702,63.702,63.702,63.702,63.702,63.702,63.702,63.702,63.702,63.702,63.702
2011-01-27 19:00:00,63.702,63.702,63.702,63.702,63.702,63.702,63.702,63.702,63.702,63.702,63.702,63.702
2011-01-27 20:00:00,63.702,63.702,63.702,63.702,63.702,63.702,63.702,63.702,63.702,63.702,63.702,63.702
2011-01-27 21:00:00,63.702,63.702,63.702,63.702,63.702,63.702,63.702,63.702,63.702,63.702,63.702,63.702
2011-01-27 22:00:00,63.702,63.702,63.702,63.702,63.702,63.702,63.702,63.702,63.702,63.702,63.702,63.702
2011-01-27 23:00:00,63.702,63.702,63.702,63.702,63.702,63.702,63.702,63.702,63.702,63.702,63.702,63.702
2011-01-28 00:00:00,53.213,53.213,53.213,53.213,53.213,53.213,53.213,53.213,53.213,53.213,53.213,53.213
2011-01-28 01:00:00,52.376,52.376,52.376,52.376,52.376,52.376,52.376,52.376,52.376,52.376,52.376,52.376
2011-01-28 02:00:00,52.376,52.376,52.376,52.376,52.376,52.376,52.376,52.376,52.376,52.376,52.376,52.376
2011-01-28 03:00:00,52.376,52.376,52.376,52.376,52.376,52.376,52.376,52.376,52.376,52.376,52.376,52.376
2011-01-28 04:00:00,52.376,52.376,52.376,52.376,52.376,52.376,52.376,52.376,52.376,52.376,52.376,52.376
2011-01-28 05:00:00,52.376,52.376,52.376,52.376,52.376,52.376,52.376,52.376,52.376,52.376,52.376,52.376
2011-01-28 06:00:00,52.376,52.376,52.376,52.376,52.376,52.376,52.376,52.376,52.376,52.376,52.376,52.376
2011-01-28 07:00:00,35.625,35.625,35.625,35.625,35.625,35.625,35.625,35.625,35.625,35.625,35.625,35.625
2011-01-28 08:00:00,22.023,22.023,22.023,22.023,22.023,22.023,22.023,22.023,22.023,22.023,22.023,22.023
2011-01-28 09:00:00,18.259,18.259,18.259,18.259,18.259,18.259,18.259,18.259,18.259,18.259,18.259,18.259
2011-01-28 10:00:00,17.931,17.931,17.931,17.931,17.931,17.931,17.931,17.931,17.931,17.931,17.931,17.931
2011-01-28 11:00:00,17.931,17.931,17.931,17.931,17.931,17.931,17.931,17.931,17.931,17.931,17.931,17.931
2011-01-28 12:00:00,17.931,17.931,17.931,17.931,17.931,17.931,17.931,17.931,17.931,17.931,17.931,17.931
2011-01-28 13:00:00,18.591,18.591,18.591,18.591,18.591,18.591,18.591,18.591,18.591,18.591,18.591,18.591
2011-01-28 14:00:00,20.062,20.062,20.062,20.062,20.062,20.062,20.062,20.062,20.062,20.062,20.062,20.062
2011-01-28 15:00:00,22.232,22.232,22.232,22.232,22.232,22.232,22.232,22.232,22.232,22.232,22.232,22.232
2011-01-28 16:00:00,52.376,52.376,52.376,52.376,52.376,52.376,52.376,52.376,52.376,52.376,52.376,52.376
2011-01-28 17:00:00,52.376,52.376,52.376,52.376,52.376,52.376,52.376,52.376,52.376,52.376,52.376,52.376
2011-01-28 18:00:00,52.376,52.376,52.376,52.376,52.376,52.376,52.376,52.376,52.376,52.376,52.376,52.376
2011-01-28 19:00:00,52.376,52.376,52.376,52.376,52.376,52.376,52.376,52.376,52.376,52.376,52.376,52.376
2011-01-28 20:00:00,52.376,52.376,52.376,52.376,52.376,52.376,52.376,52.376,52.376,52.376,52.376,52.376
2011-01-28 21:00:00,52.376,52.376,52.376,52.376,52.376,52.376,52.376,52.376,52.376,52.376,52.376,52.376
2011-01-28 22:00:00,52.376,52.376,52.376,52.376,52.376,52.376,52.376,52.376,52.376,52.376,52.376,52.376
2011-01-28 23:00:00,52.376,52.376,52.376,52.376,52.376,52.376,52.376,52.376,52.376,52.376,52.376,52.376
2011-01-29 00:00:00,26.634,26.634,26.634,26.634,26.634,26.634,26.634,26.634,26.634,26.634,26.634,26.634
2011-01-29 01:00:00,26.634,26.634,26.634,26.634,26.634,26.634,26.634,26.634,26.634,26.634,26.634,26.634
2011-01-29 02:00:00,26.634,26.634,26.634,26.634,26.634,26.634,26.634,26.634,26.634,26.634,26.634,26.634
2011-01-29 03:00:00,26.634,26.634,26.634,26.634,26.634,26.634,26.634,26.634,26.634,26.634,26.634,26.634
2011-01-29 04:00:00,26.634,26.634,26.634,26.634,26.634,26.634,26.634,26.634,26.634,26.634,26.634,26.634
2011-01-29 05:00:00,26.634,26.634,26.634,26.634,26.634,26.634,26.634,26.634,26.634,26.634,26.634,26.634
2011-01-29 06:00:00,26.634,26.634,26.634,26.634,26.634,26.634,26.634,26.634,26.634,26.634,26.634,26.634
2011-01-29 07:00:00,26.634,26.634,26.634,26.634,26.634,26.634,26.634,26.634,26.634,26.634,26.634,26.634
2011-01-29 08:00:00,26.634,26.634,26.634,26.634,26.634,26.634,26.634,26.634,26.634,26.634,26.634,26.634
2011-01-29 09:00:00,18.472,18.472,18.472,18.472,18.472,18.472,18.472,18.472,18.472,18.472,18.472,18.472
2011-01-29 10:00:00,18.282,18.282,18.282,18.282,18.282,18.282,18.282,18.282,18.282,18.282,18.282,18.282
2011-01-29 11:00:00,18.282,18.282,18.282,18.282,18.282,18.282,18.282,18.282,18.282,18.282,18.282,18.282
2011-01-29 12:00:00,18.282,18.282,18.282,18.282,18.282,18.282,18.282,18.282,18.282,18.282,18.282,18.282
2011-01-29 13:00:00,18.983,18.983,18.983,18.983,18.983,18.983,18.983,18.983,18.983,18.983,18.983,18.983
2011-01-29 14:00:00,21.149,21.149,21.149,21.149,21.149,21.149,21.149,21.149,21.149,21.149,21.149,21.149
2011-01-29 15:00:00,26.634,26.634,26.634,26.634,26.634,26.634,26.634,26.634,26.634,26.634,26.634,26.634
2011-01-29 16:00:00,26.634,26.634,26.634,26.634,26.634,26.634,26.634,26.634,26.634,26.634,26.634,26.634
2011-01-29 17:00:00,27.026,27.026,27.026,27.026,27.026,27.026,27.026,27.026,27.026,27.026,27.026,27.026
2011-01-29 18:00:00,26.634,26.634,26.634,26.634,26.634,26.634,26.634,26.634,26.634,26.634,26.634,26.634
2011-01-29 19:00:00,26.634,26.634,26.634,26.634,26.634,26.634,26.634,26.634,26.634,26.634,26.634,26.634
2011-01-29 20:00:00,26.634,26.634,26.634,26.634,26.634,26.634,26.634,26.634,26.634,26.634,26.634,26.634
2011-01-29 21:00:00,26.634,26.634,26.634,26.634,26.634,26.634,26.634,26.634,26.634,26.634,26.634,26.634
2011-01-29 22:00:00,26.634,26.634,26.634,26.634,26.634,26.634,26.634,26.634,26.634,26.634,26.634,26.634
2011-01-29 23:00:00,26.634,26.634,26.634,26.634,26.634,26.634,26.634,26.634,26.634,26.634,26.634,26.634
2011-01-30 00:00:00,151.782,151.782,151.782,151.782,151.782,151.782,151.782,151.782,151.782,151.782,151.782,151.782
2011-01-30 01:00:00,151.782,151.782,151.782,151.782,151.782,151.782,151.782,151.782,151.782,151.782,151.782,151.782
2011-01-30 02:00:00,151.782,151.782,151.782,151.782,151.782,151.782,151.782,151.782,151.782,151.782,151.782,151.782
2011-01-30 03:00:00,151.782,151.782,151.782,151.782,151.782,151.782,151.782,151.782,151.782,151.782,151.782,151.782
2011-01-30 04:00:00,151.782,151.782,151.782,151.782,151.782,151.782,151.782,151.782,151.782,151.782,151.782,151.782
2011-01-30 05:00:00,151.782,151.782,151.782,151.782,151.782,151.782,151.782,151.782,151.782,151.782,151.782,151.782
2011-01-30 06:00:00,151.782,151.782,151.782,151.782,151.782,151.782,151.782,151.782,151.782,151.782,151.782,151.782
2011-01-30 07:00:00,151.782,151.782,151.782,151.782,151.782,151.782,151.782,151.782,151.782,151.782,151.782,151.782
2011-01-30 08:00:00,127.555,127.555,127.555,127.555,127.555,127.555,127.555,127.555,127.555,127.555,127.555,127.555
2011-01-30 09:00:00,55.382,55.382,55.382,55.382,55.382,55.382,55.382,55.382,55.382,55.382,55.382,55.382
2011-01-30 10:00:00,55.382,55.382,55.382,55.382,55.382,55.382,55.382,55.382,55.382,55.382,55.382,55.382
2011-01-30 11:00:00,55.382,55.382,55.382,55.382,55.382,55.382,55.382,55.382,55.382,55.382,55.382,55.382
2011-01-30 12:00:00,55.382,55.382,55.382,55.382,55.382,55.382,55.382,55.382,55.382,55.382,55.382,55.382
2011-01-30 13:00:00,55.382,55.382,55.382,55.382,55.382,55.382,55.382,55.382,55.382,55.382,55.382,55.382
2011-01-30 14:00:00,57.273,57.273,57.273,57.273,57.273,57.273,57.273,57.273,57.273,57.273,57.273,57.273
2011-01-30 15:00:00,63.883,63.883,63.883,63.883,63.883,63.883,63.883,63.883,63.883,63.883,63.883,63.883
2011-01-30 16:00:00,151.782,151.782,151.782,151.782,151.782,151.782,151.782,151.782,151.782,151.782,151.782,151.782
2011-01-30 17:00:00,151.782,151.782,151.782,151.782,151.782,151.782,151.782,151.782,151.782,151.782,151.782,151.782
2011-01-30 18:00:00,151.782,151.782,151.782,151.782,151.782,151.782,151.782,151.782,151.782,151.782,151.782,151.782
2011-01-30 19:00:00,151.782,151.782,151.782,151.782,151.782,151.782,151.782,151.782,151.782,151.782,151.782,151.782
2011-01-30 20:00:00,151.782,151.782,151.782,151.782,151.782,151.782,151.782,151.782,151.782,151.782,151.782,151.782
2011-01-30 21:00:00,151.782,151.782,151.782,151.782,151.782,151.782,151.782,151.782,151.782,151.782,151.782,151.782
2011-01-30 22:00:00,151.782,151.782,151.782,151.782,151.782,151.782,151.782,151.782,151.782,151.782,151.782,151.782
2011-01-30 23:00:00,151.782,151.782,151.782,151.782,151.782,151.782,151.782,151.782,151.782,151.782,151.782,151.782
2011-01-31 00:00:00,67.185,67.185,67.185,67.185,67.185,67.185,67.185,67.185,67.185,67.185,67.185,67.185
2011-01-31 01:00:00,66.594,66.594,66.594,66.594,66.594,66.594,66.594,66.594,66.594,66.594,66.594,66.594
2011-01-31 02:00:00,66.535,66.535,66.535,66.535,66.535,66.535,66.535,66.535,66.535,66.535,66.535,66.535
2011-01-31 03:00:00,66.594,66.594,66.594,66.594,66.594,66.594,66.594,66.594,66.594,66.594,66.594,66.594
2011-01-31 04:00:00,67.185,67.185,67.185,67.185,67.185,67.185,67.185,67.185,67.185,67.185,67.185,67.185
2011-01-31 05:00:00,138.516,138.516,138.516,138.516,138.516,138.516,138.516,138.516,138.516,138.516,138.516,138.516
2011-01-31 06:00:00,138.355,138.355,138.355,138.355,138.355,138.355,138.355,138.355,138.355,138.355,138.355,138.355
2011-01-31 07:00:00,131.462,131.462,131.462,131.462,131.462,131.462,131.462,131.462,131.462,131.462,131.462,131.462
2011-01-31 08:00:00,63.769,63.769,63.769,63.769,63.769,63.769,63.769,63.769,63.769,63.769,63.769,63.769
2011-01-31 09:00:00,56.612,56.612,56.612,56.612,56.612,56.612,56.612,56.612,56.612,56.612,56.612,56.612
2011-01-31 10:00:00,46.151,46.151,46.151,46.151,46.151,46.151,46.151,46.151,46.151,46.151,46.151,46.151
2011-01-31 11:00:00,33.498,33.498,33.498,33.498,33.498,33.498,33.498,33.498,33.498,33.498,33.498,33.498
2011-01-31 12:00:00,33.498,33.498,33.498,33.498,33.498,33.498,33.498,33.498,33.498,33.498,33.498,33.498
2011-01-31 13:00:00,33.914,33.914,33.914,33.914,33.914,33.914,33.914,33.914,33.914,33.914,33.914,33.914
2011-01-31 14:00:00,56.612,56.612,56.612,56.612,56.612,56.612,56.612,56.612,56.612,56.612,56.612,56.612
2011-01-31 15:00:00,62.281,62.281,62.281,62.281,62.281,62.281,62.281,62.281,62.281,62.281,62.281,62.281
2011-01-31 16:00:00,62.281,62.281,62.281,62.281,62.281,62.281,62.281,62.281,62.281,62.281,62.281,62.281
2011-01-31 17:00:00,62.281,62.281,62.281,62.281,62.281,62.281,62.281,62.281,62.281,62.281,62.281,62.281
2011-01-31 18:00:00,62.281,62.281,62.281,62.281,62.281,62.281,62.281,62.281,62.281,62.281,62.281,62.281
2011-01-31 19:00:00,62.281,62.281,62.281,62.281,62.281,62.281,62.281,62.281,62.281,62.281,62.281,62.281
2011-01-31 20:00:00,62.281,62.281,62.281,62.281,62.281,62.281,62.281,62.281,62.281,62.281,62.281,62.281
2011-01-31 21:00:00,62.281,62.281,62.281,62.281,62.281,62.281,62.281,62.281,62.281,62.281,62.281,62.281
2011-01-31 22:00:00,62.281,62.281,62.281,62.281,62.281,62.281,62.281,62.281,62.281,62.281,62.281,62.281
2011-01-31 23:00:00,62.281,62.281,62.281,62.281,62.281,62.281,62.281,62.281,62.281,62.281,62.281,62.281
2011-02-01 00:00:00,20.996,20.996,20.996,20.996,20.996,20.996,20.996,20.996,20.996,20.996,20.996,20.996
2011-02-01 01:00:00,20.996,20.996,20.996,20.996,20.996,20.996,20.996,20.996,20.996,20.996,20.996,20.996
2011-02-01 02:00:00,20.996,20.996,20.996,20.996,20.996,20.996,20.996,20.996,20.996,20.996,20.996,20.996
2011-02-01 03:00:00,20.996,20.996,20.996,20.996,20.996,20.996,20.996,20.996,20.996,20.996,20.996,20.996
2011-02-01 04:00:00,20.996,20.996,20.996,20.996,20.996,20.996,20.996,20.996,20.996,20.996,20.996,20.996
2011-02-01 05:00:00,20.996,20.996,20.996,20.996,20.996,20.996,20.996,20.996,20.996,20.996,20.996,20.996
2011-02-01 06:00:00,20.876,20.876,20.876,20.876,20.876,20.876,20.876,20.876,20.876,20.876,20.876,20.876
2011-02-01 07:00:00,20.979,20.979,20.979,20.979,20.979,20.979,20.979,20.979,20.979,20.979,20.979,20.979
2011-02-01 08:00:00,21.017,21.017,21.017,21.017,21.017,21.017,21.017,21.017,21.017,21.017,21.017,21.017
2011-02-01 09:00:00,21.017,21.017,21.017,21.017,21.017,21.017,21.017,21.017,21.017,21.017,21.017,21.017
2011-02-01 10:00:00,21.822,21.822,21.822,21.822,21.822,21.822,21.822,21.822,21.822,21.822,21.822,21.822
2011-02-01 11:00:00,20.996,20.996,20.996,20.996,20.996,20.996,20.996,20.996,20.996,20.996,20.996,20.996
2011-02-01 12:00:00,20.996,20.996,20.996,20.996,20.996,20.996,20.996,20.996,20.996,20.996,20.996,20.996
2011-02-01 13:00:00,20.996,20.996,20.996,20.996,20.996,20.996,20.996,20.996,20.996,20.996,20.996,20.996
2011-02-01 14:00:00,21.041,21.041,21.041,21.041,21.041,21.041,21.041,21.041,21.041,21.041,21.041,21.041
2011-02-01 15:00:00,20.996,20.996,20.996,20.996,20.996,20.996,20.996,20.996,20.996,20.996,20.996,20.996
2011-02-01 16:00:00,21.325,21.325,21.325,21.325,21.325,21.325,21.325,21.325,21.325,21.325,21.325,21.325
2011-02-01 17:00:00,21.068,21.068,21.068,21.068,21.068,21.068,21.068,21.068,21.068,21.068,21.068,21.068
2011-02-01 18:00:00,20.996,20.996,20.996,20.996,20.996,20.996,20.996,20.996,20.996,20.996,20.996,20.996
2011-02-01 19:00:00,20.996,20.996,20.996,20.996,20.996,20.996,20.996,20.996,20.996,20.996,20.996,20.996
2011-02-01 20:00:00,20.996,20.996,20.996,20.996,20.996,20.996,20.996,20.996,20.996,20.996,20.996,20.996
2011-02-01 21:00:00,20.996,20.996,20.996,20.996,20.996,20.996,20.996,20.996,20.996,20.996,20.996,20.996
2011-02-01 22:00:00,20.996,20.996,20.996,20.996,20.996,20.996,20.996,20.996,20.996,20.996,20.996,20.996
2011-02-01 23:00:00,20.996,20.996,20.996,20.996,20.996,20.996,20.996,20.996,20.996,20.996,20.996,20.996
2011-02-02 00:00:00,26.115,26.115,26.115,26.115,26.115,26.115,26.115,26.115,26.115,26.115,26.115,26.115
2011-02-02 01:00:00,26.115,26.115,26.115,26.115,26.115,26.115,26.115,26.115,26.115,26.115,26.115,26.115
2011-02-02 02:00:00,26.115,26.115,26.115,26.115,26.115,26.115,26.115,26.115,26.115,26.115,26.115,26.115
2011-02-02 03:00:00,26.115,26.115,26.115,26.115,26.115,26.115,26.115,26.115,26.115,26.115,26.115,26.115
2011-02-02 04:00:00,26.115,26.115,26.115,26.115,26.115,26.115,26.115,26.115,26.115,26.115,26.115,26.115
2011-02-02 05:00:00,26.115,26.115,26.115,26.115,26.115,26.115,26.115,26.115,26.115,26.115,26.115,26.115
2011-02-02 06:00:00,25.692,25.692,25.692,25.692,25.692,25.692,25.692,25.692,25.692,25.692,25.692,25.692
2011-02-02 07:00:00,26.054,26.054,26.054,26.054,26.054,26.054,26.054,26.054,26.054,26.054,26.054,26.054
2011-02-02 08:00:00,24.443,24.443,24.443,24.443,24.443,24.443,24.443,24.443,24.443,24.443,24.443,24.443
2011-02-02 09:00:00,21.172,21.172,21.172,21.172,21.172,21.172,21.172,21.172,21.172,21.172,21.172,21.172
2011-02-02 10:00:00,22.551,22.551,22.551,22.551,22.551,22.551,22.551,22.551,22.551,22.551,22.551,22.551
2011-02-02 11:00:00,22.623,22.623,22.623,22.623,22.623,22.623,22.623,22.623,22.623,22.623,22.623,22.623
2011-02-02 12:00:00,22.872,22.872,22.872,22.872,22.872,22.872,22.872,22.872,22.872,22.872,22.872,22.872
2011-02-02 13:00:00,23.255,23.255,23.255,23.255,23.255,23.255,23.255,23.255,23.255,23.255,23.255,23.255
2011-02-02 14:00:00,23.363,23.363,23.363,23.363,23.363,23.363,23.363,23.363,23.363,23.363,23.363,23.363
2011-02-02 15:00:00,25.396,25.396,25.396,25.396,25.396,25.396,25.396,25.396,25.396,25.396,25.396,25.396
2011-02-02 16:00:00,26.115,26.115,26.115,26.115,26.115,26.115,26.115,26.115,26.115,26.115,26.115,26.115
2011-02-02 17:00:00,26.115,26.115,26.115,26.115,26.115,26.115,26.115,26.115,26.115,26.115,26.115,26.115
2011-02-02 18:00:00,26.115,26.115,26.115,26.115,26.115,26.115,26.115,26.115,26.115,26.115,26.115,26.115
2011-02-02 19:00:00,26.115,26.115,26.115,26.115,26.115,26.115,26.115,26.115,26.115,26.115,26.115,26.115
2011-02-02 20:00:00,26.115,26.115,26.115,26.115,26.115,26.115,26.115,26.115,26.115,26.115,26.115,26.115
2011-02-02 21:00:00,26.115,26.115,26.115,26.115,26.115,26.115,26.115,26.115,26.115,26.115,26.115,26.115
2011-02-02 22:00:00,26.115,26.115,26.115,26.115,26.115,26.115,26.115,26.115,26.115,26.115,26.115,26.115
2011-02-02 23:00:00,26.115,26.115,26.115,26.115,26.115,26.115,26.115,26.115,26.115,26.115,26.115,26.115
2011-02-03 00:00:00,22.181,22.181,22.181,22.181,22.181,22.181,22.181,22.181,22.181,22.181,22.181,22.181
2011-02-03 01:00:00,22.181,22.181,22.181,22.181,22.181,22.181,22.181,22.181,22.181,22.181,22.181,22.181
2011-02-03 02:00:00,22.181,22.181,22.181,22.181,22.181,22.181,22.181,22.181,22.181,22.181,22.181,22.181
2011-02-03 03:00:00,22.181,22.181,22.181,22.181,22.181,22.181,22.181,22.181,22.181,22.181,22.181,22.181
2011-02-03 04:00:00,22.412,22.412,22.412,22.412,22.412,22.412,22.412,22.412,22.412,22.412,22.412,22.412
2011-02-03 05:00:00,23.051,23.051,23.051,23.051,23.051,23.051,23.051,23.051,23.051,23.051,23.051,23.051
2011-02-03 06:00:00,23.027,23.027,23.027,23.027,23.027,23.027,23.027,23.027,23.027,23.027,23.027,23.027
2011-02-03 07:00:00,23.166,23.166,23.166,23.166,23.166,23.166,23.166,23.166,23.166,23.166,23.166,23.166
2011-02-03 08:00:00,22.017,22.017,22.017,22.017,22.017,22.017,22.017,22.017,22.017,22.017,22.017,22.017
2011-02-03 09:00:00,20.808,20.808,20.808,20.808,20.808,20.808,20.808,20.808,20.808,20.808,20.808,20.808
2011-02-03 10:00:00,18.065,18.065,18.065,18.065,18.065,18.065,18.065,18.065,18.065,18.065,18.065,18.065
2011-02-03 11:00:00,17.738,17.738,17.738,17.738,17.738,17.738,17.738,17.738,17.738,17.738,17.738,17.738
2011-02-03 12:00:00,17.738,17.738,17.738,17.738,17.738,17.738,17.738,17.738,17.738,17.738,17.738,17.738
2011-02-03 13:00:00,18.453,18.453,18.453,18.453,18.453,18.453,18.453,18.453,18.453,18.453,18.453,18.453
2011-02-03 14:00:00,19.918,19.918,19.918,19.918,19.918,19.918,19.918,19.918,19.918,19.918,19.918,19.918
2011-02-03 15:00:00,21.862,21.862,21.862,21.862,21.862,21.862,21.862,21.862,21.862,21.862,21.862,21.862
2011-02-03 16:00:00,22.181,22.181,22.181,22.181,22.181,22.181,22.181,22.181,22.181,22.181,22.181,22.181
2011-02-03 17:00:00,22.181,22.181,22.181,22.181,22.181,22.181,22.181,22.181,22.181,22.181,22.181,22.181
2011-02-03 18:00:00,22.181,22.181,22.181,22.181,22.181,22.181,22.181,22.181,22.181,22.181,22.181,22.181
2011-02-03 19:00:00,22.181,22.181,22.181,22.181,22.181,22.181,22.181,22.181,22.181,22.181,22.181,22.181
2011-02-03 20:00:00,22.181,22.181,22.181,22.181,22.181,22.181,22.181,22.181,22.181,22.181,22.181,22.181
2011-02-03 21:00:00,22.181,22.181,22.181,22.181,22.181,22.181,22.181,22.181,22.181,22.181,22.181,22.181
2011-02-03 22:00:00,22.181,22.181,22.181,22.181,22.181,22.181,22.181,22.181,22.181,22.181,22.181,22.181
2011-02-03 23:00:00,22.181,22.181,22.181,22.181,22.181,22.181,22.181,22.181,22.181,22.181,22.181,22.181
2011-02-04 00:00:00,21.95,21.95,21.95,21.95,21.95,21.95,21.95,21.95,21.95,21.95,21.95,21.95
2011-02-04 01:00:00,21.95,21.95,21.95,21.95,21.95,21.95,21.95,21.95,21.95,21.95,21.95,21.95
2011-02-04 02:00:00,21.95,21.95,21.95,21.95,21.95,21.95,21.95,21.95,21.95,21.95,21.95,21.95
2011-02-04 03:00:00,21.95,21.95,21.95,21.95,21.95,21.95,21.95,21.95,21.95,21.95,21.95,21.95
2011-02-04 04:00:00,21.95,21.95,21.95,21.95,21.95,21.95,21.95,21.95,21.95,21.95,21.95,21.95
2011-02-04 05:00:00,21.95,21.95,21.95,21.95,21.95,21.95,21.95,21.95,21.95,21.95,21.95,21.95
2011-02-04 06:00:00,21.463,21.463,21.463,21.463,21.463,21.463,21.463,21.463,21.463,21.463,21.463,21.463
2011-02-04 07:00:00,21.557,21.557,21.557,21.557,21.557,21.557,21.557,21.557,21.557,21.557,21.557,21.557
2011-02-04 08:00:00,19.804,19.804,19.804,19.804,19.804,19.804,19.804,19.804,19.804,19.804,19.804,19.804
2011-02-04 09:00:00,13.4,13.4,13.4,13.4,13.4,13.4,13.4,13.4,13.4,13.4,13.4,13.4
2011-02-04 10:00:00,13.346,13.346,13.346,13.346,13.346,13.346,13.346,13.346,13.346,13.346,13.346,13.346
2011-02-04 11:00:00,13.346,13.346,13.346,13.346,13.346,13.346,13.346,13.346,13.346,13.346,13.346,13.346
2011-02-04 12:00:00,13.346,13.346,13.346,13.346,13.346,13.346,13.346,13.346,13.346,13.346,13.346,13.346
2011-02-04 13:00:00,13.512,13.512,13.512,13.512,13.512,13.512,13.512,13.512,13.512,13.512,13.512,13.512
2011-02-04 14:00:00,18.494,18.494,18.494,18.494,18.494,18.494,18.494,18.494,18.494,18.494,18.494,18.494
2011-02-04 15:00:00,21.858,21.858,21.858,21.858,21.858,21.858,21.858,21.858,21.858,21.858,21.858,21.858
2011-02-04 16:00:00,21.95,21.95,21.95,21.95,21.95,21.95,21.95,21.95,21.95,21.95,21.95,21.95
2011-02-04 17:00:00,21.95,21.95,21.95,21.95,21.95,21.95,21.95,21.95,21.95,21.95,21.95,21.95
2011-02-04 18:00:00,21.95,21.95,21.95,21.95,21.95,21.95,21.95,21.95,21.95,21.95,21.95,21.95
2011-02-04 19:00:00,21.95,21.95,21.95,21.95,21.95,21.95,21.95,21.95,21.95,21.95,21.95,21.95
2011-02-04 20:00:00,21.95,21.95,21.95,21.95,21.95,21.95,21.95,21.95,21.95,21.95,21.95,21.95
2011-02-04 21:00:00,21.95,21.95,21.95,21.95,21.95,21.95,21.95,21.95,21.95,21.95,21.95,21.95
2011-02-04 22:00:00,21.95,21.95,21.95,21.95,21.95,21.95,21.95,21.95,21.95,21.95,21.95,21.95
2011-02-04 23:00:00,21.95,21.95,21.95,21.95,21.95,21.95,21.95,21.95,21.95,21.95,21.95,21.95
2011-02-05 00:00:00,25.091,25.091,25.091,25.091,25.091,25.091,25.091,25.091,25.091,25.091,25.091,25.091
2011-02-05 01:00:00,25.091,25.091,25.091,25.091,25.091,25.091,25.091,25.091,25.091,25.091,25.091,25.091
2011-02-05 02:00:00,25.091,25.091,25.091,25.091,25.091,25.091,25.091,25.091,25.091,25.091,25.091,25.091
2011-02-05 03:00:00,25.091,25.091,25.091,25.091,25.091,25.091,25.091,25.091,25.091,25.091,25.091,25.091
2011-02-05 04:00:00,25.091,25.091,25.091,25.091,25.091,25.091,25.091,25.091,25.091,25.091,25.091,25.091
2011-02-05 05:00:00,25.091,25.091,25.091,25.091,25.091,25.091,25.091,25.091,25.091,25.091,25.091,25.091
2011-02-05 06:00:00,25.468,25.468,25.468,25.468,25.468,25.468,25.468,25.468,25.468,25.468,25.468,25.468
2011-02-05 07:00:00,25.549,25.549,25.549,25.549,25.549,25.549,25.549,25.549,25.549,25.549,25.549,25.549
2011-02-05 08:00:00,23.197,23.197,23.197,23.197,23.197,23.197,23.197,23.197,23.197,23.197,23.197,23.197
2011-02-05 09:00:00,14.144,14.144,14.144,14.144,14.144,14.144,14.144,14.144,14.144,14.144,14.144,14.144
2011-02-05 10:00:00,13.558,13.558,13.558,13.558,13.558,13.558,13.558,13.558,13.558,13.558,13.558,13.558
2011-02-05 11:00:00,13.558,13.558,13.558,13.558,13.558,13.558,13.558,13.558,13.558,13.558,13.558,13.558
2011-02-05 12:00:00,13.558,13.558,13.558,13.558,13.558,13.558,13.558,13.558,13.558,13.558,13.558,13.558
2011-02-05 13:00:00,13.558,13.558,13.558,13.558,13.558,13.558,13.558,13.558,13.558,13.558,13.558,13.558
2011-02-05 14:00:00,18.834,18.834,18.834,18.834,18.834,18.834,18.834,18.834,18.834,18.834,18.834,18.834
2011-02-05 15:00:00,24.746,24.746,24.746,24.746,24.746,24.746,24.746,24.746,24.746,24.746,24.746,24.746
2011-02-05 16:00:00,25.091,25.091,25.091,25.091,25.091,25.091,25.091,25.091,25.091,25.091,25.091,25.091
2011-02-05 17:00:00,25.091,25.091,25.091,25.091,25.091,25.091,25.091,25.091,25.091,25.091,25.091,25.091
2011-02-05 18:00:00,25.091,25.091,25.091,25.091,25.091,25.091,25.091,25.091,25.091,25.091,25.091,25.091
2011-02-05 19:00:00,25.091,25.091,25.091,25.091,25.091,25.091,25.091,25.091,25.091,25.091,25.091,25.091
2011-02-05 20:00:00,25.091,25.091,25.091,25.091,25.091,25.091,25.091,25.091,25.091,25.091,25.091,25.091
2011-02-05 21:00:00,25.091,25.091,25.091,25.091,25.091,25.091,25.091,25.091,25.091,25.091,25.091,25.091
2011-02-05 22:00:00,25.091,25.091,25.091,25.091,25.091,25.091,25.091,25.091,25.091,25.091,25.091,25.091
2011-02-05 23:00:00,25.091,25.091,25.091,25.091,25.091,25.091,25.091,25.091,25.091,25.091,25.091,25.091
2011-02-06 00:00:00,35.759,35.759,35.759,35.759,35.759,35.759,35.759,35.759,35.759,35.759,35.759,35.759
2011-02-06 01:00:00,35.759,35.759,35.759,35.759,35.759,35.759,35.759,35.759,35.759,35.759,35.759,35.759
2011-02-06 02:00:00,35.759,35.759,35.759,35.759,35.759,35.759,35.759,35.759,35.759,35.759,35.759,35.759
2011-02-06 03:00:00,35.759,35.759,35.759,35.759,35.759,35.759,35.759,35.759,35.759,35.759,35.759,35.759
2011-02-06 04:00:00,35.759,35.759,35.759,35.759,35.759,35.759,35.759,35.759,35.759,35.759,35.759,35.759
2011-02-06 05:00:00,35.759,35.759,35.759,35.759,35.759,35.759,35.759,35.759,35.759,35.759,35.759,35.759
2011-02-06 06:00:00,35.759,35.759,35.759,35.759,35.759,35.759,35.759,35.759,35.759,35.759,35.759,35.759
2011-02-06 07:00:00,35.759,35.759,35.759,35.759,35.759,35.759,35.759,35.759,35.759,35.759,35.759,35.759
2011-02-06 08:00:00,31.305,31.305,31.305,31.305,31.305,31.305,31.305,31.305,31.305,31.305,31.305,31.305
2011-02-06 09:00:00,17.987,17.987,17.987,17.987,17.987,17.987,17.987,17.987,17.987,17.987,17.987,17.987
2011-02-06 10:00:00,17.788,17.788,17.788,17.788,17.788,17.788,17.788,17.788,17.788,17.788,17.788,17.788
2011-02-06 11:00:00,17.788,17.788,17.788,17.788,17.788,17.788,17.788,17.788,17.788,17.788,17.788,17.788
2011-02-06 12:00:00,17.788,17.788,17.788,17.788,17.788,17.788,17.788,17.788,17.788,17.788,17.788,17.788
2011-02-06 13:00:00,17.848,17.848,17.848,17.848,17.848,17.848,17.848,17.848,17.848,17.848,17.848,17.848
2011-02-06 14:00:00,22.535,22.535,22.535,22.535,22.535,22.535,22.535,22.535,22.535,22.535,22.535,22.535
2011-02-06 15:00:00,35.199,35.199,35.199,35.199,35.199,35.199,35.199,35.199,35.199,35.199,35.199,35.199
2011-02-06 16:00:00,35.759,35.759,35.759,35.759,35.759,35.759,35.759,35.759,35.759,35.759,35.759,35.759
2011-02-06 17:00:00,35.759,35.759,35.759,35.759,35.759,35.759,35.759,35.759,35.759,35.759,35.759,35.759
2011-02-06 18:00:00,35.759,35.759,35.759,35.759,35.759,35.759,35.759,35.759,35.759,35.759,35.759,35.759
2011-02-06 19:00:00,35.759,35.759,35.759,35.759,35.759,35.759,35.759,35.759,35.759,35.759,35.759,35.759
2011-02-06 20:00:00,35.759,35.759,35.759,35.759,35.759,35.759,35.759,35.759,35.759,35.759,35.759,35.759
2011-02-06 21:00:00,35.759,35.759,35.759,35.759,35.759,35.759,35.759,35.759,35.759,35.759,35.759,35.759
2011-02-06 22:00:00,35.759,35.759,35.759,35.759,35.759,35.759,35.759,35.759,35.759,35.759,35.759,35.759
2011-02-06 23:00:00,35.759,35.759,35.759,35.759,35.759,35.759,35.759,35.759,35.759,35.759,35.759,35.759
2011-02-07 00:00:00,29.765,29.765,29.765,29.765,29.765,29.765,29.765,29.765,29.765,29.765,29.765,29.765
2011-02-07 01:00:00,29.765,29.765,29.765,29.765,29.765,29.765,29.765,29.765,29.765,29.765,29.765,29.765
2011-02-07 02:00:00,29.765,29.765,29.765,29.765,29.765,29.765,29.765,29.765,29.765,29.765,29.765,29.765
2011-02-07 03:00:00,29.765,29.765,29.765,29.765,29.765,29.765,29.765,29.765,29.765,29.765,29.765,29.765
2011-02-07 04:00:00,29.765,29.765,29.765,29.765,29.765,29.765,29.765,29.765,29.765,29.765,29.765,29.765
2011-02-07 05:00:00,29.765,29.765,29.765,29.765,29.765,29.765,29.765,29.765,29.765,29.765,29.765,29.765
2011-02-07 06:00:00,30.066,30.066,30.066,30.066,30.066,30.066,30.066,30.066,30.066,30.066,30.066,30.066
2011-02-07 07:00:00,29.583,29.583,29.583,29.583,29.583,29.583,29.583,29.583,29.583,29.583,29.583,29.583
2011-02-07 08:00:00,24.068,24.068,24.068,24.068,24.068,24.068,24.068,24.068,24.068,24.068,24.068,24.068
2011-02-07 09:00:00,19.803,19.803,19.803,19.803,19.803,19.803,19.803,19.803,19.803,19.803,19.803,19.803
2011-02-07 10:00:00,18.561,18.561,18.561,18.561,18.561,18.561,18.561,18.561,18.561,18.561,18.561,18.561
2011-02-07 11:00:00,18.489,18.489,18.489,18.489,18.489,18.489,18.489,18.489,18.489,18.489,18.489,18.489
2011-02-07 12:00:00,18.489,18.489,18.489,18.489,18.489,18.489,18.489,18.489,18.489,18.489,18.489,18.489
2011-02-07 13:00:00,18.489,18.489,18.489,18.489,18.489,18.489,18.489,18.489,18.489,18.489,18.489,18.489
2011-02-07 14:00:00,18.489,18.489,18.489,18.489,18.489,18.489,18.489,18.489,18.489,18.489,18.489,18.489
2011-02-07 15:00:00,22.792,22.792,22.792,22.792,22.792,22.792,22.792,22.792,22.792,22.792,22.792,22.792
2011-02-07 16:00:00,29.633,29.633,29.633,29.633,29.633,29.633,29.633,29.633,29.633,29.633,29.633,29.633
2011-02-07 17:00:00,29.633,29.633,29.633,29.633,29.633,29.633,29.633,29.633,29.633,29.633,29.633,29.633
2011-02-07 18:00:00,29.633,29.633,29.633,29.633,29.633,29.633,29.633,29.633,29.633,29.633,29.633,29.633
2011-02-07 19:00:00,29.633,29.633,29.633,29.633,29.633,29.633,29.633,29.633,29.633,29.633,29.633,29.633
2011-02-07 20:00:00,29.633,29.633,29.633,29.633,29.633,29.633,29.633,29.633,29.633,29.633,29.633,29.633
2011-02-07 21:00:00,29.633,29.633,29.633,29.633,29.633,29.633,29.633,29.633,29.633,29.633,29.633,29.633
2011-02-07 22:00:00,29.633,29.633,29.633,29.633,29.633,29.633,29.633,29.633,29.633,29.633,29.633,29.633
2011-02-07 23:00:00,29.633,29.633,29.633,29.633,29.633,29.633,29.633,29.633,29.633,29.633,29.633,29.633
2011-02-08 00:00:00,25.229,25.229,25.229,25.229,25.229,25.229,25.229,25.229,25.229,25.229,25.229,25.229
2011-02-08 01:00:00,25.184,25.184,25.184,25.184,25.184,25.184,25.184,25.184,25.184,25.184,25.184,25.184
2011-02-08 02:00:00,25.084,25.084,25.084,25.084,25.084,25.084,25.084,25.084,25.084,25.084,25.084,25.084
2011-02-08 03:00:00,25.084,25.084,25.084,25.084,25.084,25.084,25.084,25.084,25.084,25.084,25.084,25.084
2011-02-08 04:00:00,25.084,25.084,25.084,25.084,25.084,25.084,25.084,25.084,25.084,25.084,25.084,25.084
2011-02-08 05:00:00,25.084,25.084,25.084,25.084,25.084,25.084,25.084,25.084,25.084,25.084,25.084,25.084
2011-02-08 06:00:00,24.416,24.416,24.416,24.416,24.416,24.416,24.416,24.416,24.416,24.416,24.416,24.416
2011-02-08 07:00:00,24.416,24.416,24.416,24.416,24.416,24.416,24.416,24.416,24.416,24.416,24.416,24.416
2011-02-08 08:00:00,21.638,21.638,21.638,21.638,21.638,21.638,21.638,21.638,21.638,21.638,21.638,21.638
2011-02-08 09:00:00,19.393,19.393,19.393,19.393,19.393,19.393,19.393,19.393,19.393,19.393,19.393,19.393
2011-02-08 10:00:00,18.304,18.304,18.304,18.304,18.304,18.304,18.304,18.304,18.304,18.304,18.304,18.304
2011-02-08 11:00:00,18.304,18.304,18.304,18.304,18.304,18.304,18.304,18.304,18.304,18.304,18.304,18.304
2011-02-08 12:00:00,18.354,18.354,18.354,18.354,18.354,18.354,18.354,18.354,18.354,18.354,18.354,18.354
2011-02-08 13:00:00,18.633,18.633,18.633,18.633,18.633,18.633,18.633,18.633,18.633,18.633,18.633,18.633
2011-02-08 14:00:00,20.206,20.206,20.206,20.206,20.206,20.206,20.206,20.206,20.206,20.206,20.206,20.206
2011-02-08 15:00:00,23.755,23.755,23.755,23.755,23.755,23.755,23.755,23.755,23.755,23.755,23.755,23.755
2011-02-08 16:00:00,25.084,25.084,25.084,25.084,25.084,25.084,25.084,25.084,25.084,25.084,25.084,25.084
2011-02-08 17:00:00,25.084,25.084,25.084,25.084,25.084,25.084,25.084,25.084,25.084,25.084,25.084,25.084
2011-02-08 18:00:00,25.084,25.084,25.084,25.084,25.084,25.084,25.084,25.084,25.084,25.084,25.084,25.084
2011-02-08 19:00:00,25.084,25.084,25.084,25.084,25.084,25.084,25.084,25.084,25.084,25.084,25.084,25.084
2011-02-08 20:00:00,25.084,25.084,25.084,25.084,25.084,25.084,25.084,25.084,25.084,25.084,25.084,25.084
2011-02-08 21:00:00,25.084,25.084,25.084,25.084,25.084,25.084,25.084,25.084,25.084,25.084,25.084,25.084
2011-02-08 22:00:00,25.084,25.084,25.084,25.084,25.084,25.084,25.084,25.084,25.084,25.084,25.084,25.084
2011-02-08 23:00:00,25.084,25.084,25.084,25.084,25.084,25.084,25.084,25.084,25.084,25.084,25.084,25.084
2011-02-09 00:00:00,27.836,27.836,27.836,27.836,27.836,27.836,27.836,27.836,27.836,27.836,27.836,27.836
2011-02-09 01:00:00,27.836,27.836,27.836,27.836,27.836,27.836,27.836,27.836,27.836,27.836,27.836,27.836
2011-02-09 02:00:00,27.836,27.836,27.836,27.836,27.836,27.836,27.836,27.836,27.836,27.836,27.836,27.836
2011-02-09 03:00:00,27.836,27.836,27.836,27.836,27.836,27.836,27.836,27.836,27.836,27.836,27.836,27.836
2011-02-09 04:00:00,27.836,27.836,27.836,27.836,27.836,27.836,27.836,27.836,27.836,27.836,27.836,27.836
2011-02-09 05:00:00,27.836,27.836,27.836,27.836,27.836,27.836,27.836,27.836,27.836,27.836,27.836,27.836
2011-02-09 06:00:00,23.803,23.803,23.803,23.803,23.803,23.803,23.803,23.803,23.803,23.803,23.803,23.803
2011-02-09 07:00:00,23.062,23.062,23.062,23.062,23.062,23.062,23.062,23.062,23.062,23.062,23.062,23.062
2011-02-09 08:00:00,21.199,21.199,21.199,21.199,21.199,21.199,21.199,21.199,21.199,21.199,21.199,21.199
2011-02-09 09:00:00,21.199,21.199,21.199,21.199,21.199,21.199,21.199,21.199,21.199,21.199,21.199,21.199
2011-02-09 10:00:00,21.949,21.949,21.949,21.949,21.949,21.949,21.949,21.949,21.949,21.949,21.949,21.949
2011-02-09 11:00:00,24.003,24.003,24.003,24.003,24.003,24.003,24.003,24.003,24.003,24.003,24.003,24.003
2011-02-09 12:00:00,25.14,25.14,25.14,25.14,25.14,25.14,25.14,25.14,25.14,25.14,25.14,25.14
2011-02-09 13:00:00,25.732,25.732,25.732,25.732,25.732,25.732,25.732,25.732,25.732,25.732,25.732,25.732
2011-02-09 14:00:00,25.935,25.935,25.935,25.935,25.935,25.935,25.935,25.935,25.935,25.935,25.935,25.935
2011-02-09 15:00:00,37.611,37.611,37.611,37.611,37.611,37.611,37.611,37.611,37.611,37.611,37.611,37.611
2011-02-09 16:00:00,38.35,38.35,38.35,38.35,38.35,38.35,38.35,38.35,38.35,38.35,38.35,38.35
2011-02-09 17:00:00,38.35,38.35,38.35,38.35,38.35,38.35,38.35,38.35,38.35,38.35,38.35,38.35
2011-02-09 18:00:00,38.35,38.35,38.35,38.35,38.35,38.35,38.35,38.35,38.35,38.35,38.35,38.35
2011-02-09 19:00:00,38.35,38.35,38.35,38.35,38.35,38.35,38.35,38.35,38.35,38.35,38.35,38.35
2011-02-09 20:00:00,38.35,38.35,38.35,38.35,38.35,38.35,38.35,38.35,38.35,38.35,38.35,38.35
2011-02-09 21:00:00,38.35,38.35,38.35,38.35,38.35,38.35,38.35,38.35,38.35,38.35,38.35,38.35
2011-02-09 22:00:00,37.329,37.329,37.329,37.329,37.329,37.329,37.329,37.329,37.329,37.329,37.329,37.329
2011-02-09 23:00:00,27.836,27.836,27.836,27.836,27.836,27.836,27.836,27.836,27.836,27.836,27.836,27.836
2011-02-10 00:00:00,24.251,24.251,24.251,24.251,24.251,24.251,24.251,24.251,24.251,24.251,24.251,24.251
2011-02-10 01:00:00,24.251,24.251,24.251,24.251,24.251,24.251,24.251,24.251,24.251,24.251,24.251,24.251
2011-02-10 02:00:00,24.251,24.251,24.251,24.251,24.251,24.251,24.251,24.251,24.251,24.251,24.251,24.251
2011-02-10 03:00:00,24.251,24.251,24.251,24.251,24.251,24.251,24.251,24.251,24.251,24.251,24.251,24.251
2011-02-10 04:00:00,24.251,24.251,24.251,24.251,24.251,24.251,24.251,24.251,24.251,24.251,24.251,24.251
2011-02-10 05:00:00,24.251,24.251,24.251,24.251,24.251,24.251,24.251,24.251,24.251,24.251,24.251,24.251
2011-02-10 06:00:00,24.131,24.131,24.131,24.131,24.131,24.131,24.131,24.131,24.131,24.131,24.131,24.131
2011-02-10 07:00:00,24.131,24.131,24.131,24.131,24.131,24.131,24.131,24.131,24.131,24.131,24.131,24.131
2011-02-10 08:00:00,22.125,22.125,22.125,22.125,22.125,22.125,22.125,22.125,22.125,22.125,22.125,22.125
2011-02-10 09:00:00,20.142,20.142,20.142,20.142,20.142,20.142,20.142,20.142,20.142,20.142,20.142,20.142
2011-02-10 10:00:00,19.875,19.875,19.875,19.875,19.875,19.875,19.875,19.875,19.875,19.875,19.875,19.875
2011-02-10 11:00:00,19.875,19.875,19.875,19.875,19.875,19.875,19.875,19.875,19.875,19.875,19.875,19.875
2011-02-10 12:00:00,20.194,20.194,20.194,20.194,20.194,20.194,20.194,20.194,20.194,20.194,20.194,20.194
2011-02-10 13:00:00,20.876,20.876,20.876,20.876,20.876,20.876,20.876,20.876,20.876,20.876,20.876,20.876
2011-02-10 14:00:00,21.654,21.654,21.654,21.654,21.654,21.654,21.654,21.654,21.654,21.654,21.654,21.654
2011-02-10 15:00:00,22.406,22.406,22.406,22.406,22.406,22.406,22.406,22.406,22.406,22.406,22.406,22.406
2011-02-10 16:00:00,24.251,24.251,24.251,24.251,24.251,24.251,24.251,24.251,24.251,24.251,24.251,24.251
2011-02-10 17:00:00,24.251,24.251,24.251,24.251,24.251,24.251,24.251,24.251,24.251,24.251,24.251,24.251
2011-02-10 18:00:00,24.251,24.251,24.251,24.251,24.251,24.251,24.251,24.251,24.251,24.251,24.251,24.251
2011-02-10 19:00:00,24.251,24.251,24.251,24.251,24.251,24.251,24.251,24.251,24.251,24.251,24.251,24.251
2011-02-10 20:00:00,24.251,24.251,24.251,24.251,24.251,24.251,24.251,24.251,24.251,24.251,24.251,24.251
2011-02-10 21:00:00,24.251,24.251,24.251,24.251,24.251,24.251,24.251,24.251,24.251,24.251,24.251,24.251
2011-02-10 22:00:00,24.251,24.251,24.251,24.251,24.251,24.251,24.251,24.251,24.251,24.251,24.251,24.251
2011-02-10 23:00:00,24.251,24.251,24.251,24.251,24.251,24.251,24.251,24.251,24.251,24.251,24.251,24.251
2011-02-11 00:00:00,27.767,27.767,27.767,27.767,27.767,27.767,27.767,27.767,27.767,27.767,27.767,27.767
2011-02-11 01:00:00,27.767,27.767,27.767,27.767,27.767,27.767,27.767,27.767,27.767,27.767,27.767,27.767
2011-02-11 02:00:00,27.767,27.767,27.767,27.767,27.767,27.767,27.767,27.767,27.767,27.767,27.767,27.767
2011-02-11 03:00:00,27.767,27.767,27.767,27.767,27.767,27.767,27.767,27.767,27.767,27.767,27.767,27.767
2011-02-11 04:00:00,27.767,27.767,27.767,27.767,27.767,27.767,27.767,27.767,27.767,27.767,27.767,27.767
2011-02-11 05:00:00,27.767,27.767,27.767,27.767,27.767,27.767,27.767,27.767,27.767,27.767,27.767,27.767
2011-02-11 06:00:00,27.187,27.187,27.187,27.187,27.187,27.187,27.187,27.187,27.187,27.187,27.187,27.187
2011-02-11 07:00:00,28.595,28.595,28.595,28.595,28.595,28.595,28.595,28.595,28.595,28.595,28.595,28.595
2011-02-11 08:00:00,27.235,27.235,27.235,27.235,27.235,27.235,27.235,27.235,27.235,27.235,27.235,27.235
2011-02-11 09:00:00,23.328,23.328,23.328,23.328,23.328,23.328,23.328,23.328,23.328,23.328,23.328,23.328
2011-02-11 10:00:00,21.926,21.926,21.926,21.926,21.926,21.926,21.926,21.926,21.926,21.926,21.926,21.926
2011-02-11 11:00:00,21.865,21.865,21.865,21.865,21.865,21.865,21.865,21.865,21.865,21.865,21.865,21.865
2011-02-11 12:00:00,21.865,21.865,21.865,21.865,21.865,21.865,21.865,21.865,21.865,21.865,21.865,21.865
2011-02-11 13:00:00,21.865,21.865,21.865,21.865,21.865,21.865,21.865,21.865,21.865,21.865,21.865,21.865
2011-02-11 14:00:00,22.682,22.682,22.682,22.682,22.682,22.682,22.682,22.682,22.682,22.682,22.682,22.682
2011-02-11 15:00:00,27.482,27.482,27.482,27.482,27.482,27.482,27.482,27.482,27.482,27.482,27.482,27.482
2011-02-11 16:00:00,27.767,27.767,27.767,27.767,27.767,27.767,27.767,27.767,27.767,27.767,27.767,27.767
2011-02-11 17:00:00,27.767,27.767,27.767,27.767,27.767,27.767,27.767,27.767,27.767,27.767,27.767,27.767
2011-02-11 18:00:00,27.767,27.767,27.767,27.767,27.767,27.767,27.767,27.767,27.767,27.767,27.767,27.767
2011-02-11 19:00:00,27.767,27.767,27.767,27.767,27.767,27.767,27.767,27.767,27.767,27.767,27.767,27.767
2011-02-11 20:00:00,27.767,27.767,27.767,27.767,27.767,27.767,27.767,27.767,27.767,27.767,27.767,27.767
2011-02-11 21:00:00,27.767,27.767,27.767,27.767,27.767,27.767,27.767,27.767,27.767,27.767,27.767,27.767
2011-02-11 22:00:00,27.767,27.767,27.767,27.767,27.767,27.767,27.767,27.767,27.767,27.767,27.767,27.767
2011-02-11 23:00:00,29.161,29.161,29.161,29.161,29.161,29.161,29.161,29.161,29.161,29.161,29.161,29.161
2011-02-12 00:00:00,35.86,35.86,35.86,35.86,35.86,35.86,35.86,35.86,35.86,35.86,35.86,35.86
2011-02-12 01:00:00,35.86,35.86,35.86,35.86,35.86,35.86,35.86,35.86,35.86,35.86,35.86,35.86
2011-02-12 02:00:00,35.86,35.86,35.86,35.86,35.86,35.86,35.86,35.86,35.86,35.86,35.86,35.86
2011-02-12 03:00:00,35.86,35.86,35.86,35.86,35.86,35.86,35.86,35.86,35.86,35.86,35.86,35.86
2011-02-12 04:00:00,35.86,35.86,35.86,35.86,35.86,35.86,35.86,35.86,35.86,35.86,35.86,35.86
2011-02-12 05:00:00,35.86,35.86,35.86,35.86,35.86,35.86,35.86,35.86,35.86,35.86,35.86,35.86
2011-02-12 06:00:00,35.86,35.86,35.86,35.86,35.86,35.86,35.86,35.86,35.86,35.86,35.86,35.86
2011-02-12 07:00:00,35.616,35.616,35.616,35.616,35.616,35.616,35.616,35.616,35.616,35.616,35.616,35.616
2011-02-12 08:00:00,32.573,32.573,32.573,32.573,32.573,32.573,32.573,32.573,32.573,32.573,32.573,32.573
2011-02-12 09:00:00,28.016,28.016,28.016,28.016,28.016,28.016,28.016,28.016,28.016,28.016,28.016,28.016
2011-02-12 10:00:00,28.016,28.016,28.016,28.016,28.016,28.016,28.016,28.016,28.016,28.016,28.016,28.016
2011-02-12 11:00:00,28.252,28.252,28.252,28.252,28.252,28.252,28.252,28.252,28.252,28.252,28.252,28.252
2011-02-12 12:00:00,28.437,28.437,28.437,28.437,28.437,28.437,28.437,28.437,28.437,28.437,28.437,28.437
2011-02-12 13:00:00,29.909,29.909,29.909,29.909,29.909,29.909,29.909,29.909,29.909,29.909,29.909,29.909
2011-02-12 14:00:00,32.697,32.697,32.697,32.697,32.697,32.697,32.697,32.697,32.697,32.697,32.697,32.697
2011-02-12 15:00:00,36.069,36.069,36.069,36.069,36.069,36.069,36.069,36.069,36.069,36.069,36.069,36.069
2011-02-12 16:00:00,37.311,37.311,37.311,37.311,37.311,37.311,37.311,37.311,37.311,37.311,37.311,37.311
2011-02-12 17:00:00,36.893,36.893,36.893,36.893,36.893,36.893,36.893,36.893,36.893,36.893,36.893,36.893
2011-02-12 18:00:00,36.707,36.707,36.707,36.707,36.707,36.707,36.707,36.707,36.707,36.707,36.707,36.707
2011-02-12 19:00:00,36.572,36.572,36.572,36.572,36.572,36.572,36.572,36.572,36.572,36.572,36.572,36.572
2011-02-12 20:00:00,36.449,36.449,36.449,36.449,36.449,36.449,36.449,36.449,36.449,36.449,36.449,36.449
2011-02-12 21:00:00,36.449,36.449,36.449,36.449,36.449,36.449,36.449,36.449,36.449,36.449,36.449,36.449
2011-02-12 22:00:00,36.449,36.449,36.449,36.449,36.449,36.449,36.449,36.449,36.449,36.449,36.449,36.449
2011-02-12 23:00:00,36.449,36.449,36.449,36.449,36.449,36.449,36.449,36.449,36.449,36.449,36.449,36.449
2011-02-13 00:00:00,32.508,32.508,32.508,32.508,32.508,32.508,32.508,32.508,32.508,32.508,32.508,32.508
2011-02-13 01:00:00,32.508,32.508,32.508,32.508,32.508,32.508,32.508,32.508,32.508,32.508,32.508,32.508
2011-02-13 02:00:00,32.508,32.508,32.508,32.508,32.508,32.508,32.508,32.508,32.508,32.508,32.508,32.508
2011-02-13 03:00:00,32.508,32.508,32.508,32.508,32.508,32.508,32.508,32.508,32.508,32.508,32.508,32.508
2011-02-13 04:00:00,32.508,32.508,32.508,32.508,32.508,32.508,32.508,32.508,32.508,32.508,32.508,32.508
2011-02-13 05:00:00,32.63,32.63,32.63,32.63,32.63,32.63,32.63,32.63,32.63,32.63,32.63,32.63
2011-02-13 06:00:00,33.261,33.261,33.261,33.261,33.261,33.261,33.261,33.261,33.261,33.261,33.261,33.261
2011-02-13 07:00:00,33.621,33.621,33.621,33.621,33.621,33.621,33.621,33.621,33.621,33.621,33.621,33.621
2011-02-13 08:00:00,31.788,31.788,31.788,31.788,31.788,31.788,31.788,31.788,31.788,31.788,31.788,31.788
2011-02-13 09:00:00,26.793,26.793,26.793,26.793,26.793,26.793,26.793,26.793,26.793,26.793,26.793,26.793
2011-02-13 10:00:00,26.793,26.793,26.793,26.793,26.793,26.793,26.793,26.793,26.793,26.793,26.793,26.793
2011-02-13 11:00:00,26.793,26.793,26.793,26.793,26.793,26.793,26.793,26.793,26.793,26.793,26.793,26.793
2011-02-13 12:00:00,26.793,26.793,26.793,26.793,26.793,26.793,26.793,26.793,26.793,26.793,26.793,26.793
2011-02-13 13:00:00,26.793,26.793,26.793,26.793,26.793,26.793,26.793,26.793,26.793,26.793,26.793,26.793
2011-02-13 14:00:00,30.196,30.196,30.196,30.196,30.196,30.196,30.196,30.196,30.196,30.196,30.196,30.196
2011-02-13 15:00:00,32.26,32.26,32.26,32.26,32.26,32.26,32.26,32.26,32.26,32.26,32.26,32.26
2011-02-13 16:00:00,32.26,32.26,32.26,32.26,32.26,32.26,32.26,32.26,32.26,32.26,32.26,32.26
2011-02-13 17:00:00,32.26,32.26,32.26,32.26,32.26,32.26,32.26,32.26,32.26,32.26,32.26,32.26
2011-02-13 18:00:00,32.26,32.26,32.26,32.26,32.26,32.26,32.26,32.26,32.26,32.26,32.26,32.26
2011-02-13 19:00:00,32.26,32.26,32.26,32.26,32.26,32.26,32.26,32.26,32.26,32.26,32.26,32.26
2011-02-13 20:00:00,32.26,32.26,32.26,32.26,32.26,32.26,32.26,32.26,32.26,32.26,32.26,32.26
2011-02-13 21:00:00,32.26,32.26,32.26,32.26,32.26,32.26,32.26,32.26,32.26,32.26,32.26,32.26
2011-02-13 22:00:00,32.26,32.26,32.26,32.26,32.26,32.26,32.26,32.26,32.26,32.26,32.26,32.26
2011-02-13 23:00:00,32.26,32.26,32.26,32.26,32.26,32.26,32.26,32.26,32.26,32.26,32.26,32.26
2011-02-14 00:00:00,35.269,35.269,35.269,35.269,35.269,35.269,35.269,35.269,35.269,35.269,35.269,35.269
2011-02-14 01:00:00,35.269,35.269,35.269,35.269,35.269,35.269,35.269,35.269,35.269,35.269,35.269,35.269
2011-02-14 02:00:00,35.269,35.269,35.269,35.269,35.269,35.269,35.269,35.269,35.269,35.269,35.269,35.269
2011-02-14 03:00:00,35.269,35.269,35.269,35.269,35.269,35.269,35.269,35.269,35.269,35.269,35.269,35.269
2011-02-14 04:00:00,35.269,35.269,35.269,35.269,35.269,35.269,35.269,35.269,35.269,35.269,35.269,35.269
2011-02-14 05:00:00,35.269,35.269,35.269,35.269,35.269,35.269,35.269,35.269,35.269,35.269,35.269,35.269
2011-02-14 06:00:00,34.293,34.293,34.293,34.293,34.293,34.293,34.293,34.293,34.293,34.293,34.293,34.293
2011-02-14 07:00:00,33.922,33.922,33.922,33.922,33.922,33.922,33.922,33.922,33.922,33.922,33.922,33.922
2011-02-14 08:00:00,33.514,33.514,33.514,33.514,33.514,33.514,33.514,33.514,33.514,33.514,33.514,33.514
2011-02-14 09:00:00,32.978,32.978,32.978,32.978,32.978,32.978,32.978,32.978,32.978,32.978,32.978,32.978
2011-02-14 10:00:00,31.144,31.144,31.144,31.144,31.144,31.144,31.144,31.144,31.144,31.144,31.144,31.144
2011-02-14 11:00:00,31.144,31.144,31.144,31.144,31.144,31.144,31.144,31.144,31.144,31.144,31.144,31.144
2011-02-14 12:00:00,32.013,32.013,32.013,32.013,32.013,32.013,32.013,32.013,32.013,32.013,32.013,32.013
2011-02-14 13:00:00,33.698,33.698,33.698,33.698,33.698,33.698,33.698,33.698,33.698,33.698,33.698,33.698
2011-02-14 14:00:00,33.922,33.922,33.922,33.922,33.922,33.922,33.922,33.922,33.922,33.922,33.922,33.922
2011-02-14 15:00:00,35.269,35.269,35.269,35.269,35.269,35.269,35.269,35.269,35.269,35.269,35.269,35.269
2011-02-14 16:00:00,35.269,35.269,35.269,35.269,35.269,35.269,35.269,35.269,35.269,35.269,35.269,35.269
2011-02-14 17:00:00,35.269,35.269,35.269,35.269,35.269,35.269,35.269,35.269,35.269,35.269,35.269,35.269
2011-02-14 18:00:00,35.269,35.269,35.269,35.269,35.269,35.269,35.269,35.269,35.269,35.269,35.269,35.269
2011-02-14 19:00:00,35.269,35.269,35.269,35.269,35.269,35.269,35.269,35.269,35.269,35.269,35.269,35.269
2011-02-14 20:00:00,35.269,35.269,35.269,35.269,35.269,35.269,35.269,35.269,35.269,35.269,35.269,35.269
2011-02-14 21:00:00,35.269,35.269,35.269,35.269,35.269,35.269,35.269,35.269,35.269,35.269,35.269,35.269
2011-02-14 22:00:00,35.269,35.269,35.269,35.269,35.269,35.269,35.269,35.269,35.269,35.269,35.269,35.269
2011-02-14 23:00:00,35.269,35.269,35.269,35.269,35.269,35.269,35.269,35.269,35.269,35.269,35.269,35.269
2011-02-15 00:00:00,25.241,25.241,25.241,25.241,25.241,25.241,25.241,25.241,25.241,25.241,25.241,25.241
2011-02-15 01:00:00,25.241,25.241,25.241,25.241,25.241,25.241,25.241,25.241,25.241,25.241,25.241,25.241
2011-02-15 02:00:00,25.241,25.241,25.241,25.241,25.241,25.241,25.241,25.241,25.241,25.241,25.241,25.241
2011-02-15 03:00:00,25.241,25.241,25.241,25.241,25.241,25.241,25.241,25.241,25.241,25.241,25.241,25.241
2011-02-15 04:00:00,25.241,25.241,25.241,25.241,25.241,25.241,25.241,25.241,25.241,25.241,25.241,25.241
2011-02-15 05:00:00,25.241,25.241,25.241,25.241,25.241,25.241,25.241,25.241,25.241,25.241,25.241,25.241
2011-02-15 06:00:00,25.216,25.216,25.216,25.216,25.216,25.216,25.216,25.216,25.216,25.216,25.216,25.216
2011-02-15 07:00:00,24.686,24.686,24.686,24.686,24.686,24.686,24.686,24.686,24.686,24.686,24.686,24.686
2011-02-15 08:00:00,24.311,24.311,24.311,24.311,24.311,24.311,24.311,24.311,24.311,24.311,24.311,24.311
2011-02-15 09:00:00,22.12,22.12,22.12,22.12,22.12,22.12,22.12,22.12,22.12,22.12,22.12,22.12
2011-02-15 10:00:00,23.279,23.279,23.279,23.279,23.279,23.279,23.279,23.279,23.279,23.279,23.279,23.279
2011-02-15 11:00:00,22.12,22.12,22.12,22.12,22.12,22.12,22.12,22.12,22.12,22.12,22.12,22.12
2011-02-15 12:00:00,22.12,22.12,22.12,22.12,22.12,22.12,22.12,22.12,22.12,22.12,22.12,22.12
2011-02-15 13:00:00,22.12,22.12,22.12,22.12,22.12,22.12,22.12,22.12,22.12,22.12,22.12,22.12
2011-02-15 14:00:00,22.857,22.857,22.857,22.857,22.857,22.857,22.857,22.857,22.857,22.857,22.857,22.857
2011-02-15 15:00:00,25.205,25.205,25.205,25.205,25.205,25.205,25.205,25.205,25.205,25.205,25.205,25.205
2011-02-15 16:00:00,25.241,25.241,25.241,25.241,25.241,25.241,25.241,25.241,25.241,25.241,25.241,25.241
2011-02-15 17:00:00,25.241,25.241,25.241,25.241,25.241,25.241,25.241,25.241,25.241,25.241,25.241,25.241
2011-02-15 18:00:00,25.241,25.241,25.241,25.241,25.241,25.241,25.241,25.241,25.241,25.241,25.241,25.241
2011-02-15 19:00:00,25.241,25.241,25.241,25.241,25.241,25.241,25.241,25.241,25.241,25.241,25.241,25.241
2011-02-15 20:00:00,25.241,25.241,25.241,25.241,25.241,25.241,25.241,25.241,25.241,25.241,25.241,25.241
2011-02-15 21:00:00,25.241,25.241,25.241,25.241,25.241,25.241,25.241,25.241,25.241,25.241,25.241,25.241
2011-02-15 22:00:00,25.241,25.241,25.241,25.241,25.241,25.241,25.241,25.241,25.241,25.241,25.241,25.241
2011-02-15 23:00:00,25.241,25.241,25.241,25.241,25.241,25.241,25.241,25.241,25.241,25.241,25.241,25.241
2011-02-16 00:00:00,52.715,52.715,52.715,52.715,52.715,52.715,52.715,52.715,52.715,52.715,52.715,52.715
2011-02-16 01:00:00,52.715,52.715,52.715,52.715,52.715,52.715,52.715,52.715,52.715,52.715,52.715,52.715
2011-02-16 02:00:00,52.715,52.715,52.715,52.715,52.715,52.715,52.715,52.715,52.715,52.715,52.715,52.715
2011-02-16 03:00:00,52.715,52.715,52.715,52.715,52.715,52.715,52.715,52.715,52.715,52.715,52.715,52.715
2011-02-16 04:00:00,52.715,52.715,52.715,52.715,52.715,52.715,52.715,52.715,52.715,52.715,52.715,52.715
2011-02-16 05:00:00,52.715,52.715,52.715,52.715,52.715,52.715,52.715,52.715,52.715,52.715,52.715,52.715
2011-02-16 06:00:00,51.826,51.826,51.826,51.826,51.826,51.826,51.826,51.826,51.826,51.826,51.826,51.826
2011-02-16 07:00:00,52.594,52.594,52.594,52.594,52.594,52.594,52.594,52.594,52.594,52.594,52.594,52.594
2011-02-16 08:00:00,50.601,50.601,50.601,50.601,50.601,50.601,50.601,50.601,50.601,50.601,50.601,50.601
2011-02-16 09:00:00,48.571,48.571,48.571,48.571,48.571,48.571,48.571,48.571,48.571,48.571,48.571,48.571
2011-02-16 10:00:00,50.601,50.601,50.601,50.601,50.601,50.601,50.601,50.601,50.601,50.601,50.601,50.601
2011-02-16 11:00:00,51.285,51.285,51.285,51.285,51.285,51.285,51.285,51.285,51.285,51.285,51.285,51.285
2011-02-16 12:00:00,52.178,52.178,52.178,52.178,52.178,52.178,52.178,52.178,52.178,52.178,52.178,52.178
2011-02-16 13:00:00,52.178,52.178,52.178,52.178,52.178,52.178,52.178,52.178,52.178,52.178,52.178,52.178
2011-02-16 14:00:00,52.178,52.178,52.178,52.178,52.178,52.178,52.178,52.178,52.178,52.178,52.178,52.178
2011-02-16 15:00:00,52.715,52.715,52.715,52.715,52.715,52.715,52.715,52.715,52.715,52.715,52.715,52.715
2011-02-16 16:00:00,52.715,52.715,52.715,52.715,52.715,52.715,52.715,52.715,52.715,52.715,52.715,52.715
2011-02-16 17:00:00,52.715,52.715,52.715,52.715,52.715,52.715,52.715,52.715,52.715,52.715,52.715,52.715
2011-02-16 18:00:00,52.715,52.715,52.715,52.715,52.715,52.715,52.715,52.715,52.715,52.715,52.715,52.715
2011-02-16 19:00:00,52.715,52.715,52.715,52.715,52.715,52.715,52.715,52.715,52.715,52.715,52.715,52.715
2011-02-16 20:00:00,52.715,52.715,52.715,52.715,52.715,52.715,52.715,52.715,52.715,52.715,52.715,52.715
2011-02-16 21:00:00,52.715,52.715,52.715,52.715,52.715,52.715,52.715,52.715,52.715,52.715,52.715,52.715
2011-02-16 22:00:00,52.715,52.715,52.715,52.715,52.715,52.715,52.715,52.715,52.715,52.715,52.715,52.715
2011-02-16 23:00:00,52.715,52.715,52.715,52.715,52.715,52.715,52.715,52.715,52.715,52.715,52.715,52.715
2011-02-17 00:00:00,42.739,42.739,42.739,42.739,42.739,42.739,42.739,42.739,42.739,42.739,42.739,42.739
2011-02-17 01:00:00,42.739,42.739,42.739,42.739,42.739,42.739,42.739,42.739,42.739,42.739,42.739,42.739
2011-02-17 02:00:00,42.739,42.739,42.739,42.739,42.739,42.739,42.739,42.739,42.739,42.739,42.739,42.739
2011-02-17 03:00:00,42.739,42.739,42.739,42.739,42.739,42.739,42.739,42.739,42.739,42.739,42.739,42.739
2011-02-17 04:00:00,42.739,42.739,42.739,42.739,42.739,42.739,42.739,42.739,42.739,42.739,42.739,42.739
2011-02-17 05:00:00,42.739,42.739,42.739,42.739,42.739,42.739,42.739,42.739,42.739,42.739,42.739,42.739
2011-02-17 06:00:00,29.648,29.648,29.648,29.648,29.648,29.648,29.648,29.648,29.648,29.648,29.648,29.648
2011-02-17 07:00:00,24.234,24.234,24.234,24.234,24.234,24.234,24.234,24.234,24.234,24.234,24.234,24.234
2011-02-17 08:00:00,20.284,20.284,20.284,20.284,20.284,20.284,20.284,20.284,20.284,20.284,20.284,20.284
2011-02-17 09:00:00,16.825,16.825,16.825,16.825,16.825,16.825,16.825,16.825,16.825,16.825,16.825,16.825
2011-02-17 10:00:00,17.557,17.557,17.557,17.557,17.557,17.557,17.557,17.557,17.557,17.557,17.557,17.557
2011-02-17 11:00:00,17.557,17.557,17.557,17.557,17.557,17.557,17.557,17.557,17.557,17.557,17.557,17.557
2011-02-17 12:00:00,20.357,20.357,20.357,20.357,20.357,20.357,20.357,20.357,20.357,20.357,20.357,20.357
2011-02-17 13:00:00,21.883,21.883,21.883,21.883,21.883,21.883,21.883,21.883,21.883,21.883,21.883,21.883
2011-02-17 14:00:00,22.431,22.431,22.431,22.431,22.431,22.431,22.431,22.431,22.431,22.431,22.431,22.431
2011-02-17 15:00:00,28.39,28.39,28.39,28.39,28.39,28.39,28.39,28.39,28.39,28.39,28.39,28.39
2011-02-17 16:00:00,42.739,42.739,42.739,42.739,42.739,42.739,42.739,42.739,42.739,42.739,42.739,42.739
2011-02-17 17:00:00,42.739,42.739,42.739,42.739,42.739,42.739,42.739,42.739,42.739,42.739,42.739,42.739
2011-02-17 18:00:00,42.739,42.739,42.739,42.739,42.739,42.739,42.739,42.739,42.739,42.739,42.739,42.739
2011-02-17 19:00:00,42.739,42.739,42.739,42.739,42.739,42.739,42.739,42.739,42.739,42.739,42.739,42.739
2011-02-17 20:00:00,42.739,42.739,42.739,42.739,42.739,42.739,42.739,42.739,42.739,42.739,42.739,42.739
2011-02-17 21:00:00,42.739,42.739,42.739,42.739,42.739,42.739,42.739,42.739,42.739,42.739,42.739,42.739
2011-02-17 22:00:00,42.739,42.739,42.739,42.739,42.739,42.739,42.739,42.739,42.739,42.739,42.739,42.739
2011-02-17 23:00:00,42.739,42.739,42.739,42.739,42.739,42.739,42.739,42.739,42.739,42.739,42.739,42.739
2011-02-18 00:00:00,26.864,26.864,26.864,26.864,26.864,26.864,26.864,26.864,26.864,26.864,26.864,26.864
2011-02-18 01:00:00,26.864,26.864,26.864,26.864,26.864,26.864,26.864,26.864,26.864,26.864,26.864,26.864
2011-02-18 02:00:00,26.864,26.864,26.864,26.864,26.864,26.864,26.864,26.864,26.864,26.864,26.864,26.864
2011-02-18 03:00:00,26.864,26.864,26.864,26.864,26.864,26.864,26.864,26.864,26.864,26.864,26.864,26.864
2011-02-18 04:00:00,26.864,26.864,26.864,26.864,26.864,26.864,26.864,26.864,26.864,26.864,26.864,26.864
2011-02-18 05:00:00,26.864,26.864,26.864,26.864,26.864,26.864,26.864,26.864,26.864,26.864,26.864,26.864
2011-02-18 06:00:00,26.608,26.608,26.608,26.608,26.608,26.608,26.608,26.608,26.608,26.608,26.608,26.608
2011-02-18 07:00:00,25.007,25.007,25.007,25.007,25.007,25.007,25.007,25.007,25.007,25.007,25.007,25.007
2011-02-18 08:00:00,22.12,22.12,22.12,22.12,22.12,22.12,22.12,22.12,22.12,22.12,22.12,22.12
2011-02-18 09:00:00,21.053,21.053,21.053,21.053,21.053,21.053,21.053,21.053,21.053,21.053,21.053,21.053
2011-02-18 10:00:00,21.165,21.165,21.165,21.165,21.165,21.165,21.165,21.165,21.165,21.165,21.165,21.165
2011-02-18 11:00:00,22.09,22.09,22.09,22.09,22.09,22.09,22.09,22.09,22.09,22.09,22.09,22.09
2011-02-18 12:00:00,22.507,22.507,22.507,22.507,22.507,22.507,22.507,22.507,22.507,22.507,22.507,22.507
2011-02-18 13:00:00,23.862,23.862,23.862,23.862,23.862,23.862,23.862,23.862,23.862,23.862,23.862,23.862
2011-02-18 14:00:00,25.557,25.557,25.557,25.557,25.557,25.557,25.557,25.557,25.557,25.557,25.557,25.557
2011-02-18 15:00:00,26.864,26.864,26.864,26.864,26.864,26.864,26.864,26.864,26.864,26.864,26.864,26.864
2011-02-18 16:00:00,26.864,26.864,26.864,26.864,26.864,26.864,26.864,26.864,26.864,26.864,26.864,26.864
2011-02-18 17:00:00,26.864,26.864,26.864,26.864,26.864,26.864,26.864,26.864,26.864,26.864,26.864,26.864
2011-02-18 18:00:00,26.864,26.864,26.864,26.864,26.864,26.864,26.864,26.864,26.864,26.864,26.864,26.864
2011-02-18 19:00:00,26.864,26.864,26.864,26.864,26.864,26.864,26.864,26.864,26.864,26.864,26.864,26.864
2011-02-18 20:00:00,26.864,26.864,26.864,26.864,26.864,26.864,26.864,26.864,26.864,26.864,26.864,26.864
2011-02-18 21:00:00,26.864,26.864,26.864,26.864,26.864,26.864,26.864,26.864,26.864,26.864,26.864,26.864
2011-02-18 22:00:00,26.864,26.864,26.864,26.864,26.864,26.864,26.864,26.864,26.864,26.864,26.864,26.864
2011-02-18 23:00:00,26.864,26.864,26.864,26.864,26.864,26.864,26.864,26.864,26.864,26.864,26.864,26.864
2011-02-19 00:00:00,25.753,25.753,25.753,25.753,25.753,25.753,25.753,25.753,25.753,25.753,25.753,25.753
2011-02-19 01:00:00,25.753,25.753,25.753,25.753,25.753,25.753,25.753,25.753,25.753,25.753,25.753,25.753
2011-02-19 02:00:00,25.753,25.753,25.753,25.753,25.753,25.753,25.753,25.753,25.753,25.753,25.753,25.753
2011-02-19 03:00:00,25.753,25.753,25.753,25.753,25.753,25.753,25.753,25.753,25.753,25.753,25.753,25.753
2011-02-19 04:00:00,25.753,25.753,25.753,25.753,25.753,25.753,25.753,25.753,25.753,25.753,25.753,25.753
2011-02-19 05:00:00,25.753,25.753,25.753,25.753,25.753,25.753,25.753,25.753,25.753,25.753,25.753,25.753
2011-02-19 06:00:00,25.753,25.753,25.753,25.753,25.753,25.753,25.753,25.753,25.753,25.753,25.753,25.753
2011-02-19 07:00:00,25.753,25.753,25.753,25.753,25.753,25.753,25.753,25.753,25.753,25.753,25.753,25.753
2011-02-19 08:00:00,23.597,23.597,23.597,23.597,23.597,23.597,23.597,23.597,23.597,23.597,23.597,23.597
2011-02-19 09:00:00,22.644,22.644,22.644,22.644,22.644,22.644,22.644,22.644,22.644,22.644,22.644,22.644
2011-02-19 10:00:00,22.644,22.644,22.644,22.644,22.644,22.644,22.644,22.644,22.644,22.644,22.644,22.644
2011-02-19 11:00:00,22.644,22.644,22.644,22.644,22.644,22.644,22.644,22.644,22.644,22.644,22.644,22.644
2011-02-19 12:00:00,22.644,22.644,22.644,22.644,22.644,22.644,22.644,22.644,22.644,22.644,22.644,22.644
2011-02-19 13:00:00,23.706,23.706,23.706,23.706,23.706,23.706,23.706,23.706,23.706,23.706,23.706,23.706
2011-02-19 14:00:00,25.347,25.347,25.347,25.347,25.347,25.347,25.347,25.347,25.347,25.347,25.347,25.347
2011-02-19 15:00:00,25.753,25.753,25.753,25.753,25.753,25.753,25.753,25.753,25.753,25.753,25.753,25.753
2011-02-19 16:00:00,25.753,25.753,25.753,25.753,25.753,25.753,25.753,25.753,25.753,25.753,25.753,25.753
2011-02-19 17:00:00,25.753,25.753,25.753,25.753,25.753,25.753,25.753,25.753,25.753,25.753,25.753,25.753
2011-02-19 18:00:00,25.753,25.753,25.753,25.753,25.753,25.753,25.753,25.753,25.753,25.753,25.753,25.753
2011-02-19 19:00:00,25.753,25.753,25.753,25.753,25.753,25.753,25.753,25.753,25.753,25.753,25.753,25.753
2011-02-19 20:00:00,25.753,25.753,25.753,25.753,25.753,25.753,25.753,25.753,25.753,25.753,25.753,25.753
2011-02-19 21:00:00,25.753,25.753,25.753,25.753,25.753,25.753,25.753,25.753,25.753,25.753,25.753,25.753
2011-02-19 22:00:00,25.753,25.753,25.753,25.753,25.753,25.753,25.753,25.753,25.753,25.753,25.753,25.753
2011-02-19 23:00:00,25.753,25.753,25.753,25.753,25.753,25.753,25.753,25.753,25.753,25.753,25.753,25.753
2011-02-20 00:00:00,41.438,41.438,41.438,41.438,41.438,41.438,41.438,41.438,41.438,41.438,41.438,41.438
2011-02-20 01:00:00,41.438,41.438,41.438,41.438,41.438,41.438,41.438,41.438,41.438,41.438,41.438,41.438
2011-02-20 02:00:00,41.438,41.438,41.438,41.438,41.438,41.438,41.438,41.438,41.438,41.438,41.438,41.438
2011-02-20 03:00:00,41.438,41.438,41.438,41.438,41.438,41.438,41.438,41.438,41.438,41.438,41.438,41.438
2011-02-20 04:00:00,41.438,41.438,41.438,41.438,41.438,41.438,41.438,41.438,41.438,41.438,41.438,41.438
2011-02-20 05:00:00,41.438,41.438,41.438,41.438,41.438,41.438,41.438,41.438,41.438,41.438,41.438,41.438
2011-02-20 06:00:00,41.438,41.438,41.438,41.438,41.438,41.438,41.438,41.438,41.438,41.438,41.438,41.438
2011-02-20 07:00:00,41.438,41.438,41.438,41.438,41.438,41.438,41.438,41.438,41.438,41.438,41.438,41.438
2011-02-20 08:00:00,36.229,36.229,36.229,36.229,36.229,36.229,36.229,36.229,36.229,36.229,36.229,36.229
2011-02-20 09:00:00,21.625,21.625,21.625,21.625,21.625,21.625,21.625,21.625,21.625,21.625,21.625,21.625
2011-02-20 10:00:00,21.625,21.625,21.625,21.625,21.625,21.625,21.625,21.625,21.625,21.625,21.625,21.625
2011-02-20 11:00:00,21.625,21.625,21.625,21.625,21.625,21.625,21.625,21.625,21.625,21.625,21.625,21.625
2011-02-20 12:00:00,21.625,21.625,21.625,21.625,21.625,21.625,21.625,21.625,21.625,21.625,21.625,21.625
2011-02-20 13:00:00,21.625,21.625,21.625,21.625,21.625,21.625,21.625,21.625,21.625,21.625,21.625,21.625
2011-02-20 14:00:00,37.223,37.223,37.223,37.223,37.223,37.223,37.223,37.223,37.223,37.223,37.223,37.223
2011-02-20 15:00:00,41.299,41.299,41.299,41.299,41.299,41.299,41.299,41.299,41.299,41.299,41.299,41.299
2011-02-20 16:00:00,41.438,41.438,41.438,41.438,41.438,41.438,41.438,41.438,41.438,41.438,41.438,41.438
2011-02-20 17:00:00,41.438,41.438,41.438,41.438,41.438,41.438,41.438,41.438,41.438,41.438,41.438,41.438
2011-02-20 18:00:00,41.438,41.438,41.438,41.438,41.438,41.438,41.438,41.438,41.438,41.438,41.438,41.438
2011-02-20 19:00:00,41.438,41.438,41.438,41.438,41.438,41.438,41.438,41.438,41.438,41.438,41.438,41.438
2011-02-20 20:00:00,41.438,41.438,41.438,41.438,41.438,41.438,41.438,41.438,41.438,41.438,41.438,41.438
2011-02-20 21:00:00,41.438,41.438,41.438,41.438,41.438,41.438,41.438,41.438,41.438,41.438,41.438,41.438
2011-02-20 22:00:00,41.438,41.438,41.438,41.438,41.438,41.438,41.438,41.438,41.438,41.438,41.438,41.438
2011-02-20 23:00:00,41.438,41.438,41.438,41.438,41.438,41.438,41.438,41.438,41.438,41.438,41.438,41.438
2011-02-21 00:00:00,38.842,38.842,38.842,38.842,38.842,38.842,38.842,38.842,38.842,38.842,38.842,38.842
2011-02-21 01:00:00,38.842,38.842,38.842,38.842,38.842,38.842,38.842,38.842,38.842,38.842,38.842,38.842
2011-02-21 02:00:00,38.842,38.842,38.842,38.842,38.842,38.842,38.842,38.842,38.842,38.842,38.842,38.842
2011-02-21 03:00:00,38.842,38.842,38.842,38.842,38.842,38.842,38.842,38.842,38.842,38.842,38.842,38.842
2011-02-21 04:00:00,38.899,38.899,38.899,38.899,38.899,38.899,38.899,38.899,38.899,38.899,38.899,38.899
2011-02-21 05:00:00,39.804,39.804,39.804,39.804,39.804,39.804,39.804,39.804,39.804,39.804,39.804,39.804
2011-02-21 06:00:00,39.538,39.538,39.538,39.538,39.538,39.538,39.538,39.538,39.538,39.538,39.538,39.538
2011-02-21 07:00:00,37.877,37.877,37.877,37.877,37.877,37.877,37.877,37.877,37.877,37.877,37.877,37.877
2011-02-21 08:00:00,31.77,31.77,31.77,31.77,31.77,31.77,31.77,31.77,31.77,31.77,31.77,31.77
2011-02-21 09:00:00,23.335,23.335,23.335,23.335,23.335,23.335,23.335,23.335,23.335,23.335,23.335,23.335
2011-02-21 10:00:00,23.335,23.335,23.335,23.335,23.335,23.335,23.335,23.335,23.335,23.335,23.335,23.335
2011-02-21 11:00:00,23.335,23.335,23.335,23.335,23.335,23.335,23.335,23.335,23.335,23.335,23.335,23.335
2011-02-21 12:00:00,23.335,23.335,23.335,23.335,23.335,23.335,23.335,23.335,23.335,23.335,23.335,23.335
2011-02-21 13:00:00,23.864,23.864,23.864,23.864,23.864,23.864,23.864,23.864,23.864,23.864,23.864,23.864
2011-02-21 14:00:00,36.554,36.554,36.554,36.554,36.554,36.554,36.554,36.554,36.554,36.554,36.554,36.554
2011-02-21 15:00:00,38.842,38.842,38.842,38.842,38.842,38.842,38.842,38.842,38.842,38.842,38.842,38.842
2011-02-21 16:00:00,38.842,38.842,38.842,38.842,38.842,38.842,38.842,38.842,38.842,38.842,38.842,38.842
2011-02-21 17:00:00,38.842,38.842,38.842,38.842,38.842,38.842,38.842,38.842,38.842,38.842,38.842,38.842
2011-02-21 18:00:00,38.842,38.842,38.842,38.842,38.842,38.842,38.842,38.842,38.842,38.842,38.842,38.842
2011-02-21 19:00:00,38.842,38.842,38.842,38.842,38.842,38.842,38.842,38.842,38.842,38.842,38.842,38.842
2011-02-21 20:00:00,38.842,38.842,38.842,38.842,38.842,38.842,38.842,38.842,38.842,38.842,38.842,38.842
2011-02-21 21:00:00,38.842,38.842,38.842,38.842,38.842,38.842,38.842,38.842,38.842,38.842,38.842,38.842
2011-02-21 22:00:00,38.842,38.842,38.842,38.842,38.842,38.842,38.842,38.842,38.842,38.842,38.842,38.842
2011-02-21 23:00:00,38.842,38.842,38.842,38.842,38.842,38.842,38.842,38.842,38.842,38.842,38.842,38.842
2011-02-22 00:00:00,54.784,54.784,54.784,54.784,54.784,54.784,54.784,54.784,54.784,54.784,54.784,54.784
2011-02-22 01:00:00,54.784,54.784,54.784,54.784,54.784,54.784,54.784,54.784,54.784,54.784,54.784,54.784
2011-02-22 02:00:00,54.784,54.784,54.784,54.784,54.784,54.784,54.784,54.784,54.784,54.784,54.784,54.784
2011-02-22 03:00:00,54.784,54.784,54.784,54.784,54.784,54.784,54.784,54.784,54.784,54.784,54.784,54.784
2011-02-22 04:00:00,54.784,54.784,54.784,54.784,54.784,54.784,54.784,54.784,54.784,54.784,54.784,54.784
2011-02-22 05:00:00,54.784,54.784,54.784,54.784,54.784,54.784,54.784,54.784,54.784,54.784,54.784,54.784
2011-02-22 06:00:00,54.43,54.43,54.43,54.43,54.43,54.43,54.43,54.43,54.43,54.43,54.43,54.43
2011-02-22 07:00:00,52.97,52.97,52.97,52.97,52.97,52.97,52.97,52.97,52.97,52.97,52.97,52.97
2011-02-22 08:00:00,43.218,43.218,43.218,43.218,43.218,43.218,43.218,43.218,43.218,43.218,43.218,43.218
2011-02-22 09:00:00,41.666,41.666,41.666,41.666,41.666,41.666,41.666,41.666,41.666,41.666,41.666,41.666
2011-02-22 10:00:00,41.666,41.666,41.666,41.666,41.666,41.666,41.666,41.666,41.666,41.666,41.666,41.666
2011-02-22 11:00:00,41.666,41.666,41.666,41.666,41.666,41.666,41.666,41.666,41.666,41.666,41.666,41.666
2011-02-22 12:00:00,44.545,44.545,44.545,44.545,44.545,44.545,44.545,44.545,44.545,44.545,44.545,44.545
2011-02-22 13:00:00,46.044,46.044,46.044,46.044,46.044,46.044,46.044,46.044,46.044,46.044,46.044,46.044
2011-02-22 14:00:00,50.895,50.895,50.895,50.895,50.895,50.895,50.895,50.895,50.895,50.895,50.895,50.895
2011-02-22 15:00:00,54.763,54.763,54.763,54.763,54.763,54.763,54.763,54.763,54.763,54.763,54.763,54.763
2011-02-22 16:00:00,55.165,55.165,55.165,55.165,55.165,55.165,55.165,55.165,55.165,55.165,55.165,55.165
2011-02-22 17:00:00,55.12,55.12,55.12,55.12,55.12,55.12,55.12,55.12,55.12,55.12,55.12,55.12
2011-02-22 18:00:00,54.784,54.784,54.784,54.784,54.784,54.784,54.784,54.784,54.784,54.784,54.784,54.784
2011-02-22 19:00:00,54.784,54.784,54.784,54.784,54.784,54.784,54.784,54.784,54.784,54.784,54.784,54.784
2011-02-22 20:00:00,54.784,54.784,54.784,54.784,54.784,54.784,54.784,54.784,54.784,54.784,54.784,54.784
2011-02-22 21:00:00,54.784,54.784,54.784,54.784,54.784,54.784,54.784,54.784,54.784,54.784,54.784,54.784
2011-02-22 22:00:00,54.784,54.784,54.784,54.784,54.784,54.784,54.784,54.784,54.784,54.784,54.784,54.784
2011-02-22 23:00:00,54.784,54.784,54.784,54.784,54.784,54.784,54.784,54.784,54.784,54.784,54.784,54.784
2011-02-23 00:00:00,53.022,53.022,53.022,53.022,53.022,53.022,53.022,53.022,53.022,53.022,53.022,53.022
2011-02-23 01:00:00,53.022,53.022,53.022,53.022,53.022,53.022,53.022,53.022,53.022,53.022,53.022,53.022
2011-02-23 02:00:00,53.022,53.022,53.022,53.022,53.022,53.022,53.022,53.022,53.022,53.022,53.022,53.022
2011-02-23 03:00:00,53.022,53.022,53.022,53.022,53.022,53.022,53.022,53.022,53.022,53.022,53.022,53.022
2011-02-23 04:00:00,53.022,53.022,53.022,53.022,53.022,53.022,53.022,53.022,53.022,53.022,53.022,53.022
2011-02-23 05:00:00,53.022,53.022,53.022,53.022,53.022,53.022,53.022,53.022,53.022,53.022,53.022,53.022
2011-02-23 06:00:00,53.022,53.022,53.022,53.022,53.022,53.022,53.022,53.022,53.022,53.022,53.022,53.022
2011-02-23 07:00:00,50.349,50.349,50.349,50.349,50.349,50.349,50.349,50.349,50.349,50.349,50.349,50.349
2011-02-23 08:00:00,24.852,24.852,24.852,24.852,24.852,24.852,24.852,24.852,24.852,24.852,24.852,24.852
2011-02-23 09:00:00,22.915,22.915,22.915,22.915,22.915,22.915,22.915,22.915,22.915,22.915,22.915,22.915
2011-02-23 10:00:00,22.915,22.915,22.915,22.915,22.915,22.915,22.915,22.915,22.915,22.915,22.915,22.915
2011-02-23 11:00:00,22.915,22.915,22.915,22.915,22.915,22.915,22.915,22.915,22.915,22.915,22.915,22.915
2011-02-23 12:00:00,22.915,22.915,22.915,22.915,22.915,22.915,22.915,22.915,22.915,22.915,22.915,22.915
2011-02-23 13:00:00,23.334,23.334,23.334,23.334,23.334,23.334,23.334,23.334,23.334,23.334,23.334,23.334
2011-02-23 14:00:00,24.337,24.337,24.337,24.337,24.337,24.337,24.337,24.337,24.337,24.337,24.337,24.337
2011-02-23 15:00:00,52.194,52.194,52.194,52.194,52.194,52.194,52.194,52.194,52.194,52.194,52.194,52.194
2011-02-23 16:00:00,53.022,53.022,53.022,53.022,53.022,53.022,53.022,53.022,53.022,53.022,53.022,53.022
2011-02-23 17:00:00,53.022,53.022,53.022,53.022,53.022,53.022,53.022,53.022,53.022,53.022,53.022,53.022
2011-02-23 18:00:00,53.022,53.022,53.022,53.022,53.022,53.022,53.022,53.022,53.022,53.022,53.022,53.022
2011-02-23 19:00:00,53.022,53.022,53.022,53.022,53.022,53.022,53.022,53.022,53.022,53.022,53.022,53.022
2011-02-23 20:00:00,53.022,53.022,53.022,53.022,53.022,53.022,53.022,53.022,53.022,53.022,53.022,53.022
2011-02-23 21:00:00,53.022,53.022,53.022,53.022,53.022,53.022,53.022,53.022,53.022,53.022,53.022,53.022
2011-02-23 22:00:00,53.022,53.022,53.022,53.022,53.022,53.022,53.022,53.022,53.022,53.022,53.022,53.022
2011-02-23 23:00:00,53.022,53.022,53.022,53.022,53.022,53.022,53.022,53.022,53.022,53.022,53.022,53.022
2011-02-24 00:00:00,24.978,24.978,24.978,24.978,24.978,24.978,24.978,24.978,24.978,24.978,24.978,24.978
2011-02-24 01:00:00,24.978,24.978,24.978,24.978,24.978,24.978,24.978,24.978,24.978,24.978,24.978,24.978
2011-02-24 02:00:00,24.978,24.978,24.978,24.978,24.978,24.978,24.978,24.978,24.978,24.978,24.978,24.978
2011-02-24 03:00:00,24.978,24.978,24.978,24.978,24.978,24.978,24.978,24.978,24.978,24.978,24.978,24.978
2011-02-24 04:00:00,25.064,25.064,25.064,25.064,25.064,25.064,25.064,25.064,25.064,25.064,25.064,25.064
2011-02-24 05:00:00,29.715,29.715,29.715,29.715,29.715,29.715,29.715,29.715,29.715,29.715,29.715,29.715
2011-02-24 06:00:00,29.715,29.715,29.715,29.715,29.715,29.715,29.715,29.715,29.715,29.715,29.715,29.715
2011-02-24 07:00:00,24.907,24.907,24.907,24.907,24.907,24.907,24.907,24.907,24.907,24.907,24.907,24.907
2011-02-24 08:00:00,23.179,23.179,23.179,23.179,23.179,23.179,23.179,23.179,23.179,23.179,23.179,23.179
2011-02-24 09:00:00,20.95,20.95,20.95,20.95,20.95,20.95,20.95,20.95,20.95,20.95,20.95,20.95
2011-02-24 10:00:00,20.95,20.95,20.95,20.95,20.95,20.95,20.95,20.95,20.95,20.95,20.95,20.95
2011-02-24 11:00:00,20.95,20.95,20.95,20.95,20.95,20.95,20.95,20.95,20.95,20.95,20.95,20.95
2011-02-24 12:00:00,22.962,22.962,22.962,22.962,22.962,22.962,22.962,22.962,22.962,22.962,22.962,22.962
2011-02-24 13:00:00,24.807,24.807,24.807,24.807,24.807,24.807,24.807,24.807,24.807,24.807,24.807,24.807
2011-02-24 14:00:00,24.807,24.807,24.807,24.807,24.807,24.807,24.807,24.807,24.807,24.807,24.807,24.807
2011-02-24 15:00:00,24.807,24.807,24.807,24.807,24.807,24.807,24.807,24.807,24.807,24.807,24.807,24.807
2011-02-24 16:00:00,24.807,24.807,24.807,24.807,24.807,24.807,24.807,24.807,24.807,24.807,24.807,24.807
2011-02-24 17:00:00,24.807,24.807,24.807,24.807,24.807,24.807,24.807,24.807,24.807,24.807,24.807,24.807
2011-02-24 18:00:00,24.807,24.807,24.807,24.807,24.807,24.807,24.807,24.807,24.807,24.807,24.807,24.807
2011-02-24 19:00:00,24.807,24.807,24.807,24.807,24.807,24.807,24.807,24.807,24.807,24.807,24.807,24.807
2011-02-24 20:00:00,24.807,24.807,24.807,24.807,24.807,24.807,24.807,24.807,24.807,24.807,24.807,24.807
2011-02-24 21:00:00,24.807,24.807,24.807,24.807,24.807,24.807,24.807,24.807,24.807,24.807,24.807,24.807
2011-02-24 22:00:00,24.807,24.807,24.807,24.807,24.807,24.807,24.807,24.807,24.807,24.807,24.807,24.807
2011-02-24 23:00:00,24.807,24.807,24.807,24.807,24.807,24.807,24.807,24.807,24.807,24.807,24.807,24.807
2011-02-25 00:00:00,29.998,29.998,29.998,29.998,29.998,29.998,29.998,29.998,29.998,29.998,29.998,29.998
2011-02-25 01:00:00,29.998,29.998,29.998,29.998,29.998,29.998,29.998,29.998,29.998,29.998,29.998,29.998
2011-02-25 02:00:00,29.998,29.998,29.998,29.998,29.998,29.998,29.998,29.998,29.998,29.998,29.998,29.998
2011-02-25 03:00:00,29.998,29.998,29.998,29.998,29.998,29.998,29.998,29.998,29.998,29.998,29.998,29.998
2011-02-25 04:00:00,29.998,29.998,29.998,29.998,29.998,29.998,29.998,29.998,29.998,29.998,29.998,29.998
2011-02-25 05:00:00,29.998,29.998,29.998,29.998,29.998,29.998,29.998,29.998,29.998,29.998,29.998,29.998
2011-02-25 06:00:00,30.027,30.027,30.027,30.027,30.027,30.027,30.027,30.027,30.027,30.027,30.027,30.027
2011-02-25 07:00:00,28.877,28.877,28.877,28.877,28.877,28.877,28.877,28.877,28.877,28.877,28.877,28.877
2011-02-25 08:00:00,25.799,25.799,25.799,25.799,25.799,25.799,25.799,25.799,25.799,25.799,25.799,25.799
2011-02-25 09:00:00,26.564,26.564,26.564,26.564,26.564,26.564,26.564,26.564,26.564,26.564,26.564,26.564
2011-02-25 10:00:00,28.942,28.942,28.942,28.942,28.942,28.942,28.942,28.942,28.942,28.942,28.942,28.942
2011-02-25 11:00:00,27.22,27.22,27.22,27.22,27.22,27.22,27.22,27.22,27.22,27.22,27.22,27.22
2011-02-25 12:00:00,26.067,26.067,26.067,26.067,26.067,26.067,26.067,26.067,26.067,26.067,26.067,26.067
2011-02-25 13:00:00,26.067,26.067,26.067,26.067,26.067,26.067,26.067,26.067,26.067,26.067,26.067,26.067
2011-02-25 14:00:00,26.067,26.067,26.067,26.067,26.067,26.067,26.067,26.067,26.067,26.067,26.067,26.067
2011-02-25 15:00:00,29.998,29.998,29.998,29.998,29.998,29.998,29.998,29.998,29.998,29.998,29.998,29.998
2011-02-25 16:00:00,30.092,30.092,30.092,30.092,30.092,30.092,30.092,30.092,30.092,30.092,30.092,30.092
2011-02-25 17:00:00,30.092,30.092,30.092,30.092,30.092,30.092,30.092,30.092,30.092,30.092,30.092,30.092
2011-02-25 18:00:00,30.091,30.091,30.091,30.091,30.091,30.091,30.091,30.091,30.091,30.091,30.091,30.091
2011-02-25 19:00:00,30.027,30.027,30.027,30.027,30.027,30.027,30.027,30.027,30.027,30.027,30.027,30.027
2011-02-25 20:00:00,30.027,30.027,30.027,30.027,30.027,30.027,30.027,30.027,30.027,30.027,30.027,30.027
2011-02-25 21:00:00,30.027,30.027,30.027,30.027,30.027,30.027,30.027,30.027,30.027,30.027,30.027,30.027
2011-02-25 22:00:00,30.027,30.027,30.027,30.027,30.027,30.027,30.027,30.027,30.027,30.027,30.027,30.027
2011-02-25 23:00:00,30.027,30.027,30.027,30.027,30.027,30.027,30.027,30.027,30.027,30.027,30.027,30.027
2011-02-26 00:00:00,22.2,22.2,22.2,22.2,22.2,22.2,22.2,22.2,22.2,22.2,22.2,22.2
2011-02-26 01:00:00,22.2,22.2,22.2,22.2,22.2,22.2,22.2,22.2,22.2,22.2,22.2,22.2
2011-02-26 02:00:00,22.2,22.2,22.2,22.2,22.2,22.2,22.2,22.2,22.2,22.2,22.2,22.2
2011-02-26 03:00:00,22.2,22.2,22.2,22.2,22.2,22.2,22.2,22.2,22.2,22.2,22.2,22.2
2011-02-26 04:00:00,22.2,22.2,22.2,22.2,22.2,22.2,22.2,22.2,22.2,22.2,22.2,22.2
2011-02-26 05:00:00,22.2,22.2,22.2,22.2,22.2,22.2,22.2,22.2,22.2,22.2,22.2,22.2
2011-02-26 06:00:00,22.2,22.2,22.2,22.2,22.2,22.2,22.2,22.2,22.2,22.2,22.2,22.2
2011-02-26 07:00:00,22.2,22.2,22.2,22.2,22.2,22.2,22.2,22.2,22.2,22.2,22.2,22.2
2011-02-26 08:00:00,21.806,21.806,21.806,21.806,21.806,21.806,21.806,21.806,21.806,21.806,21.806,21.806
2011-02-26 09:00:00,19.19,19.19,19.19,19.19,19.19,19.19,19.19,19.19,19.19,19.19,19.19,19.19
2011-02-26 10:00:00,19.19,19.19,19.19,19.19,19.19,19.19,19.19,19.19,19.19,19.19,19.19,19.19
2011-02-26 11:00:00,19.19,19.19,19.19,19.19,19.19,19.19,19.19,19.19,19.19,19.19,19.19,19.19
2011-02-26 12:00:00,19.193,19.193,19.193,19.193,19.193,19.193,19.193,19.193,19.193,19.193,19.193,19.193
2011-02-26 13:00:00,19.489,19.489,19.489,19.489,19.489,19.489,19.489,19.489,19.489,19.489,19.489,19.489
2011-02-26 14:00:00,21.447,21.447,21.447,21.447,21.447,21.447,21.447,21.447,21.447,21.447,21.447,21.447
2011-02-26 15:00:00,22.127,22.127,22.127,22.127,22.127,22.127,22.127,22.127,22.127,22.127,22.127,22.127
2011-02-26 16:00:00,22.2,22.2,22.2,22.2,22.2,22.2,22.2,22.2,22.2,22.2,22.2,22.2
2011-02-26 17:00:00,22.2,22.2,22.2,22.2,22.2,22.2,22.2,22.2,22.2,22.2,22.2,22.2
2011-02-26 18:00:00,22.2,22.2,22.2,22.2,22.2,22.2,22.2,22.2,22.2,22.2,22.2,22.2
2011-02-26 19:00:00,22.2,22.2,22.2,22.2,22.2,22.2,22.2,22.2,22.2,22.2,22.2,22.2
2011-02-26 20:00:00,22.2,22.2,22.2,22.2,22.2,22.2,22.2,22.2,22.2,22.2,22.2,22.2
2011-02-26 21:00:00,22.2,22.2,22.2,22.2,22.2,22.2,22.2,22.2,22.2,22.2,22.2,22.2
2011-02-26 22:00:00,22.2,22.2,22.2,22.2,22.2,22.2,22.2,22.2,22.2,22.2,22.2,22.2
2011-02-26 23:00:00,22.2,22.2,22.2,22.2,22.2,22.2,22.2,22.2,22.2,22.2,22.2,22.2
2011-02-27 00:00:00,62.339,62.339,62.339,62.339,62.339,62.339,62.339,62.339,62.339,62.339,62.339,62.339
2011-02-27 01:00:00,62.339,62.339,62.339,62.339,62.339,62.339,62.339,62.339,62.339,62.339,62.339,62.339
2011-02-27 02:00:00,62.339,62.339,62.339,62.339,62.339,62.339,62.339,62.339,62.339,62.339,62.339,62.339
2011-02-27 03:00:00,62.339,62.339,62.339,62.339,62.339,62.339,62.339,62.339,62.339,62.339,62.339,62.339
2011-02-27 04:00:00,62.339,62.339,62.339,62.339,62.339,62.339,62.339,62.339,62.339,62.339,62.339,62.339
2011-02-27 05:00:00,62.339,62.339,62.339,62.339,62.339,62.339,62.339,62.339,62.339,62.339,62.339,62.339
2011-02-27 06:00:00,62.339,62.339,62.339,62.339,62.339,62.339,62.339,62.339,62.339,62.339,62.339,62.339
2011-02-27 07:00:00,62.339,62.339,62.339,62.339,62.339,62.339,62.339,62.339,62.339,62.339,62.339,62.339
2011-02-27 08:00:00,59.905,59.905,59.905,59.905,59.905,59.905,59.905,59.905,59.905,59.905,59.905,59.905
2011-02-27 09:00:00,56.212,56.212,56.212,56.212,56.212,56.212,56.212,56.212,56.212,56.212,56.212,56.212
2011-02-27 10:00:00,56.212,56.212,56.212,56.212,56.212,56.212,56.212,56.212,56.212,56.212,56.212,56.212
2011-02-27 11:00:00,56.212,56.212,56.212,56.212,56.212,56.212,56.212,56.212,56.212,56.212,56.212,56.212
2011-02-27 12:00:00,56.212,56.212,56.212,56.212,56.212,56.212,56.212,56.212,56.212,56.212,56.212,56.212
2011-02-27 13:00:00,58.266,58.266,58.266,58.266,58.266,58.266,58.266,58.266,58.266,58.266,58.266,58.266
2011-02-27 14:00:00,62.339,62.339,62.339,62.339,62.339,62.339,62.339,62.339,62.339,62.339,62.339,62.339
2011-02-27 15:00:00,62.339,62.339,62.339,62.339,62.339,62.339,62.339,62.339,62.339,62.339,62.339,62.339
2011-02-27 16:00:00,62.339,62.339,62.339,62.339,62.339,62.339,62.339,62.339,62.339,62.339,62.339,62.339
2011-02-27 17:00:00,62.339,62.339,62.339,62.339,62.339,62.339,62.339,62.339,62.339,62.339,62.339,62.339
2011-02-27 18:00:00,62.339,62.339,62.339,62.339,62.339,62.339,62.339,62.339,62.339,62.339,62.339,62.339
2011-02-27 19:00:00,62.339,62.339,62.339,62.339,62.339,62.339,62.339,62.339,62.339,62.339,62.339,62.339
2011-02-27 20:00:00,62.339,62.339,62.339,62.339,62.339,62.339,62.339,62.339,62.339,62.339,62.339,62.339
2011-02-27 21:00:00,62.339,62.339,62.339,62.339,62.339,62.339,62.339,62.339,62.339,62.339,62.339,62.339
2011-02-27 22:00:00,62.603,62.603,62.603,62.603,62.603,62.603,62.603,62.603,62.603,62.603,62.603,62.603
2011-02-27 23:00:00,62.603,62.603,62.603,62.603,62.603,62.603,62.603,62.603,62.603,62.603,62.603,62.603
2011-02-28 00:00:00,38.129,38.129,38.129,38.129,38.129,38.129,38.129,38.129,38.129,38.129,38.129,38.129
2011-02-28 01:00:00,38.129,38.129,38.129,38.129,38.129,38.129,38.129,38.129,38.129,38.129,38.129,38.129
2011-02-28 02:00:00,38.129,38.129,38.129,38.129,38.129,38.129,38.129,38.129,38.129,38.129,38.129,38.129
2011-02-28 03:00:00,38.129,38.129,38.129,38.129,38.129,38.129,38.129,38.129,38.129,38.129,38.129,38.129
2011-02-28 04:00:00,38.129,38.129,38.129,38.129,38.129,38.129,38.129,38.129,38.129,38.129,38.129,38.129
2011-02-28 05:00:00,38.129,38.129,38.129,38.129,38.129,38.129,38.129,38.129,38.129,38.129,38.129,38.129
2011-02-28 06:00:00,36.594,36.594,36.594,36.594,36.594,36.594,36.594,36.594,36.594,36.594,36.594,36.594
2011-02-28 07:00:00,33.171,33.171,33.171,33.171,33.171,33.171,33.171,33.171,33.171,33.171,33.171,33.171
2011-02-28 08:00:00,33.171,33.171,33.171,33.171,33.171,33.171,33.171,33.171,33.171,33.171,33.171,33.171
2011-02-28 09:00:00,33.298,33.298,33.298,33.298,33.298,33.298,33.298,33.298,33.298,33.298,33.298,33.298
2011-02-28 10:00:00,33.954,33.954,33.954,33.954,33.954,33.954,33.954,33.954,33.954,33.954,33.954,33.954
2011-02-28 11:00:00,35.635,35.635,35.635,35.635,35.635,35.635,35.635,35.635,35.635,35.635,35.635,35.635
2011-02-28 12:00:00,36.09,36.09,36.09,36.09,36.09,36.09,36.09,36.09,36.09,36.09,36.09,36.09
2011-02-28 13:00:00,37.019,37.019,37.019,37.019,37.019,37.019,37.019,37.019,37.019,37.019,37.019,37.019
2011-02-28 14:00:00,37.108,37.108,37.108,37.108,37.108,37.108,37.108,37.108,37.108,37.108,37.108,37.108
2011-02-28 15:00:00,38.129,38.129,38.129,38.129,38.129,38.129,38.129,38.129,38.129,38.129,38.129,38.129
2011-02-28 16:00:00,38.129,38.129,38.129,38.129,38.129,38.129,38.129,38.129,38.129,38.129,38.129,38.129
2011-02-28 17:00:00,38.129,38.129,38.129,38.129,38.129,38.129,38.129,38.129,38.129,38.129,38.129,38.129
2011-02-28 18:00:00,38.129,38.129,38.129,38.129,38.129,38.129,38.129,38.129,38.129,38.129,38.129,38.129
2011-02-28 19:00:00,38.129,38.129,38.129,38.129,38.129,38.129,38.129,38.129,38.129,38.129,38.129,38.129
2011-02-28 20:00:00,38.129,38.129,38.129,38.129,38.129,38.129,38.129,38.129,38.129,38.129,38.129,38.129
2011-02-28 21:00:00,38.129,38.129,38.129,38.129,38.129,38.129,38.129,38.129,38.129,38.129,38.129,38.129
2011-02-28 22:00:00,38.129,38.129,38.129,38.129,38.129,38.129,38.129,38.129,38.129,38.129,38.129,38.129
2011-02-28 23:00:00,38.129,38.129,38.129,38.129,38.129,38.129,38.129,38.129,38.129,38.129,38.129,38.129
2011-03-01 00:00:00,36.082,36.082,36.082,36.082,36.082,36.082,36.082,36.082,36.082,36.082,36.082,36.082
2011-03-01 01:00:00,35.604,35.604,35.604,35.604,35.604,35.604,35.604,35.604,35.604,35.604,35.604,35.604
2011-03-01 02:00:00,35.604,35.604,35.604,35.604,35.604,35.604,35.604,35.604,35.604,35.604,35.604,35.604
2011-03-01 03:00:00,35.599,35.599,35.599,35.599,35.599,35.599,35.599,35.599,35.599,35.599,35.599,35.599
2011-03-01 04:00:00,35.599,35.599,35.599,35.599,35.599,35.599,35.599,35.599,35.599,35.599,35.599,35.599
2011-03-01 05:00:00,38.238,38.238,38.238,38.238,38.238,38.238,38.238,38.238,38.238,38.238,38.238,38.238
2011-03-01 06:00:00,38.573,38.573,38.573,38.573,38.573,38.573,38.573,38.573,38.573,38.573,38.573,38.573
2011-03-01 07:00:00,29.616,29.616,29.616,29.616,29.616,29.616,29.616,29.616,29.616,29.616,29.616,29.616
2011-03-01 08:00:00,23.148,23.148,23.148,23.148,23.148,23.148,23.148,23.148,23.148,23.148,23.148,23.148
2011-03-01 09:00:00,22.275,22.275,22.275,22.275,22.275,22.275,22.275,22.275,22.275,22.275,22.275,22.275
2011-03-01 10:00:00,22.12,22.12,22.12,22.12,22.12,22.12,22.12,22.12,22.12,22.12,22.12,22.12
2011-03-01 11:00:00,22.014,22.014,22.014,22.014,22.014,22.014,22.014,22.014,22.014,22.014,22.014,22.014
2011-03-01 12:00:00,21.406,21.406,21.406,21.406,21.406,21.406,21.406,21.406,21.406,21.406,21.406,21.406
2011-03-01 13:00:00,21.406,21.406,21.406,21.406,21.406,21.406,21.406,21.406,21.406,21.406,21.406,21.406
2011-03-01 14:00:00,21.406,21.406,21.406,21.406,21.406,21.406,21.406,21.406,21.406,21.406,21.406,21.406
2011-03-01 15:00:00,22.014,22.014,22.014,22.014,22.014,22.014,22.014,22.014,22.014,22.014,22.014,22.014
2011-03-01 16:00:00,35.599,35.599,35.599,35.599,35.599,35.599,35.599,35.599,35.599,35.599,35.599,35.599
2011-03-01 17:00:00,35.599,35.599,35.599,35.599,35.599,35.599,35.599,35.599,35.599,35.599,35.599,35.599
2011-03-01 18:00:00,35.599,35.599,35.599,35.599,35.599,35.599,35.599,35.599,35.599,35.599,35.599,35.599
2011-03-01 19:00:00,35.599,35.599,35.599,35.599,35.599,35.599,35.599,35.599,35.599,35.599,35.599,35.599
2011-03-01 20:00:00,35.599,35.599,35.599,35.599,35.599,35.599,35.599,35.599,35.599,35.599,35.599,35.599
2011-03-01 21:00:00,35.599,35.599,35.599,35.599,35.599,35.599,35.599,35.599,35.599,35.599,35.599,35.599
2011-03-01 22:00:00,35.599,35.599,35.599,35.599,35.599,35.599,35.599,35.599,35.599,35.599,35.599,35.599
2011-03-01 23:00:00,35.599,35.599,35.599,35.599,35.599,35.599,35.599,35.599,35.599,35.599,35.599,35.599
2011-03-02 00:00:00,27.529,27.529,27.529,27.529,27.529,27.529,27.529,27.529,27.529,27.529,27.529,27.529
2011-03-02 01:00:00,27.529,27.529,27.529,27.529,27.529,27.529,27.529,27.529,27.529,27.529,27.529,27.529
2011-03-02 02:00:00,27.529,27.529,27.529,27.529,27.529,27.529,27.529,27.529,27.529,27.529,27.529,27.529
2011-03-02 03:00:00,27.529,27.529,27.529,27.529,27.529,27.529,27.529,27.529,27.529,27.529,27.529,27.529
2011-03-02 04:00:00,27.529,27.529,27.529,27.529,27.529,27.529,27.529,27.529,27.529,27.529,27.529,27.529
2011-03-02 05:00:00,27.672,27.672,27.672,27.672,27.672,27.672,27.672,27.672,27.672,27.672,27.672,27.672
2011-03-02 06:00:00,27.691,27.691,27.691,27.691,27.691,27.691,27.691,27.691,27.691,27.691,27.691,27.691
2011-03-02 07:00:00,26.349,26.349,26.349,26.349,26.349,26.349,26.349,26.349,26.349,26.349,26.349,26.349
2011-03-02 08:00:00,25.082,25.082,25.082,25.082,25.082,25.082,25.082,25.082,25.082,25.082,25.082,25.082
2011-03-02 09:00:00,23.79,23.79,23.79,23.79,23.79,23.79,23.79,23.79,23.79,23.79,23.79,23.79
2011-03-02 10:00:00,22.903,22.903,22.903,22.903,22.903,22.903,22.903,22.903,22.903,22.903,22.903,22.903
2011-03-02 11:00:00,22.251,22.251,22.251,22.251,22.251,22.251,22.251,22.251,22.251,22.251,22.251,22.251
2011-03-02 12:00:00,22.251,22.251,22.251,22.251,22.251,22.251,22.251,22.251,22.251,22.251,22.251,22.251
2011-03-02 13:00:00,22.251,22.251,22.251,22.251,22.251,22.251,22.251,22.251,22.251,22.251,22.251,22.251
2011-03-02 14:00:00,22.435,22.435,22.435,22.435,22.435,22.435,22.435,22.435,22.435,22.435,22.435,22.435
2011-03-02 15:00:00,24.295,24.295,24.295,24.295,24.295,24.295,24.295,24.295,24.295,24.295,24.295,24.295
2011-03-02 16:00:00,27.529,27.529,27.529,27.529,27.529,27.529,27.529,27.529,27.529,27.529,27.529,27.529
2011-03-02 17:00:00,27.529,27.529,27.529,27.529,27.529,27.529,27.529,27.529,27.529,27.529,27.529,27.529
2011-03-02 18:00:00,27.529,27.529,27.529,27.529,27.529,27.529,27.529,27.529,27.529,27.529,27.529,27.529
2011-03-02 19:00:00,27.529,27.529,27.529,27.529,27.529,27.529,27.529,27.529,27.529,27.529,27.529,27.529
2011-03-02 20:00:00,27.529,27.529,27.529,27.529,27.529,27.529,27.529,27.529,27.529,27.529,27.529,27.529
2011-03-02 21:00:00,27.529,27.529,27.529,27.529,27.529,27.529,27.529,27.529,27.529,27.529,27.529,27.529
2011-03-02 22:00:00,27.529,27.529,27.529,27.529,27.529,27.529,27.529,27.529,27.529,27.529,27.529,27.529
2011-03-02 23:00:00,27.529,27.529,27.529,27.529,27.529,27.529,27.529,27.529,27.529,27.529,27.529,27.529
2011-03-03 00:00:00,45.947,45.947,45.947,45.947,45.947,45.947,45.947,45.947,45.947,45.947,45.947,45.947
2011-03-03 01:00:00,45.947,45.947,45.947,45.947,45.947,45.947,45.947,45.947,45.947,45.947,45.947,45.947
2011-03-03 02:00:00,45.947,45.947,45.947,45.947,45.947,45.947,45.947,45.947,45.947,45.947,45.947,45.947
2011-03-03 03:00:00,45.947,45.947,45.947,45.947,45.947,45.947,45.947,45.947,45.947,45.947,45.947,45.947
2011-03-03 04:00:00,45.947,45.947,45.947,45.947,45.947,45.947,45.947,45.947,45.947,45.947,45.947,45.947
2011-03-03 05:00:00,45.947,45.947,45.947,45.947,45.947,45.947,45.947,45.947,45.947,45.947,45.947,45.947
2011-03-03 06:00:00,43.941,43.941,43.941,43.941,43.941,43.941,43.941,43.941,43.941,43.941,43.941,43.941
2011-03-03 07:00:00,22.444,22.444,22.444,22.444,22.444,22.444,22.444,22.444,22.444,22.444,22.444,22.444
2011-03-03 08:00:00,19.52,19.52,19.52,19.52,19.52,19.52,19.52,19.52,19.52,19.52,19.52,19.52
2011-03-03 09:00:00,18.058,18.058,18.058,18.058,18.058,18.058,18.058,18.058,18.058,18.058,18.058,18.058
2011-03-03 10:00:00,18.258,18.258,18.258,18.258,18.258,18.258,18.258,18.258,18.258,18.258,18.258,18.258
2011-03-03 11:00:00,18.258,18.258,18.258,18.258,18.258,18.258,18.258,18.258,18.258,18.258,18.258,18.258
2011-03-03 12:00:00,18.735,18.735,18.735,18.735,18.735,18.735,18.735,18.735,18.735,18.735,18.735,18.735
2011-03-03 13:00:00,19.418,19.418,19.418,19.418,19.418,19.418,19.418,19.418,19.418,19.418,19.418,19.418
2011-03-03 14:00:00,19.418,19.418,19.418,19.418,19.418,19.418,19.418,19.418,19.418,19.418,19.418,19.418
2011-03-03 15:00:00,20.445,20.445,20.445,20.445,20.445,20.445,20.445,20.445,20.445,20.445,20.445,20.445
2011-03-03 16:00:00,45.726,45.726,45.726,45.726,45.726,45.726,45.726,45.726,45.726,45.726,45.726,45.726
2011-03-03 17:00:00,45.947,45.947,45.947,45.947,45.947,45.947,45.947,45.947,45.947,45.947,45.947,45.947
2011-03-03 18:00:00,45.947,45.947,45.947,45.947,45.947,45.947,45.947,45.947,45.947,45.947,45.947,45.947
2011-03-03 19:00:00,45.947,45.947,45.947,45.947,45.947,45.947,45.947,45.947,45.947,45.947,45.947,45.947
2011-03-03 20:00:00,45.947,45.947,45.947,45.947,45.947,45.947,45.947,45.947,45.947,45.947,45.947,45.947
2011-03-03 21:00:00,45.947,45.947,45.947,45.947,45.947,45.947,45.947,45.947,45.947,45.947,45.947,45.947
2011-03-03 22:00:00,45.947,45.947,45.947,45.947,45.947,45.947,45.947,45.947,45.947,45.947,45.947,45.947
2011-03-03 23:00:00,45.947,45.947,45.947,45.947,45.947,45.947,45.947,45.947,45.947,45.947,45.947,45.947
2011-03-04 00:00:00,43.127,43.127,43.127,43.127,43.127,43.127,43.127,43.127,43.127,43.127,43.127,43.127
2011-03-04 01:00:00,43.127,43.127,43.127,43.127,43.127,43.127,43.127,43.127,43.127,43.127,43.127,43.127
2011-03-04 02:00:00,43.127,43.127,43.127,43.127,43.127,43.127,43.127,43.127,43.127,43.127,43.127,43.127
2011-03-04 03:00:00,42.237,42.237,42.237,42.237,42.237,42.237,42.237,42.237,42.237,42.237,42.237,42.237
2011-03-04 04:00:00,31.302,31.302,31.302,31.302,31.302,31.302,31.302,31.302,31.302,31.302,31.302,31.302
2011-03-04 05:00:00,31.302,31.302,31.302,31.302,31.302,31.302,31.302,31.302,31.302,31.302,31.302,31.302
2011-03-04 06:00:00,17.381,17.381,17.381,17.381,17.381,17.381,17.381,17.381,17.381,17.381,17.381,17.381
2011-03-04 07:00:00,16.446,16.446,16.446,16.446,16.446,16.446,16.446,16.446,16.446,16.446,16.446,16.446
2011-03-04 08:00:00,15.574,15.574,15.574,15.574,15.574,15.574,15.574,15.574,15.574,15.574,15.574,15.574
2011-03-04 09:00:00,15.131,15.131,15.131,15.131,15.131,15.131,15.131,15.131,15.131,15.131,15.131,15.131
2011-03-04 10:00:00,14.863,14.863,14.863,14.863,14.863,14.863,14.863,14.863,14.863,14.863,14.863,14.863
2011-03-04 11:00:00,13.332,13.332,13.332,13.332,13.332,13.332,13.332,13.332,13.332,13.332,13.332,13.332
2011-03-04 12:00:00,13.063,13.063,13.063,13.063,13.063,13.063,13.063,13.063,13.063,13.063,13.063,13.063
2011-03-04 13:00:00,13.063,13.063,13.063,13.063,13.063,13.063,13.063,13.063,13.063,13.063,13.063,13.063
2011-03-04 14:00:00,13.063,13.063,13.063,13.063,13.063,13.063,13.063,13.063,13.063,13.063,13.063,13.063
2011-03-04 15:00:00,14.815,14.815,14.815,14.815,14.815,14.815,14.815,14.815,14.815,14.815,14.815,14.815
2011-03-04 16:00:00,15.33,15.33,15.33,15.33,15.33,15.33,15.33,15.33,15.33,15.33,15.33,15.33
2011-03-04 17:00:00,16.424,16.424,16.424,16.424,16.424,16.424,16.424,16.424,16.424,16.424,16.424,16.424
2011-03-04 18:00:00,16.424,16.424,16.424,16.424,16.424,16.424,16.424,16.424,16.424,16.424,16.424,16.424
2011-03-04 19:00:00,16.424,16.424,16.424,16.424,16.424,16.424,16.424,16.424,16.424,16.424,16.424,16.424
2011-03-04 20:00:00,16.424,16.424,16.424,16.424,16.424,16.424,16.424,16.424,16.424,16.424,16.424,16.424
2011-03-04 21:00:00,16.424,16.424,16.424,16.424,16.424,16.424,16.424,16.424,16.424,16.424,16.424,16.424
2011-03-04 22:00:00,16.424,16.424,16.424,16.424,16.424,16.424,16.424,16.424,16.424,16.424,16.424,16.424
2011-03-04 23:00:00,16.424,16.424,16.424,16.424,16.424,16.424,16.424,16.424,16.424,16.424,16.424,16.424
2011-03-05 00:00:00,20.496,20.496,20.496,20.496,20.496,20.496,20.496,20.496,20.496,20.496,20.496,20.496
2011-03-05 01:00:00,20.496,20.496,20.496,20.496,20.496,20.496,20.496,20.496,20.496,20.496,20.496,20.496
2011-03-05 02:00:00,20.496,20.496,20.496,20.496,20.496,20.496,20.496,20.496,20.496,20.496,20.496,20.496
2011-03-05 03:00:00,20.496,20.496,20.496,20.496,20.496,20.496,20.496,20.496,20.496,20.496,20.496,20.496
2011-03-05 04:00:00,20.496,20.496,20.496,20.496,20.496,20.496,20.496,20.496,20.496,20.496,20.496,20.496
2011-03-05 05:00:00,20.496,20.496,20.496,20.496,20.496,20.496,20.496,20.496,20.496,20.496,20.496,20.496
2011-03-05 06:00:00,20.496,20.496,20.496,20.496,20.496,20.496,20.496,20.496,20.496,20.496,20.496,20.496
2011-03-05 07:00:00,19.335,19.335,19.335,19.335,19.335,19.335,19.335,19.335,19.335,19.335,19.335,19.335
2011-03-05 08:00:00,5.613,5.613,5.613,5.613,5.613,5.613,5.613,5.613,5.613,5.613,5.613,5.613
2011-03-05 09:00:00,2.423,2.423,2.423,2.423,2.423,2.423,2.423,2.423,2.423,2.423,2.423,2.423
2011-03-05 10:00:00,2.423,2.423,2.423,2.423,2.423,2.423,2.423,2.423,2.423,2.423,2.423,2.423
2011-03-05 11:00:00,2.423,2.423,2.423,2.423,2.423,2.423,2.423,2.423,2.423,2.423,2.423,2.423
2011-03-05 12:00:00,2.423,2.423,2.423,2.423,2.423,2.423,2.423,2.423,2.423,2.423,2.423,2.423
2011-03-05 13:00:00,2.423,2.423,2.423,2.423,2.423,2.423,2.423,2.423,2.423,2.423,2.423,2.423
2011-03-05 14:00:00,5.613,5.613,5.613,5.613,5.613,5.613,5.613,5.613,5.613,5.613,5.613,5.613
2011-03-05 15:00:00,18.725,18.725,18.725,18.725,18.725,18.725,18.725,18.725,18.725,18.725,18.725,18.725
2011-03-05 16:00:00,19.335,19.335,19.335,19.335,19.335,19.335,19.335,19.335,19.335,19.335,19.335,19.335
2011-03-05 17:00:00,20.849,20.849,20.849,20.849,20.849,20.849,20.849,20.849,20.849,20.849,20.849,20.849
2011-03-05 18:00:00,20.496,20.496,20.496,20.496,20.496,20.496,20.496,20.496,20.496,20.496,20.496,20.496
2011-03-05 19:00:00,20.496,20.496,20.496,20.496,20.496,20.496,20.496,20.496,20.496,20.496,20.496,20.496
2011-03-05 20:00:00,20.496,20.496,20.496,20.496,20.496,20.496,20.496,20.496,20.496,20.496,20.496,20.496
2011-03-05 21:00:00,20.496,20.496,20.496,20.496,20.496,20.496,20.496,20.496,20.496,20.496,20.496,20.496
2011-03-05 22:00:00,20.496,20.496,20.496,20.496,20.496,20.496,20.496,20.496,20.496,20.496,20.496,20.496
2011-03-05 23:00:00,20.496,20.496,20.496,20.496,20.496,20.496,20.496,20.496,20.496,20.496,20.496,20.496
2011-03-06 00:00:00,67.408,67.408,67.408,67.408,67.408,67.408,67.408,67.408,67.408,67.408,67.408,67.408
2011-03-06 01:00:00,67.408,67.408,67.408,67.408,67.408,67.408,67.408,67.408,67.408,67.408,67.408,67.408
2011-03-06 02:00:00,67.408,67.408,67.408,67.408,67.408,67.408,67.408,67.408,67.408,67.408,67.408,67.408
2011-03-06 03:00:00,67.408,67.408,67.408,67.408,67.408,67.408,67.408,67.408,67.408,67.408,67.408,67.408
2011-03-06 04:00:00,67.408,67.408,67.408,67.408,67.408,67.408,67.408,67.408,67.408,67.408,67.408,67.408
2011-03-06 05:00:00,67.408,67.408,67.408,67.408,67.408,67.408,67.408,67.408,67.408,67.408,67.408,67.408
2011-03-06 06:00:00,67.408,67.408,67.408,67.408,67.408,67.408,67.408,67.408,67.408,67.408,67.408,67.408
2011-03-06 07:00:00,60.87,60.87,60.87,60.87,60.87,60.87,60.87,60.87,60.87,60.87,60.87,60.87
2011-03-06 08:00:00,45.94,45.94,45.94,45.94,45.94,45.94,45.94,45.94,45.94,45.94,45.94,45.94
2011-03-06 09:00:00,56.619,56.619,56.619,56.619,56.619,56.619,56.619,56.619,56.619,56.619,56.619,56.619
2011-03-06 10:00:00,59.018,59.018,59.018,59.018,59.018,59.018,59.018,59.018,59.018,59.018,59.018,59.018
2011-03-06 11:00:00,59.018,59.018,59.018,59.018,59.018,59.018,59.018,59.018,59.018,59.018,59.018,59.018
2011-03-06 12:00:00,59.018,59.018,59.018,59.018,59.018,59.018,59.018,59.018,59.018,59.018,59.018,59.018
2011-03-06 13:00:00,59.531,59.531,59.531,59.531,59.531,59.531,59.531,59.531,59.531,59.531,59.531,59.531
2011-03-06 14:00:00,61.956,61.956,61.956,61.956,61.956,61.956,61.956,61.956,61.956,61.956,61.956,61.956
2011-03-06 15:00:00,68.035,68.035,68.035,68.035,68.035,68.035,68.035,68.035,68.035,68.035,68.035,68.035
2011-03-06 16:00:00,68.719,68.719,68.719,68.719,68.719,68.719,68.719,68.719,68.719,68.719,68.719,68.719
2011-03-06 17:00:00,70.712,70.712,70.712,70.712,70.712,70.712,70.712,70.712,70.712,70.712,70.712,70.712
2011-03-06 18:00:00,69.978,69.978,69.978,69.978,69.978,69.978,69.978,69.978,69.978,69.978,69.978,69.978
2011-03-06 19:00:00,68.48,68.48,68.48,68.48,68.48,68.48,68.48,68.48,68.48,68.48,68.48,68.48
2011-03-06 20:00:00,68.094,68.094,68.094,68.094,68.094,68.094,68.094,68.094,68.094,68.094,68.094,68.094
2011-03-06 21:00:00,68.018,68.018,68.018,68.018,68.018,68.018,68.018,68.018,68.018,68.018,68.018,68.018
2011-03-06 22:00:00,67.408,67.408,67.408,67.408,67.408,67.408,67.408,67.408,67.408,67.408,67.408,67.408
2011-03-06 23:00:00,67.408,67.408,67.408,67.408,67.408,67.408,67.408,67.408,67.408,67.408,67.408,67.408
2011-03-07 00:00:00,32.869,32.869,32.869,32.869,32.869,32.869,32.869,32.869,32.869,32.869,32.869,32.869
2011-03-07 01:00:00,30.116,30.116,30.116,30.116,30.116,30.116,30.116,30.116,30.116,30.116,30.116,30.116
2011-03-07 02:00:00,30.116,30.116,30.116,30.116,30.116,30.116,30.116,30.116,30.116,30.116,30.116,30.116
2011-03-07 03:00:00,30.116,30.116,30.116,30.116,30.116,30.116,30.116,30.116,30.116,30.116,30.116,30.116
2011-03-07 04:00:00,30.116,30.116,30.116,30.116,30.116,30.116,30.116,30.116,30.116,30.116,30.116,30.116
2011-03-07 05:00:00,30.116,30.116,30.116,30.116,30.116,30.116,30.116,30.116,30.116,30.116,30.116,30.116
2011-03-07 06:00:00,30.92,30.92,30.92,30.92,30.92,30.92,30.92,30.92,30.92,30.92,30.92,30.92
2011-03-07 07:00:00,21.524,21.524,21.524,21.524,21.524,21.524,21.524,21.524,21.524,21.524,21.524,21.524
2011-03-07 08:00:00,15.944,15.944,15.944,15.944,15.944,15.944,15.944,15.944,15.944,15.944,15.944,15.944
2011-03-07 09:00:00,15.514,15.514,15.514,15.514,15.514,15.514,15.514,15.514,15.514,15.514,15.514,15.514
2011-03-07 10:00:00,17.915,17.915,17.915,17.915,17.915,17.915,17.915,17.915,17.915,17.915,17.915,17.915
2011-03-07 11:00:00,18.027,18.027,18.027,18.027,18.027,18.027,18.027,18.027,18.027,18.027,18.027,18.027
2011-03-07 12:00:00,18.434,18.434,18.434,18.434,18.434,18.434,18.434,18.434,18.434,18.434,18.434,18.434
2011-03-07 13:00:00,18.718,18.718,18.718,18.718,18.718,18.718,18.718,18.718,18.718,18.718,18.718,18.718
2011-03-07 14:00:00,19.168,19.168,19.168,19.168,19.168,19.168,19.168,19.168,19.168,19.168,19.168,19.168
2011-03-07 15:00:00,21.215,21.215,21.215,21.215,21.215,21.215,21.215,21.215,21.215,21.215,21.215,21.215
2011-03-07 16:00:00,28.884,28.884,28.884,28.884,28.884,28.884,28.884,28.884,28.884,28.884,28.884,28.884
2011-03-07 17:00:00,30.611,30.611,30.611,30.611,30.611,30.611,30.611,30.611,30.611,30.611,30.611,30.611
2011-03-07 18:00:00,30.552,30.552,30.552,30.552,30.552,30.552,30.552,30.552,30.552,30.552,30.552,30.552
2011-03-07 19:00:00,30.116,30.116,30.116,30.116,30.116,30.116,30.116,30.116,30.116,30.116,30.116,30.116
2011-03-07 20:00:00,30.116,30.116,30.116,30.116,30.116,30.116,30.116,30.116,30.116,30.116,30.116,30.116
2011-03-07 21:00:00,30.116,30.116,30.116,30.116,30.116,30.116,30.116,30.116,30.116,30.116,30.116,30.116
2011-03-07 22:00:00,30.116,30.116,30.116,30.116,30.116,30.116,30.116,30.116,30.116,30.116,30.116,30.116
2011-03-07 23:00:00,30.116,30.116,30.116,30.116,30.116,30.116,30.116,30.116,30.116,30.116,30.116,30.116
2011-03-08 00:00:00,23.722,23.722,23.722,23.722,23.722,23.722,23.722,23.722,23.722,23.722,23.722,23.722
2011-03-08 01:00:00,23.722,23.722,23.722,23.722,23.722,23.722,23.722,23.722,23.722,23.722,23.722,23.722
2011-03-08 02:00:00,23.722,23.722,23.722,23.722,23.722,23.722,23.722,23.722,23.722,23.722,23.722,23.722
2011-03-08 03:00:00,23.722,23.722,23.722,23.722,23.722,23.722,23.722,23.722,23.722,23.722,23.722,23.722
2011-03-08 04:00:00,23.938,23.938,23.938,23.938,23.938,23.938,23.938,23.938,23.938,23.938,23.938,23.938
2011-03-08 05:00:00,23.938,23.938,23.938,23.938,23.938,23.938,23.938,23.938,23.938,23.938,23.938,23.938
2011-03-08 06:00:00,24.254,24.254,24.254,24.254,24.254,24.254,24.254,24.254,24.254,24.254,24.254,24.254
2011-03-08 07:00:00,20.466,20.466,20.466,20.466,20.466,20.466,20.466,20.466,20.466,20.466,20.466,20.466
2011-03-08 08:00:00,14.795,14.795,14.795,14.795,14.795,14.795,14.795,14.795,14.795,14.795,14.795,14.795
2011-03-08 09:00:00,14.888,14.888,14.888,14.888,14.888,14.888,14.888,14.888,14.888,14.888,14.888,14.888
2011-03-08 10:00:00,17.288,17.288,17.288,17.288,17.288,17.288,17.288,17.288,17.288,17.288,17.288,17.288
2011-03-08 11:00:00,16.539,16.539,16.539,16.539,16.539,16.539,16.539,16.539,16.539,16.539,16.539,16.539
2011-03-08 12:00:00,14.793,14.793,14.793,14.793,14.793,14.793,14.793,14.793,14.793,14.793,14.793,14.793
2011-03-08 13:00:00,14.793,14.793,14.793,14.793,14.793,14.793,14.793,14.793,14.793,14.793,14.793,14.793
2011-03-08 14:00:00,14.793,14.793,14.793,14.793,14.793,14.793,14.793,14.793,14.793,14.793,14.793,14.793
2011-03-08 15:00:00,18.071,18.071,18.071,18.071,18.071,18.071,18.071,18.071,18.071,18.071,18.071,18.071
2011-03-08 16:00:00,23.291,23.291,23.291,23.291,23.291,23.291,23.291,23.291,23.291,23.291,23.291,23.291
2011-03-08 17:00:00,23.722,23.722,23.722,23.722,23.722,23.722,23.722,23.722,23.722,23.722,23.722,23.722
2011-03-08 18:00:00,23.722,23.722,23.722,23.722,23.722,23.722,23.722,23.722,23.722,23.722,23.722,23.722
2011-03-08 19:00:00,23.722,23.722,23.722,23.722,23.722,23.722,23.722,23.722,23.722,23.722,23.722,23.722
2011-03-08 20:00:00,23.722,23.722,23.722,23.722,23.722,23.722,23.722,23.722,23.722,23.722,23.722,23.722
2011-03-08 21:00:00,23.722,23.722,23.722,23.722,23.722,23.722,23.722,23.722,23.722,23.722,23.722,23.722
2011-03-08 22:00:00,23.722,23.722,23.722,23.722,23.722,23.722,23.722,23.722,23.722,23.722,23.722,23.722
2011-03-08 23:00:00,23.722,23.722,23.722,23.722,23.722,23.722,23.722,23.722,23.722,23.722,23.722,23.722
2011-03-09 00:00:00,24.522,24.522,24.522,24.522,24.522,24.522,24.522,24.522,24.522,24.522,24.522,24.522
2011-03-09 01:00:00,24.522,24.522,24.522,24.522,24.522,24.522,24.522,24.522,24.522,24.522,24.522,24.522
2011-03-09 02:00:00,24.522,24.522,24.522,24.522,24.522,24.522,24.522,24.522,24.522,24.522,24.522,24.522
2011-03-09 03:00:00,24.522,24.522,24.522,24.522,24.522,24.522,24.522,24.522,24.522,24.522,24.522,24.522
2011-03-09 04:00:00,24.522,24.522,24.522,24.522,24.522,24.522,24.522,24.522,24.522,24.522,24.522,24.522
2011-03-09 05:00:00,24.522,24.522,24.522,24.522,24.522,24.522,24.522,24.522,24.522,24.522,24.522,24.522
2011-03-09 06:00:00,23.333,23.333,23.333,23.333,23.333,23.333,23.333,23.333,23.333,23.333,23.333,23.333
2011-03-09 07:00:00,18.416,18.416,18.416,18.416,18.416,18.416,18.416,18.416,18.416,18.416,18.416,18.416
2011-03-09 08:00:00,12.675,12.675,12.675,12.675,12.675,12.675,12.675,12.675,12.675,12.675,12.675,12.675
2011-03-09 09:00:00,12.71,12.71,12.71,12.71,12.71,12.71,12.71,12.71,12.71,12.71,12.71,12.71
2011-03-09 10:00:00,12.735,12.735,12.735,12.735,12.735,12.735,12.735,12.735,12.735,12.735,12.735,12.735
2011-03-09 11:00:00,12.564,12.564,12.564,12.564,12.564,12.564,12.564,12.564,12.564,12.564,12.564,12.564
2011-03-09 12:00:00,12.505,12.505,12.505,12.505,12.505,12.505,12.505,12.505,12.505,12.505,12.505,12.505
2011-03-09 13:00:00,12.505,12.505,12.505,12.505,12.505,12.505,12.505,12.505,12.505,12.505,12.505,12.505
2011-03-09 14:00:00,12.505,12.505,12.505,12.505,12.505,12.505,12.505,12.505,12.505,12.505,12.505,12.505
2011-03-09 15:00:00,17.562,17.562,17.562,17.562,17.562,17.562,17.562,17.562,17.562,17.562,17.562,17.562
2011-03-09 16:00:00,23.132,23.132,23.132,23.132,23.132,23.132,23.132,23.132,23.132,23.132,23.132,23.132
2011-03-09 17:00:00,24.522,24.522,24.522,24.522,24.522,24.522,24.522,24.522,24.522,24.522,24.522,24.522
2011-03-09 18:00:00,24.522,24.522,24.522,24.522,24.522,24.522,24.522,24.522,24.522,24.522,24.522,24.522
2011-03-09 19:00:00,24.522,24.522,24.522,24.522,24.522,24.522,24.522,24.522,24.522,24.522,24.522,24.522
2011-03-09 20:00:00,24.522,24.522,24.522,24.522,24.522,24.522,24.522,24.522,24.522,24.522,24.522,24.522
2011-03-09 21:00:00,24.522,24.522,24.522,24.522,24.522,24.522,24.522,24.522,24.522,24.522,24.522,24.522
2011-03-09 22:00:00,24.522,24.522,24.522,24.522,24.522,24.522,24.522,24.522,24.522,24.522,24.522,24.522
2011-03-09 23:00:00,24.522,24.522,24.522,24.522,24.522,24.522,24.522,24.522,24.522,24.522,24.522,24.522
2011-03-10 00:00:00,24.119,24.119,24.119,24.119,24.119,24.119,24.119,24.119,24.119,24.119,24.119,24.119
2011-03-10 01:00:00,24.119,24.119,24.119,24.119,24.119,24.119,24.119,24.119,24.119,24.119,24.119,24.119
2011-03-10 02:00:00,24.119,24.119,24.119,24.119,24.119,24.119,24.119,24.119,24.119,24.119,24.119,24.119
2011-03-10 03:00:00,24.119,24.119,24.119,24.119,24.119,24.119,24.119,24.119,24.119,24.119,24.119,24.119
2011-03-10 04:00:00,24.119,24.119,24.119,24.119,24.119,24.119,24.119,24.119,24.119,24.119,24.119,24.119
2011-03-10 05:00:00,24.196,24.196,24.196,24.196,24.196,24.196,24.196,24.196,24.196,24.196,24.196,24.196
2011-03-10 06:00:00,23.96,23.96,23.96,23.96,23.96,23.96,23.96,23.96,23.96,23.96,23.96,23.96
2011-03-10 07:00:00,21.706,21.706,21.706,21.706,21.706,21.706,21.706,21.706,21.706,21.706,21.706,21.706
2011-03-10 08:00:00,20.792,20.792,20.792,20.792,20.792,20.792,20.792,20.792,20.792,20.792,20.792,20.792
2011-03-10 09:00:00,19.068,19.068,19.068,19.068,19.068,19.068,19.068,19.068,19.068,19.068,19.068,19.068
2011-03-10 10:00:00,17.386,17.386,17.386,17.386,17.386,17.386,17.386,17.386,17.386,17.386,17.386,17.386
2011-03-10 11:00:00,17.314,17.314,17.314,17.314,17.314,17.314,17.314,17.314,17.314,17.314,17.314,17.314
2011-03-10 12:00:00,17.314,17.314,17.314,17.314,17.314,17.314,17.314,17.314,17.314,17.314,17.314,17.314
2011-03-10 13:00:00,17.314,17.314,17.314,17.314,17.314,17.314,17.314,17.314,17.314,17.314,17.314,17.314
2011-03-10 14:00:00,17.314,17.314,17.314,17.314,17.314,17.314,17.314,17.314,17.314,17.314,17.314,17.314
2011-03-10 15:00:00,21.849,21.849,21.849,21.849,21.849,21.849,21.849,21.849,21.849,21.849,21.849,21.849
2011-03-10 16:00:00,24.241,24.241,24.241,24.241,24.241,24.241,24.241,24.241,24.241,24.241,24.241,24.241
2011-03-10 17:00:00,24.557,24.557,24.557,24.557,24.557,24.557,24.557,24.557,24.557,24.557,24.557,24.557
2011-03-10 18:00:00,24.331,24.331,24.331,24.331,24.331,24.331,24.331,24.331,24.331,24.331,24.331,24.331
2011-03-10 19:00:00,24.253,24.253,24.253,24.253,24.253,24.253,24.253,24.253,24.253,24.253,24.253,24.253
2011-03-10 20:00:00,24.119,24.119,24.119,24.119,24.119,24.119,24.119,24.119,24.119,24.119,24.119,24.119
2011-03-10 21:00:00,24.119,24.119,24.119,24.119,24.119,24.119,24.119,24.119,24.119,24.119,24.119,24.119
2011-03-10 22:00:00,24.119,24.119,24.119,24.119,24.119,24.119,24.119,24.119,24.119,24.119,24.119,24.119
2011-03-10 23:00:00,24.119,24.119,24.119,24.119,24.119,24.119,24.119,24.119,24.119,24.119,24.119,24.119
2011-03-11 00:00:00,23.124,23.124,23.124,23.124,23.124,23.124,23.124,23.124,23.124,23.124,23.124,23.124
2011-03-11 01:00:00,23.124,23.124,23.124,23.124,23.124,23.124,23.124,23.124,23.124,23.124,23.124,23.124
2011-03-11 02:00:00,23.17,23.17,23.17,23.17,23.17,23.17,23.17,23.17,23.17,23.17,23.17,23.17
2011-03-11 03:00:00,23.17,23.17,23.17,23.17,23.17,23.17,23.17,23.17,23.17,23.17,23.17,23.17
2011-03-11 04:00:00,23.17,23.17,23.17,23.17,23.17,23.17,23.17,23.17,23.17,23.17,23.17,23.17
2011-03-11 05:00:00,23.223,23.223,23.223,23.223,23.223,23.223,23.223,23.223,23.223,23.223,23.223,23.223
2011-03-11 06:00:00,22.68,22.68,22.68,22.68,22.68,22.68,22.68,22.68,22.68,22.68,22.68,22.68
2011-03-11 07:00:00,12.81,12.81,12.81,12.81,12.81,12.81,12.81,12.81,12.81,12.81,12.81,12.81
2011-03-11 08:00:00,11.974,11.974,11.974,11.974,11.974,11.974,11.974,11.974,11.974,11.974,11.974,11.974
2011-03-11 09:00:00,11.979,11.979,11.979,11.979,11.979,11.979,11.979,11.979,11.979,11.979,11.979,11.979
2011-03-11 10:00:00,11.979,11.979,11.979,11.979,11.979,11.979,11.979,11.979,11.979,11.979,11.979,11.979
2011-03-11 11:00:00,11.974,11.974,11.974,11.974,11.974,11.974,11.974,11.974,11.974,11.974,11.974,11.974
2011-03-11 12:00:00,11.974,11.974,11.974,11.974,11.974,11.974,11.974,11.974,11.974,11.974,11.974,11.974
2011-03-11 13:00:00,13.762,13.762,13.762,13.762,13.762,13.762,13.762,13.762,13.762,13.762,13.762,13.762
2011-03-11 14:00:00,17.812,17.812,17.812,17.812,17.812,17.812,17.812,17.812,17.812,17.812,17.812,17.812
2011-03-11 15:00:00,21.995,21.995,21.995,21.995,21.995,21.995,21.995,21.995,21.995,21.995,21.995,21.995
2011-03-11 16:00:00,22.384,22.384,22.384,22.384,22.384,22.384,22.384,22.384,22.384,22.384,22.384,22.384
2011-03-11 17:00:00,23.012,23.012,23.012,23.012,23.012,23.012,23.012,23.012,23.012,23.012,23.012,23.012
2011-03-11 18:00:00,23.012,23.012,23.012,23.012,23.012,23.012,23.012,23.012,23.012,23.012,23.012,23.012
2011-03-11 19:00:00,23.012,23.012,23.012,23.012,23.012,23.012,23.012,23.012,23.012,23.012,23.012,23.012
2011-03-11 20:00:00,23.012,23.012,23.012,23.012,23.012,23.012,23.012,23.012,23.012,23.012,23.012,23.012
2011-03-11 21:00:00,23.012,23.012,23.012,23.012,23.012,23.012,23.012,23.012,23.012,23.012,23.012,23.012
2011-03-11 22:00:00,23.012,23.012,23.012,23.012,23.012,23.012,23.012,23.012,23.012,23.012,23.012,23.012
2011-03-11 23:00:00,23.012,23.012,23.012,23.012,23.012,23.012,23.012,23.012,23.012,23.012,23.012,23.012
2011-03-12 00:00:00,21.903,21.903,21.903,21.903,21.903,21.903,21.903,21.903,21.903,21.903,21.903,21.903
2011-03-12 01:00:00,21.903,21.903,21.903,21.903,21.903,21.903,21.903,21.903,21.903,21.903,21.903,21.903
2011-03-12 02:00:00,21.903,21.903,21.903,21.903,21.903,21.903,21.903,21.903,21.903,21.903,21.903,21.903
2011-03-12 03:00:00,21.903,21.903,21.903,21.903,21.903,21.903,21.903,21.903,21.903,21.903,21.903,21.903
2011-03-12 04:00:00,21.903,21.903,21.903,21.903,21.903,21.903,21.903,21.903,21.903,21.903,21.903,21.903
2011-03-12 05:00:00,21.903,21.903,21.903,21.903,21.903,21.903,21.903,21.903,21.903,21.903,21.903,21.903
2011-03-12 06:00:00,21.903,21.903,21.903,21.903,21.903,21.903,21.903,21.903,21.903,21.903,21.903,21.903
2011-03-12 07:00:00,21.097,21.097,21.097,21.097,21.097,21.097,21.097,21.097,21.097,21.097,21.097,21.097
2011-03-12 08:00:00,18.252,18.252,18.252,18.252,18.252,18.252,18.252,18.252,18.252,18.252,18.252,18.252
2011-03-12 09:00:00,17.691,17.691,17.691,17.691,17.691,17.691,17.691,17.691,17.691,17.691,17.691,17.691
2011-03-12 10:00:00,17.691,17.691,17.691,17.691,17.691,17.691,17.691,17.691,17.691,17.691,17.691,17.691
2011-03-12 11:00:00,17.975,17.975,17.975,17.975,17.975,17.975,17.975,17.975,17.975,17.975,17.975,17.975
2011-03-12 12:00:00,18.384,18.384,18.384,18.384,18.384,18.384,18.384,18.384,18.384,18.384,18.384,18.384
2011-03-12 13:00:00,19.952,19.952,19.952,19.952,19.952,19.952,19.952,19.952,19.952,19.952,19.952,19.952
2011-03-12 14:00:00,21.495,21.495,21.495,21.495,21.495,21.495,21.495,21.495,21.495,21.495,21.495,21.495
2011-03-12 15:00:00,22.229,22.229,22.229,22.229,22.229,22.229,22.229,22.229,22.229,22.229,22.229,22.229
2011-03-12 16:00:00,22.426,22.426,22.426,22.426,22.426,22.426,22.426,22.426,22.426,22.426,22.426,22.426
2011-03-12 17:00:00,22.658,22.658,22.658,22.658,22.658,22.658,22.658,22.658,22.658,22.658,22.658,22.658
2011-03-12 18:00:00,22.251,22.251,22.251,22.251,22.251,22.251,22.251,22.251,22.251,22.251,22.251,22.251
2011-03-12 19:00:00,22.026,22.026,22.026,22.026,22.026,22.026,22.026,22.026,22.026,22.026,22.026,22.026
2011-03-12 20:00:00,21.903,21.903,21.903,21.903,21.903,21.903,21.903,21.903,21.903,21.903,21.903,21.903
2011-03-12 21:00:00,22.026,22.026,22.026,22.026,22.026,22.026,22.026,22.026,22.026,22.026,22.026,22.026
2011-03-12 22:00:00,22.084,22.084,22.084,22.084,22.084,22.084,22.084,22.084,22.084,22.084,22.084,22.084
2011-03-12 23:00:00,22.2,22.2,22.2,22.2,22.2,22.2,22.2,22.2,22.2,22.2,22.2,22.2
2011-03-13 00:00:00,74.097,74.097,74.097,74.097,74.097,74.097,74.097,74.097,74.097,74.097,74.097,74.097
2011-03-13 01:00:00,74.097,74.097,74.097,74.097,74.097,74.097,74.097,74.097,74.097,74.097,74.097,74.097
2011-03-13 02:00:00,74.097,74.097,74.097,74.097,74.097,74.097,74.097,74.097,74.097,74.097,74.097,74.097
2011-03-13 03:00:00,74.097,74.097,74.097,74.097,74.097,74.097,74.097,74.097,74.097,74.097,74.097,74.097
2011-03-13 04:00:00,74.097,74.097,74.097,74.097,74.097,74.097,74.097,74.097,74.097,74.097,74.097,74.097
2011-03-13 05:00:00,74.097,74.097,74.097,74.097,74.097,74.097,74.097,74.097,74.097,74.097,74.097,74.097
2011-03-13 06:00:00,74.097,74.097,74.097,74.097,74.097,74.097,74.097,74.097,74.097,74.097,74.097,74.097
2011-03-13 07:00:00,74.097,74.097,74.097,74.097,74.097,74.097,74.097,74.097,74.097,74.097,74.097,74.097
2011-03-13 08:00:00,67.29,67.29,67.29,67.29,67.29,67.29,67.29,67.29,67.29,67.29,67.29,67.29
2011-03-13 09:00:00,63.894,63.894,63.894,63.894,63.894,63.894,63.894,63.894,63.894,63.894,63.894,63.894
2011-03-13 10:00:00,63.894,63.894,63.894,63.894,63.894,63.894,63.894,63.894,63.894,63.894,63.894,63.894
2011-03-13 11:00:00,63.907,63.907,63.907,63.907,63.907,63.907,63.907,63.907,63.907,63.907,63.907,63.907
2011-03-13 12:00:00,64.19,64.19,64.19,64.19,64.19,64.19,64.19,64.19,64.19,64.19,64.19,64.19
2011-03-13 13:00:00,67.29,67.29,67.29,67.29,67.29,67.29,67.29,67.29,67.29,67.29,67.29,67.29
2011-03-13 14:00:00,73.233,73.233,73.233,73.233,73.233,73.233,73.233,73.233,73.233,73.233,73.233,73.233
2011-03-13 15:00:00,74.097,74.097,74.097,74.097,74.097,74.097,74.097,74.097,74.097,74.097,74.097,74.097
2011-03-13 16:00:00,74.097,74.097,74.097,74.097,74.097,74.097,74.097,74.097,74.097,74.097,74.097,74.097
2011-03-13 17:00:00,74.097,74.097,74.097,74.097,74.097,74.097,74.097,74.097,74.097,74.097,74.097,74.097
2011-03-13 18:00:00,74.097,74.097,74.097,74.097,74.097,74.097,74.097,74.097,74.097,74.097,74.097,74.097
2011-03-13 19:00:00,74.097,74.097,74.097,74.097,74.097,74.097,74.097,74.097,74.097,74.097,74.097,74.097
2011-03-13 20:00:00,74.097,74.097,74.097,74.097,74.097,74.097,74.097,74.097,74.097,74.097,74.097,74.097
2011-03-13 21:00:00,74.097,74.097,74.097,74.097,74.097,74.097,74.097,74.097,74.097,74.097,74.097,74.097
2011-03-13 22:00:00,74.097,74.097,74.097,74.097,74.097,74.097,74.097,74.097,74.097,74.097,74.097,74.097
2011-03-13 23:00:00,74.097,74.097,74.097,74.097,74.097,74.097,74.097,74.097,74.097,74.097,74.097,74.097
2011-03-14 00:00:00,27.717,27.717,27.717,27.717,27.717,27.717,27.717,27.717,27.717,27.717,27.717,27.717
2011-03-14 01:00:00,27.717,27.717,27.717,27.717,27.717,27.717,27.717,27.717,27.717,27.717,27.717,27.717
2011-03-14 02:00:00,27.717,27.717,27.717,27.717,27.717,27.717,27.717,27.717,27.717,27.717,27.717,27.717
2011-03-14 03:00:00,27.717,27.717,27.717,27.717,27.717,27.717,27.717,27.717,27.717,27.717,27.717,27.717
2011-03-14 04:00:00,27.717,27.717,27.717,27.717,27.717,27.717,27.717,27.717,27.717,27.717,27.717,27.717
2011-03-14 05:00:00,27.989,27.989,27.989,27.989,27.989,27.989,27.989,27.989,27.989,27.989,27.989,27.989
2011-03-14 06:00:00,28.749,28.749,28.749,28.749,28.749,28.749,28.749,28.749,28.749,28.749,28.749,28.749
2011-03-14 07:00:00,27.467,27.467,27.467,27.467,27.467,27.467,27.467,27.467,27.467,27.467,27.467,27.467
2011-03-14 08:00:00,25.264,25.264,25.264,25.264,25.264,25.264,25.264,25.264,25.264,25.264,25.264,25.264
2011-03-14 09:00:00,24.577,24.577,24.577,24.577,24.577,24.577,24.577,24.577,24.577,24.577,24.577,24.577
2011-03-14 10:00:00,24.498,24.498,24.498,24.498,24.498,24.498,24.498,24.498,24.498,24.498,24.498,24.498
2011-03-14 11:00:00,24.498,24.498,24.498,24.498,24.498,24.498,24.498,24.498,24.498,24.498,24.498,24.498
2011-03-14 12:00:00,24.632,24.632,24.632,24.632,24.632,24.632,24.632,24.632,24.632,24.632,24.632,24.632
2011-03-14 13:00:00,26.617,26.617,26.617,26.617,26.617,26.617,26.617,26.617,26.617,26.617,26.617,26.617
2011-03-14 14:00:00,26.617,26.617,26.617,26.617,26.617,26.617,26.617,26.617,26.617,26.617,26.617,26.617
2011-03-14 15:00:00,27.717,27.717,27.717,27.717,27.717,27.717,27.717,27.717,27.717,27.717,27.717,27.717
2011-03-14 16:00:00,27.717,27.717,27.717,27.717,27.717,27.717,27.717,27.717,27.717,27.717,27.717,27.717
2011-03-14 17:00:00,27.717,27.717,27.717,27.717,27.717,27.717,27.717,27.717,27.717,27.717,27.717,27.717
2011-03-14 18:00:00,27.717,27.717,27.717,27.717,27.717,27.717,27.717,27.717,27.717,27.717,27.717,27.717
2011-03-14 19:00:00,27.717,27.717,27.717,27.717,27.717,27.717,27.717,27.717,27.717,27.717,27.717,27.717
2011-03-14 20:00:00,27.717,27.717,27.717,27.717,27.717,27.717,27.717,27.717,27.717,27.717,27.717,27.717
2011-03-14 21:00:00,27.717,27.717,27.717,27.717,27.717,27.717,27.717,27.717,27.717,27.717,27.717,27.717
2011-03-14 22:00:00,27.717,27.717,27.717,27.717,27.717,27.717,27.717,27.717,27.717,27.717,27.717,27.717
2011-03-14 23:00:00,27.717,27.717,27.717,27.717,27.717,27.717,27.717,27.717,27.717,27.717,27.717,27.717
2011-03-15 00:00:00,23.423,23.423,23.423,23.423,23.423,23.423,23.423,23.423,23.423,23.423,23.423,23.423
2011-03-15 01:00:00,23.423,23.423,23.423,23.423,23.423,23.423,23.423,23.423,23.423,23.423,23.423,23.423
2011-03-15 02:00:00,23.423,23.423,23.423,23.423,23.423,23.423,23.423,23.423,23.423,23.423,23.423,23.423
2011-03-15 03:00:00,23.423,23.423,23.423,23.423,23.423,23.423,23.423,23.423,23.423,23.423,23.423,23.423
2011-03-15 04:00:00,23.423,23.423,23.423,23.423,23.423,23.423,23.423,23.423,23.423,23.423,23.423,23.423
2011-03-15 05:00:00,23.423,23.423,23.423,23.423,23.423,23.423,23.423,23.423,23.423,23.423,23.423,23.423
2011-03-15 06:00:00,23.097,23.097,23.097,23.097,23.097,23.097,23.097,23.097,23.097,23.097,23.097,23.097
2011-03-15 07:00:00,21.465,21.465,21.465,21.465,21.465,21.465,21.465,21.465,21.465,21.465,21.465,21.465
2011-03-15 08:00:00,20.964,20.964,20.964,20.964,20.964,20.964,20.964,20.964,20.964,20.964,20.964,20.964
2011-03-15 09:00:00,20.024,20.024,20.024,20.024,20.024,20.024,20.024,20.024,20.024,20.024,20.024,20.024
2011-03-15 10:00:00,21.177,21.177,21.177,21.177,21.177,21.177,21.177,21.177,21.177,21.177,21.177,21.177
2011-03-15 11:00:00,19.443,19.443,19.443,19.443,19.443,19.443,19.443,19.443,19.443,19.443,19.443,19.443
2011-03-15 12:00:00,19.443,19.443,19.443,19.443,19.443,19.443,19.443,19.443,19.443,19.443,19.443,19.443
2011-03-15 13:00:00,19.544,19.544,19.544,19.544,19.544,19.544,19.544,19.544,19.544,19.544,19.544,19.544
2011-03-15 14:00:00,20.334,20.334,20.334,20.334,20.334,20.334,20.334,20.334,20.334,20.334,20.334,20.334
2011-03-15 15:00:00,22.027,22.027,22.027,22.027,22.027,22.027,22.027,22.027,22.027,22.027,22.027,22.027
2011-03-15 16:00:00,23.423,23.423,23.423,23.423,23.423,23.423,23.423,23.423,23.423,23.423,23.423,23.423
2011-03-15 17:00:00,23.473,23.473,23.473,23.473,23.473,23.473,23.473,23.473,23.473,23.473,23.473,23.473
2011-03-15 18:00:00,23.423,23.423,23.423,23.423,23.423,23.423,23.423,23.423,23.423,23.423,23.423,23.423
2011-03-15 19:00:00,23.423,23.423,23.423,23.423,23.423,23.423,23.423,23.423,23.423,23.423,23.423,23.423
2011-03-15 20:00:00,23.423,23.423,23.423,23.423,23.423,23.423,23.423,23.423,23.423,23.423,23.423,23.423
2011-03-15 21:00:00,23.423,23.423,23.423,23.423,23.423,23.423,23.423,23.423,23.423,23.423,23.423,23.423
2011-03-15 22:00:00,23.423,23.423,23.423,23.423,23.423,23.423,23.423,23.423,23.423,23.423,23.423,23.423
2011-03-15 23:00:00,23.423,23.423,23.423,23.423,23.423,23.423,23.423,23.423,23.423,23.423,23.423,23.423
2011-03-16 00:00:00,23.551,23.551,23.551,23.551,23.551,23.551,23.551,23.551,23.551,23.551,23.551,23.551
2011-03-16 01:00:00,23.551,23.551,23.551,23.551,23.551,23.551,23.551,23.551,23.551,23.551,23.551,23.551
2011-03-16 02:00:00,23.551,23.551,23.551,23.551,23.551,23.551,23.551,23.551,23.551,23.551,23.551,23.551
2011-03-16 03:00:00,23.551,23.551,23.551,23.551,23.551,23.551,23.551,23.551,23.551,23.551,23.551,23.551
2011-03-16 04:00:00,23.798,23.798,23.798,23.798,23.798,23.798,23.798,23.798,23.798,23.798,23.798,23.798
2011-03-16 05:00:00,24.361,24.361,24.361,24.361,24.361,24.361,24.361,24.361,24.361,24.361,24.361,24.361
2011-03-16 06:00:00,24.196,24.196,24.196,24.196,24.196,24.196,24.196,24.196,24.196,24.196,24.196,24.196
2011-03-16 07:00:00,22.909,22.909,22.909,22.909,22.909,22.909,22.909,22.909,22.909,22.909,22.909,22.909
2011-03-16 08:00:00,21.942,21.942,21.942,21.942,21.942,21.942,21.942,21.942,21.942,21.942,21.942,21.942
2011-03-16 09:00:00,21.113,21.113,21.113,21.113,21.113,21.113,21.113,21.113,21.113,21.113,21.113,21.113
2011-03-16 10:00:00,21.163,21.163,21.163,21.163,21.163,21.163,21.163,21.163,21.163,21.163,21.163,21.163
2011-03-16 11:00:00,20.595,20.595,20.595,20.595,20.595,20.595,20.595,20.595,20.595,20.595,20.595,20.595
2011-03-16 12:00:00,20.448,20.448,20.448,20.448,20.448,20.448,20.448,20.448,20.448,20.448,20.448,20.448
2011-03-16 13:00:00,20.448,20.448,20.448,20.448,20.448,20.448,20.448,20.448,20.448,20.448,20.448,20.448
2011-03-16 14:00:00,20.448,20.448,20.448,20.448,20.448,20.448,20.448,20.448,20.448,20.448,20.448,20.448
2011-03-16 15:00:00,22.973,22.973,22.973,22.973,22.973,22.973,22.973,22.973,22.973,22.973,22.973,22.973
2011-03-16 16:00:00,23.182,23.182,23.182,23.182,23.182,23.182,23.182,23.182,23.182,23.182,23.182,23.182
2011-03-16 17:00:00,23.551,23.551,23.551,23.551,23.551,23.551,23.551,23.551,23.551,23.551,23.551,23.551
2011-03-16 18:00:00,23.551,23.551,23.551,23.551,23.551,23.551,23.551,23.551,23.551,23.551,23.551,23.551
2011-03-16 19:00:00,23.551,23.551,23.551,23.551,23.551,23.551,23.551,23.551,23.551,23.551,23.551,23.551
2011-03-16 20:00:00,23.551,23.551,23.551,23.551,23.551,23.551,23.551,23.551,23.551,23.551,23.551,23.551
2011-03-16 21:00:00,23.551,23.551,23.551,23.551,23.551,23.551,23.551,23.551,23.551,23.551,23.551,23.551
2011-03-16 22:00:00,23.551,23.551,23.551,23.551,23.551,23.551,23.551,23.551,23.551,23.551,23.551,23.551
2011-03-16 23:00:00,23.551,23.551,23.551,23.551,23.551,23.551,23.551,23.551,23.551,23.551,23.551,23.551
2011-03-17 00:00:00,34.926,34.926,34.926,34.926,34.926,34.926,34.926,34.926,34.926,34.926,34.926,34.926
2011-03-17 01:00:00,34.926,34.926,34.926,34.926,34.926,34.926,34.926,34.926,34.926,34.926,34.926,34.926
2011-03-17 02:00:00,34.926,34.926,34.926,34.926,34.926,34.926,34.926,34.926,34.926,34.926,34.926,34.926
2011-03-17 03:00:00,34.926,34.926,34.926,34.926,34.926,34.926,34.926,34.926,34.926,34.926,34.926,34.926
2011-03-17 04:00:00,34.926,34.926,34.926,34.926,34.926,34.926,34.926,34.926,34.926,34.926,34.926,34.926
2011-03-17 05:00:00,34.926,34.926,34.926,34.926,34.926,34.926,34.926,34.926,34.926,34.926,34.926,34.926
2011-03-17 06:00:00,31.559,31.559,31.559,31.559,31.559,31.559,31.559,31.559,31.559,31.559,31.559,31.559
2011-03-17 07:00:00,29.884,29.884,29.884,29.884,29.884,29.884,29.884,29.884,29.884,29.884,29.884,29.884
2011-03-17 08:00:00,26.692,26.692,26.692,26.692,26.692,26.692,26.692,26.692,26.692,26.692,26.692,26.692
2011-03-17 09:00:00,26.692,26.692,26.692,26.692,26.692,26.692,26.692,26.692,26.692,26.692,26.692,26.692
2011-03-17 10:00:00,31.324,31.324,31.324,31.324,31.324,31.324,31.324,31.324,31.324,31.324,31.324,31.324
2011-03-17 11:00:00,31.324,31.324,31.324,31.324,31.324,31.324,31.324,31.324,31.324,31.324,31.324,31.324
2011-03-17 12:00:00,31.324,31.324,31.324,31.324,31.324,31.324,31.324,31.324,31.324,31.324,31.324,31.324
2011-03-17 13:00:00,31.324,31.324,31.324,31.324,31.324,31.324,31.324,31.324,31.324,31.324,31.324,31.324
2011-03-17 14:00:00,31.76,31.76,31.76,31.76,31.76,31.76,31.76,31.76,31.76,31.76,31.76,31.76
2011-03-17 15:00:00,32.278,32.278,32.278,32.278,32.278,32.278,32.278,32.278,32.278,32.278,32.278,32.278
2011-03-17 16:00:00,34.926,34.926,34.926,34.926,34.926,34.926,34.926,34.926,34.926,34.926,34.926,34.926
2011-03-17 17:00:00,35.791,35.791,35.791,35.791,35.791,35.791,35.791,35.791,35.791,35.791,35.791,35.791
2011-03-17 18:00:00,35.438,35.438,35.438,35.438,35.438,35.438,35.438,35.438,35.438,35.438,35.438,35.438
2011-03-17 19:00:00,35.634,35.634,35.634,35.634,35.634,35.634,35.634,35.634,35.634,35.634,35.634,35.634
2011-03-17 20:00:00,35.791,35.791,35.791,35.791,35.791,35.791,35.791,35.791,35.791,35.791,35.791,35.791
2011-03-17 21:00:00,35.791,35.791,35.791,35.791,35.791,35.791,35.791,35.791,35.791,35.791,35.791,35.791
2011-03-17 22:00:00,35.791,35.791,35.791,35.791,35.791,35.791,35.791,35.791,35.791,35.791,35.791,35.791
2011-03-17 23:00:00,35.791,35.791,35.791,35.791,35.791,35.791,35.791,35.791,35.791,35.791,35.791,35.791
2011-03-18 00:00:00,27.779,27.779,27.779,27.779,27.779,27.779,27.779,27.779,27.779,27.779,27.779,27.779
2011-03-18 01:00:00,27.779,27.779,27.779,27.779,27.779,27.779,27.779,27.779,27.779,27.779,27.779,27.779
2011-03-18 02:00:00,27.779,27.779,27.779,27.779,27.779,27.779,27.779,27.779,27.779,27.779,27.779,27.779
2011-03-18 03:00:00,27.779,27.779,27.779,27.779,27.779,27.779,27.779,27.779,27.779,27.779,27.779,27.779
2011-03-18 04:00:00,27.779,27.779,27.779,27.779,27.779,27.779,27.779,27.779,27.779,27.779,27.779,27.779
2011-03-18 05:00:00,27.784,27.784,27.784,27.784,27.784,27.784,27.784,27.784,27.784,27.784,27.784,27.784
2011-03-18 06:00:00,27.54,27.54,27.54,27.54,27.54,27.54,27.54,27.54,27.54,27.54,27.54,27.54
2011-03-18 07:00:00,27.164,27.164,27.164,27.164,27.164,27.164,27.164,27.164,27.164,27.164,27.164,27.164
2011-03-18 08:00:00,25.946,25.946,25.946,25.946,25.946,25.946,25.946,25.946,25.946,25.946,25.946,25.946
2011-03-18 09:00:00,24.677,24.677,24.677,24.677,24.677,24.677,24.677,24.677,24.677,24.677,24.677,24.677
2011-03-18 10:00:00,23.606,23.606,23.606,23.606,23.606,23.606,23.606,23.606,23.606,23.606,23.606,23.606
2011-03-18 11:00:00,22.263,22.263,22.263,22.263,22.263,22.263,22.263,22.263,22.263,22.263,22.263,22.263
2011-03-18 12:00:00,22.263,22.263,22.263,22.263,22.263,22.263,22.263,22.263,22.263,22.263,22.263,22.263
2011-03-18 13:00:00,22.263,22.263,22.263,22.263,22.263,22.263,22.263,22.263,22.263,22.263,22.263,22.263
2011-03-18 14:00:00,22.71,22.71,22.71,22.71,22.71,22.71,22.71,22.71,22.71,22.71,22.71,22.71
2011-03-18 15:00:00,27.571,27.571,27.571,27.571,27.571,27.571,27.571,27.571,27.571,27.571,27.571,27.571
2011-03-18 16:00:00,27.571,27.571,27.571,27.571,27.571,27.571,27.571,27.571,27.571,27.571,27.571,27.571
2011-03-18 17:00:00,27.707,27.707,27.707,27.707,27.707,27.707,27.707,27.707,27.707,27.707,27.707,27.707
2011-03-18 18:00:00,27.571,27.571,27.571,27.571,27.571,27.571,27.571,27.571,27.571,27.571,27.571,27.571
2011-03-18 19:00:00,27.571,27.571,27.571,27.571,27.571,27.571,27.571,27.571,27.571,27.571,27.571,27.571
2011-03-18 20:00:00,27.571,27.571,27.571,27.571,27.571,27.571,27.571,27.571,27.571,27.571,27.571,27.571
2011-03-18 21:00:00,27.571,27.571,27.571,27.571,27.571,27.571,27.571,27.571,27.571,27.571,27.571,27.571
2011-03-18 22:00:00,27.571,27.571,27.571,27.571,27.571,27.571,27.571,27.571,27.571,27.571,27.571,27.571
2011-03-18 23:00:00,27.571,27.571,27.571,27.571,27.571,27.571,27.571,27.571,27.571,27.571,27.571,27.571
2011-03-19 00:00:00,23.531,23.531,23.531,23.531,23.531,23.531,23.531,23.531,23.531,23.531,23.531,23.531
2011-03-19 01:00:00,23.531,23.531,23.531,23.531,23.531,23.531,23.531,23.531,23.531,23.531,23.531,23.531
2011-03-19 02:00:00,23.531,23.531,23.531,23.531,23.531,23.531,23.531,23.531,23.531,23.531,23.531,23.531
2011-03-19 03:00:00,23.531,23.531,23.531,23.531,23.531,23.531,23.531,23.531,23.531,23.531,23.531,23.531
2011-03-19 04:00:00,23.531,23.531,23.531,23.531,23.531,23.531,23.531,23.531,23.531,23.531,23.531,23.531
2011-03-19 05:00:00,23.531,23.531,23.531,23.531,23.531,23.531,23.531,23.531,23.531,23.531,23.531,23.531
2011-03-19 06:00:00,23.531,23.531,23.531,23.531,23.531,23.531,23.531,23.531,23.531,23.531,23.531,23.531
2011-03-19 07:00:00,22.508,22.508,22.508,22.508,22.508,22.508,22.508,22.508,22.508,22.508,22.508,22.508
2011-03-19 08:00:00,20.979,20.979,20.979,20.979,20.979,20.979,20.979,20.979,20.979,20.979,20.979,20.979
2011-03-19 09:00:00,19.189,19.189,19.189,19.189,19.189,19.189,19.189,19.189,19.189,19.189,19.189,19.189
2011-03-19 10:00:00,18.099,18.099,18.099,18.099,18.099,18.099,18.099,18.099,18.099,18.099,18.099,18.099
2011-03-19 11:00:00,17.9,17.9,17.9,17.9,17.9,17.9,17.9,17.9,17.9,17.9,17.9,17.9
2011-03-19 12:00:00,17.9,17.9,17.9,17.9,17.9,17.9,17.9,17.9,17.9,17.9,17.9,17.9
2011-03-19 13:00:00,17.9,17.9,17.9,17.9,17.9,17.9,17.9,17.9,17.9,17.9,17.9,17.9
2011-03-19 14:00:00,18.707,18.707,18.707,18.707,18.707,18.707,18.707,18.707,18.707,18.707,18.707,18.707
2011-03-19 15:00:00,23.531,23.531,23.531,23.531,23.531,23.531,23.531,23.531,23.531,23.531,23.531,23.531
2011-03-19 16:00:00,23.531,23.531,23.531,23.531,23.531,23.531,23.531,23.531,23.531,23.531,23.531,23.531
2011-03-19 17:00:00,24.325,24.325,24.325,24.325,24.325,24.325,24.325,24.325,24.325,24.325,24.325,24.325
2011-03-19 18:00:00,23.793,23.793,23.793,23.793,23.793,23.793,23.793,23.793,23.793,23.793,23.793,23.793
2011-03-19 19:00:00,23.607,23.607,23.607,23.607,23.607,23.607,23.607,23.607,23.607,23.607,23.607,23.607
2011-03-19 20:00:00,23.607,23.607,23.607,23.607,23.607,23.607,23.607,23.607,23.607,23.607,23.607,23.607
2011-03-19 21:00:00,23.607,23.607,23.607,23.607,23.607,23.607,23.607,23.607,23.607,23.607,23.607,23.607
2011-03-19 22:00:00,23.556,23.556,23.556,23.556,23.556,23.556,23.556,23.556,23.556,23.556,23.556,23.556
2011-03-19 23:00:00,23.781,23.781,23.781,23.781,23.781,23.781,23.781,23.781,23.781,23.781,23.781,23.781
2011-03-20 00:00:00,30.603,30.603,30.603,30.603,30.603,30.603,30.603,30.603,30.603,30.603,30.603,30.603
2011-03-20 01:00:00,30.756,30.756,30.756,30.756,30.756,30.756,30.756,30.756,30.756,30.756,30.756,30.756
2011-03-20 02:00:00,30.614,30.614,30.614,30.614,30.614,30.614,30.614,30.614,30.614,30.614,30.614,30.614
2011-03-20 03:00:00,30.614,30.614,30.614,30.614,30.614,30.614,30.614,30.614,30.614,30.614,30.614,30.614
2011-03-20 04:00:00,30.666,30.666,30.666,30.666,30.666,30.666,30.666,30.666,30.666,30.666,30.666,30.666
2011-03-20 05:00:00,30.693,30.693,30.693,30.693,30.693,30.693,30.693,30.693,30.693,30.693,30.693,30.693
2011-03-20 06:00:00,30.216,30.216,30.216,30.216,30.216,30.216,30.216,30.216,30.216,30.216,30.216,30.216
2011-03-20 07:00:00,29.243,29.243,29.243,29.243,29.243,29.243,29.243,29.243,29.243,29.243,29.243,29.243
2011-03-20 08:00:00,22.191,22.191,22.191,22.191,22.191,22.191,22.191,22.191,22.191,22.191,22.191,22.191
2011-03-20 09:00:00,16.708,16.708,16.708,16.708,16.708,16.708,16.708,16.708,16.708,16.708,16.708,16.708
2011-03-20 10:00:00,16.708,16.708,16.708,16.708,16.708,16.708,16.708,16.708,16.708,16.708,16.708,16.708
2011-03-20 11:00:00,16.527,16.527,16.527,16.527,16.527,16.527,16.527,16.527,16.527,16.527,16.527,16.527
2011-03-20 12:00:00,16.396,16.396,16.396,16.396,16.396,16.396,16.396,16.396,16.396,16.396,16.396,16.396
2011-03-20 13:00:00,16.396,16.396,16.396,16.396,16.396,16.396,16.396,16.396,16.396,16.396,16.396,16.396
2011-03-20 14:00:00,21.332,21.332,21.332,21.332,21.332,21.332,21.332,21.332,21.332,21.332,21.332,21.332
2011-03-20 15:00:00,26.635,26.635,26.635,26.635,26.635,26.635,26.635,26.635,26.635,26.635,26.635,26.635
2011-03-20 16:00:00,26.635,26.635,26.635,26.635,26.635,26.635,26.635,26.635,26.635,26.635,26.635,26.635
2011-03-20 17:00:00,26.635,26.635,26.635,26.635,26.635,26.635,26.635,26.635,26.635,26.635,26.635,26.635
2011-03-20 18:00:00,26.635,26.635,26.635,26.635,26.635,26.635,26.635,26.635,26.635,26.635,26.635,26.635
2011-03-20 19:00:00,26.635,26.635,26.635,26.635,26.635,26.635,26.635,26.635,26.635,26.635,26.635,26.635
2011-03-20 20:00:00,26.635,26.635,26.635,26.635,26.635,26.635,26.635,26.635,26.635,26.635,26.635,26.635
2011-03-20 21:00:00,26.635,26.635,26.635,26.635,26.635,26.635,26.635,26.635,26.635,26.635,26.635,26.635
2011-03-20 22:00:00,26.635,26.635,26.635,26.635,26.635,26.635,26.635,26.635,26.635,26.635,26.635,26.635
2011-03-20 23:00:00,26.635,26.635,26.635,26.635,26.635,26.635,26.635,26.635,26.635,26.635,26.635,26.635
2011-03-21 00:00:00,32.369,32.369,32.369,32.369,32.369,32.369,32.369,32.369,32.369,32.369,32.369,32.369
2011-03-21 01:00:00,32.369,32.369,32.369,32.369,32.369,32.369,32.369,32.369,32.369,32.369,32.369,32.369
2011-03-21 02:00:00,32.369,32.369,32.369,32.369,32.369,32.369,32.369,32.369,32.369,32.369,32.369,32.369
2011-03-21 03:00:00,32.369,32.369,32.369,32.369,32.369,32.369,32.369,32.369,32.369,32.369,32.369,32.369
2011-03-21 04:00:00,32.369,32.369,32.369,32.369,32.369,32.369,32.369,32.369,32.369,32.369,32.369,32.369
2011-03-21 05:00:00,32.369,32.369,32.369,32.369,32.369,32.369,32.369,32.369,32.369,32.369,32.369,32.369
2011-03-21 06:00:00,31.892,31.892,31.892,31.892,31.892,31.892,31.892,31.892,31.892,31.892,31.892,31.892
2011-03-21 07:00:00,20.457,20.457,20.457,20.457,20.457,20.457,20.457,20.457,20.457,20.457,20.457,20.457
2011-03-21 08:00:00,15.219,15.219,15.219,15.219,15.219,15.219,15.219,15.219,15.219,15.219,15.219,15.219
2011-03-21 09:00:00,15.187,15.187,15.187,15.187,15.187,15.187,15.187,15.187,15.187,15.187,15.187,15.187
2011-03-21 10:00:00,15.63,15.63,15.63,15.63,15.63,15.63,15.63,15.63,15.63,15.63,15.63,15.63
2011-03-21 11:00:00,15.171,15.171,15.171,15.171,15.171,15.171,15.171,15.171,15.171,15.171,15.171,15.171
2011-03-21 12:00:00,15.171,15.171,15.171,15.171,15.171,15.171,15.171,15.171,15.171,15.171,15.171,15.171
2011-03-21 13:00:00,15.171,15.171,15.171,15.171,15.171,15.171,15.171,15.171,15.171,15.171,15.171,15.171
2011-03-21 14:00:00,16.277,16.277,16.277,16.277,16.277,16.277,16.277,16.277,16.277,16.277,16.277,16.277
2011-03-21 15:00:00,20.223,20.223,20.223,20.223,20.223,20.223,20.223,20.223,20.223,20.223,20.223,20.223
2011-03-21 16:00:00,24.22,24.22,24.22,24.22,24.22,24.22,24.22,24.22,24.22,24.22,24.22,24.22
2011-03-21 17:00:00,32.495,32.495,32.495,32.495,32.495,32.495,32.495,32.495,32.495,32.495,32.495,32.495
2011-03-21 18:00:00,32.618,32.618,32.618,32.618,32.618,32.618,32.618,32.618,32.618,32.618,32.618,32.618
2011-03-21 19:00:00,32.386,32.386,32.386,32.386,32.386,32.386,32.386,32.386,32.386,32.386,32.386,32.386
2011-03-21 20:00:00,32.369,32.369,32.369,32.369,32.369,32.369,32.369,32.369,32.369,32.369,32.369,32.369
2011-03-21 21:00:00,32.369,32.369,32.369,32.369,32.369,32.369,32.369,32.369,32.369,32.369,32.369,32.369
2011-03-21 22:00:00,32.369,32.369,32.369,32.369,32.369,32.369,32.369,32.369,32.369,32.369,32.369,32.369
2011-03-21 23:00:00,32.369,32.369,32.369,32.369,32.369,32.369,32.369,32.369,32.369,32.369,32.369,32.369
2011-03-22 00:00:00,31.272,31.272,31.272,31.272,31.272,31.272,31.272,31.272,31.272,31.272,31.272,31.272
2011-03-22 01:00:00,31.272,31.272,31.272,31.272,31.272,31.272,31.272,31.272,31.272,31.272,31.272,31.272
2011-03-22 02:00:00,31.272,31.272,31.272,31.272,31.272,31.272,31.272,31.272,31.272,31.272,31.272,31.272
2011-03-22 03:00:00,31.272,31.272,31.272,31.272,31.272,31.272,31.272,31.272,31.272,31.272,31.272,31.272
2011-03-22 04:00:00,31.272,31.272,31.272,31.272,31.272,31.272,31.272,31.272,31.272,31.272,31.272,31.272
2011-03-22 05:00:00,31.948,31.948,31.948,31.948,31.948,31.948,31.948,31.948,31.948,31.948,31.948,31.948
2011-03-22 06:00:00,27.486,27.486,27.486,27.486,27.486,27.486,27.486,27.486,27.486,27.486,27.486,27.486
2011-03-22 07:00:00,13.898,13.898,13.898,13.898,13.898,13.898,13.898,13.898,13.898,13.898,13.898,13.898
2011-03-22 08:00:00,13.479,13.479,13.479,13.479,13.479,13.479,13.479,13.479,13.479,13.479,13.479,13.479
2011-03-22 09:00:00,13.391,13.391,13.391,13.391,13.391,13.391,13.391,13.391,13.391,13.391,13.391,13.391
2011-03-22 10:00:00,13.479,13.479,13.479,13.479,13.479,13.479,13.479,13.479,13.479,13.479,13.479,13.479
2011-03-22 11:00:00,13.479,13.479,13.479,13.479,13.479,13.479,13.479,13.479,13.479,13.479,13.479,13.479
2011-03-22 12:00:00,13.479,13.479,13.479,13.479,13.479,13.479,13.479,13.479,13.479,13.479,13.479,13.479
2011-03-22 13:00:00,13.479,13.479,13.479,13.479,13.479,13.479,13.479,13.479,13.479,13.479,13.479,13.479
2011-03-22 14:00:00,13.871,13.871,13.871,13.871,13.871,13.871,13.871,13.871,13.871,13.871,13.871,13.871
2011-03-22 15:00:00,15.264,15.264,15.264,15.264,15.264,15.264,15.264,15.264,15.264,15.264,15.264,15.264
2011-03-22 16:00:00,23.169,23.169,23.169,23.169,23.169,23.169,23.169,23.169,23.169,23.169,23.169,23.169
2011-03-22 17:00:00,31.272,31.272,31.272,31.272,31.272,31.272,31.272,31.272,31.272,31.272,31.272,31.272
2011-03-22 18:00:00,31.272,31.272,31.272,31.272,31.272,31.272,31.272,31.272,31.272,31.272,31.272,31.272
2011-03-22 19:00:00,31.272,31.272,31.272,31.272,31.272,31.272,31.272,31.272,31.272,31.272,31.272,31.272
2011-03-22 20:00:00,31.272,31.272,31.272,31.272,31.272,31.272,31.272,31.272,31.272,31.272,31.272,31.272
2011-03-22 21:00:00,31.272,31.272,31.272,31.272,31.272,31.272,31.272,31.272,31.272,31.272,31.272,31.272
2011-03-22 22:00:00,31.272,31.272,31.272,31.272,31.272,31.272,31.272,31.272,31.272,31.272,31.272,31.272
2011-03-22 23:00:00,31.272,31.272,31.272,31.272,31.272,31.272,31.272,31.272,31.272,31.272,31.272,31.272
2011-03-23 00:00:00,23.316,23.316,23.316,23.316,23.316,23.316,23.316,23.316,23.316,23.316,23.316,23.316
2011-03-23 01:00:00,23.316,23.316,23.316,23.316,23.316,23.316,23.316,23.316,23.316,23.316,23.316,23.316
2011-03-23 02:00:00,23.316,23.316,23.316,23.316,23.316,23.316,23.316,23.316,23.316,23.316,23.316,23.316
2011-03-23 03:00:00,23.316,23.316,23.316,23.316,23.316,23.316,23.316,23.316,23.316,23.316,23.316,23.316
2011-03-23 04:00:00,23.316,23.316,23.316,23.316,23.316,23.316,23.316,23.316,23.316,23.316,23.316,23.316
2011-03-23 05:00:00,23.596,23.596,23.596,23.596,23.596,23.596,23.596,23.596,23.596,23.596,23.596,23.596
2011-03-23 06:00:00,22.903,22.903,22.903,22.903,22.903,22.903,22.903,22.903,22.903,22.903,22.903,22.903
2011-03-23 07:00:00,18.653,18.653,18.653,18.653,18.653,18.653,18.653,18.653,18.653,18.653,18.653,18.653
2011-03-23 08:00:00,16.003,16.003,16.003,16.003,16.003,16.003,16.003,16.003,16.003,16.003,16.003,16.003
2011-03-23 09:00:00,15.367,15.367,15.367,15.367,15.367,15.367,15.367,15.367,15.367,15.367,15.367,15.367
2011-03-23 10:00:00,15.644,15.644,15.644,15.644,15.644,15.644,15.644,15.644,15.644,15.644,15.644,15.644
2011-03-23 11:00:00,13.696,13.696,13.696,13.696,13.696,13.696,13.696,13.696,13.696,13.696,13.696,13.696
2011-03-23 12:00:00,11.174,11.174,11.174,11.174,11.174,11.174,11.174,11.174,11.174,11.174,11.174,11.174
2011-03-23 13:00:00,11.174,11.174,11.174,11.174,11.174,11.174,11.174,11.174,11.174,11.174,11.174,11.174
2011-03-23 14:00:00,11.174,11.174,11.174,11.174,11.174,11.174,11.174,11.174,11.174,11.174,11.174,11.174
2011-03-23 15:00:00,15.798,15.798,15.798,15.798,15.798,15.798,15.798,15.798,15.798,15.798,15.798,15.798
2011-03-23 16:00:00,22.589,22.589,22.589,22.589,22.589,22.589,22.589,22.589,22.589,22.589,22.589,22.589
2011-03-23 17:00:00,23.316,23.316,23.316,23.316,23.316,23.316,23.316,23.316,23.316,23.316,23.316,23.316
2011-03-23 18:00:00,23.316,23.316,23.316,23.316,23.316,23.316,23.316,23.316,23.316,23.316,23.316,23.316
2011-03-23 19:00:00,23.316,23.316,23.316,23.316,23.316,23.316,23.316,23.316,23.316,23.316,23.316,23.316
2011-03-23 20:00:00,23.316,23.316,23.316,23.316,23.316,23.316,23.316,23.316,23.316,23.316,23.316,23.316
2011-03-23 21:00:00,23.316,23.316,23.316,23.316,23.316,23.316,23.316,23.316,23.316,23.316,23.316,23.316
2011-03-23 22:00:00,23.316,23.316,23.316,23.316,23.316,23.316,23.316,23.316,23.316,23.316,23.316,23.316
2011-03-23 23:00:00,23.316,23.316,23.316,23.316,23.316,23.316,23.316,23.316,23.316,23.316,23.316,23.316
2011-03-24 00:00:00,18.754,18.754,18.754,18.754,18.754,18.754,18.754,18.754,18.754,18.754,18.754,18.754
2011-03-24 01:00:00,18.754,18.754,18.754,18.754,18.754,18.754,18.754,18.754,18.754,18.754,18.754,18.754
2011-03-24 02:00:00,18.754,18.754,18.754,18.754,18.754,18.754,18.754,18.754,18.754,18.754,18.754,18.754
2011-03-24 03:00:00,18.754,18.754,18.754,18.754,18.754,18.754,18.754,18.754,18.754,18.754,18.754,18.754
2011-03-24 04:00:00,18.754,18.754,18.754,18.754,18.754,18.754,18.754,18.754,18.754,18.754,18.754,18.754
2011-03-24 05:00:00,18.754,18.754,18.754,18.754,18.754,18.754,18.754,18.754,18.754,18.754,18.754,18.754
2011-03-24 06:00:00,18.025,18.025,18.025,18.025,18.025,18.025,18.025,18.025,18.025,18.025,18.025,18.025
2011-03-24 07:00:00,7.659,7.659,7.659,7.659,7.659,7.659,7.659,7.659,7.659,7.659,7.659,7.659
2011-03-24 08:00:00,3.764,3.764,3.764,3.764,3.764,3.764,3.764,3.764,3.764,3.764,3.764,3.764
2011-03-24 09:00:00,3.334,3.334,3.334,3.334,3.334,3.334,3.334,3.334,3.334,3.334,3.334,3.334
2011-03-24 10:00:00,3.275,3.275,3.275,3.275,3.275,3.275,3.275,3.275,3.275,3.275,3.275,3.275
2011-03-24 11:00:00,3.275,3.275,3.275,3.275,3.275,3.275,3.275,3.275,3.275,3.275,3.275,3.275
2011-03-24 12:00:00,3.275,3.275,3.275,3.275,3.275,3.275,3.275,3.275,3.275,3.275,3.275,3.275
2011-03-24 13:00:00,3.334,3.334,3.334,3.334,3.334,3.334,3.334,3.334,3.334,3.334,3.334,3.334
2011-03-24 14:00:00,3.385,3.385,3.385,3.385,3.385,3.385,3.385,3.385,3.385,3.385,3.385,3.385
2011-03-24 15:00:00,9.554,9.554,9.554,9.554,9.554,9.554,9.554,9.554,9.554,9.554,9.554,9.554
2011-03-24 16:00:00,18.088,18.088,18.088,18.088,18.088,18.088,18.088,18.088,18.088,18.088,18.088,18.088
2011-03-24 17:00:00,18.754,18.754,18.754,18.754,18.754,18.754,18.754,18.754,18.754,18.754,18.754,18.754
2011-03-24 18:00:00,18.754,18.754,18.754,18.754,18.754,18.754,18.754,18.754,18.754,18.754,18.754,18.754
2011-03-24 19:00:00,18.754,18.754,18.754,18.754,18.754,18.754,18.754,18.754,18.754,18.754,18.754,18.754
2011-03-24 20:00:00,18.754,18.754,18.754,18.754,18.754,18.754,18.754,18.754,18.754,18.754,18.754,18.754
2011-03-24 21:00:00,18.754,18.754,18.754,18.754,18.754,18.754,18.754,18.754,18.754,18.754,18.754,18.754
2011-03-24 22:00:00,18.754,18.754,18.754,18.754,18.754,18.754,18.754,18.754,18.754,18.754,18.754,18.754
2011-03-24 23:00:00,18.754,18.754,18.754,18.754,18.754,18.754,18.754,18.754,18.754,18.754,18.754,18.754
2011-03-25 00:00:00,17.346,17.346,17.346,17.346,17.346,17.346,17.346,17.346,17.346,17.346,17.346,17.346
2011-03-25 01:00:00,17.346,17.346,17.346,17.346,17.346,17.346,17.346,17.346,17.346,17.346,17.346,17.346
2011-03-25 02:00:00,17.346,17.346,17.346,17.346,17.346,17.346,17.346,17.346,17.346,17.346,17.346,17.346
2011-03-25 03:00:00,17.346,17.346,17.346,17.346,17.346,17.346,17.346,17.346,17.346,17.346,17.346,17.346
2011-03-25 04:00:00,17.346,17.346,17.346,17.346,17.346,17.346,17.346,17.346,17.346,17.346,17.346,17.346
2011-03-25 05:00:00,17.346,17.346,17.346,17.346,17.346,17.346,17.346,17.346,17.346,17.346,17.346,17.346
2011-03-25 06:00:00,15.131,15.131,15.131,15.131,15.131,15.131,15.131,15.131,15.131,15.131,15.131,15.131
2011-03-25 07:00:00,12.715,12.715,12.715,12.715,12.715,12.715,12.715,12.715,12.715,12.715,12.715,12.715
2011-03-25 08:00:00,12.29,12.29,12.29,12.29,12.29,12.29,12.29,12.29,12.29,12.29,12.29,12.29
2011-03-25 09:00:00,12.16,12.16,12.16,12.16,12.16,12.16,12.16,12.16,12.16,12.16,12.16,12.16
2011-03-25 10:00:00,12.159,12.159,12.159,12.159,12.159,12.159,12.159,12.159,12.159,12.159,12.159,12.159
2011-03-25 11:00:00,9.888,9.888,9.888,9.888,9.888,9.888,9.888,9.888,9.888,9.888,9.888,9.888
2011-03-25 12:00:00,9.606,9.606,9.606,9.606,9.606,9.606,9.606,9.606,9.606,9.606,9.606,9.606
2011-03-25 13:00:00,9.606,9.606,9.606,9.606,9.606,9.606,9.606,9.606,9.606,9.606,9.606,9.606
2011-03-25 14:00:00,10.825,10.825,10.825,10.825,10.825,10.825,10.825,10.825,10.825,10.825,10.825,10.825
2011-03-25 15:00:00,14.284,14.284,14.284,14.284,14.284,14.284,14.284,14.284,14.284,14.284,14.284,14.284
2011-03-25 16:00:00,14.702,14.702,14.702,14.702,14.702,14.702,14.702,14.702,14.702,14.702,14.702,14.702
2011-03-25 17:00:00,17.346,17.346,17.346,17.346,17.346,17.346,17.346,17.346,17.346,17.346,17.346,17.346
2011-03-25 18:00:00,23.898,23.898,23.898,23.898,23.898,23.898,23.898,23.898,23.898,23.898,23.898,23.898
2011-03-25 19:00:00,23.898,23.898,23.898,23.898,23.898,23.898,23.898,23.898,23.898,23.898,23.898,23.898
2011-03-25 20:00:00,23.898,23.898,23.898,23.898,23.898,23.898,23.898,23.898,23.898,23.898,23.898,23.898
2011-03-25 21:00:00,23.898,23.898,23.898,23.898,23.898,23.898,23.898,23.898,23.898,23.898,23.898,23.898
2011-03-25 22:00:00,23.898,23.898,23.898,23.898,23.898,23.898,23.898,23.898,23.898,23.898,23.898,23.898
2011-03-25 23:00:00,23.898,23.898,23.898,23.898,23.898,23.898,23.898,23.898,23.898,23.898,23.898,23.898
2011-03-26 00:00:00,38.827,38.827,38.827,38.827,38.827,38.827,38.827,38.827,38.827,38.827,38.827,38.827
2011-03-26 01:00:00,38.827,38.827,38.827,38.827,38.827,38.827,38.827,38.827,38.827,38.827,38.827,38.827
2011-03-26 02:00:00,38.827,38.827,38.827,38.827,38.827,38.827,38.827,38.827,38.827,38.827,38.827,38.827
2011-03-26 03:00:00,38.827,38.827,38.827,38.827,38.827,38.827,38.827,38.827,38.827,38.827,38.827,38.827
2011-03-26 04:00:00,38.827,38.827,38.827,38.827,38.827,38.827,38.827,38.827,38.827,38.827,38.827,38.827
2011-03-26 05:00:00,38.827,38.827,38.827,38.827,38.827,38.827,38.827,38.827,38.827,38.827,38.827,38.827
2011-03-26 06:00:00,38.827,38.827,38.827,38.827,38.827,38.827,38.827,38.827,38.827,38.827,38.827,38.827
2011-03-26 07:00:00,15.572,15.572,15.572,15.572,15.572,15.572,15.572,15.572,15.572,15.572,15.572,15.572
2011-03-26 08:00:00,14.9,14.9,14.9,14.9,14.9,14.9,14.9,14.9,14.9,14.9,14.9,14.9
2011-03-26 09:00:00,14.397,14.397,14.397,14.397,14.397,14.397,14.397,14.397,14.397,14.397,14.397,14.397
2011-03-26 10:00:00,13.872,13.872,13.872,13.872,13.872,13.872,13.872,13.872,13.872,13.872,13.872,13.872
2011-03-26 11:00:00,13.537,13.537,13.537,13.537,13.537,13.537,13.537,13.537,13.537,13.537,13.537,13.537
2011-03-26 12:00:00,13.537,13.537,13.537,13.537,13.537,13.537,13.537,13.537,13.537,13.537,13.537,13.537
2011-03-26 13:00:00,13.673,13.673,13.673,13.673,13.673,13.673,13.673,13.673,13.673,13.673,13.673,13.673
2011-03-26 14:00:00,13.944,13.944,13.944,13.944,13.944,13.944,13.944,13.944,13.944,13.944,13.944,13.944
2011-03-26 15:00:00,15.708,15.708,15.708,15.708,15.708,15.708,15.708,15.708,15.708,15.708,15.708,15.708
2011-03-26 16:00:00,16.317,16.317,16.317,16.317,16.317,16.317,16.317,16.317,16.317,16.317,16.317,16.317
2011-03-26 17:00:00,38.827,38.827,38.827,38.827,38.827,38.827,38.827,38.827,38.827,38.827,38.827,38.827
2011-03-26 18:00:00,39.536,39.536,39.536,39.536,39.536,39.536,39.536,39.536,39.536,39.536,39.536,39.536
2011-03-26 19:00:00,38.933,38.933,38.933,38.933,38.933,38.933,38.933,38.933,38.933,38.933,38.933,38.933
2011-03-26 20:00:00,38.827,38.827,38.827,38.827,38.827,38.827,38.827,38.827,38.827,38.827,38.827,38.827
2011-03-26 21:00:00,38.827,38.827,38.827,38.827,38.827,38.827,38.827,38.827,38.827,38.827,38.827,38.827
2011-03-26 22:00:00,38.827,38.827,38.827,38.827,38.827,38.827,38.827,38.827,38.827,38.827,38.827,38.827
2011-03-26 23:00:00,38.827,38.827,38.827,38.827,38.827,38.827,38.827,38.827,38.827,38.827,38.827,38.827
2011-03-27 00:00:00,21.717,21.717,21.717,21.717,21.717,21.717,21.717,21.717,21.717,21.717,21.717,21.717
2011-03-27 01:00:00,16.844,16.844,16.844,16.844,16.844,16.844,16.844,16.844,16.844,16.844,16.844,16.844
2011-03-27 02:00:00,16.108,16.108,16.108,16.108,16.108,16.108,16.108,16.108,16.108,16.108,16.108,16.108
2011-03-27 03:00:00,16.12,16.12,16.12,16.12,16.12,16.12,16.12,16.12,16.12,16.12,16.12,16.12
2011-03-27 04:00:00,21.807,21.807,21.807,21.807,21.807,21.807,21.807,21.807,21.807,21.807,21.807,21.807
2011-03-27 05:00:00,21.807,21.807,21.807,21.807,21.807,21.807,21.807,21.807,21.807,21.807,21.807,21.807
2011-03-27 06:00:00,15.828,15.828,15.828,15.828,15.828,15.828,15.828,15.828,15.828,15.828,15.828,15.828
2011-03-27 07:00:00,14.956,14.956,14.956,14.956,14.956,14.956,14.956,14.956,14.956,14.956,14.956,14.956
2011-03-27 08:00:00,14.022,14.022,14.022,14.022,14.022,14.022,14.022,14.022,14.022,14.022,14.022,14.022
2011-03-27 09:00:00,12.102,12.102,12.102,12.102,12.102,12.102,12.102,12.102,12.102,12.102,12.102,12.102
2011-03-27 10:00:00,12.102,12.102,12.102,12.102,12.102,12.102,12.102,12.102,12.102,12.102,12.102,12.102
2011-03-27 11:00:00,12.102,12.102,12.102,12.102,12.102,12.102,12.102,12.102,12.102,12.102,12.102,12.102
2011-03-27 12:00:00,12.102,12.102,12.102,12.102,12.102,12.102,12.102,12.102,12.102,12.102,12.102,12.102
2011-03-27 13:00:00,12.102,12.102,12.102,12.102,12.102,12.102,12.102,12.102,12.102,12.102,12.102,12.102
2011-03-27 14:00:00,14.14,14.14,14.14,14.14,14.14,14.14,14.14,14.14,14.14,14.14,14.14,14.14
2011-03-27 15:00:00,15.638,15.638,15.638,15.638,15.638,15.638,15.638,15.638,15.638,15.638,15.638,15.638
2011-03-27 16:00:00,15.828,15.828,15.828,15.828,15.828,15.828,15.828,15.828,15.828,15.828,15.828,15.828
2011-03-27 17:00:00,15.828,15.828,15.828,15.828,15.828,15.828,15.828,15.828,15.828,15.828,15.828,15.828
2011-03-27 18:00:00,15.828,15.828,15.828,15.828,15.828,15.828,15.828,15.828,15.828,15.828,15.828,15.828
2011-03-27 19:00:00,15.828,15.828,15.828,15.828,15.828,15.828,15.828,15.828,15.828,15.828,15.828,15.828
2011-03-27 20:00:00,15.828,15.828,15.828,15.828,15.828,15.828,15.828,15.828,15.828,15.828,15.828,15.828
2011-03-27 21:00:00,15.828,15.828,15.828,15.828,15.828,15.828,15.828,15.828,15.828,15.828,15.828,15.828
2011-03-27 22:00:00,15.828,15.828,15.828,15.828,15.828,15.828,15.828,15.828,15.828,15.828,15.828,15.828
2011-03-27 23:00:00,15.828,15.828,15.828,15.828,15.828,15.828,15.828,15.828,15.828,15.828,15.828,15.828
2011-03-28 00:00:00,23.279,23.279,23.279,23.279,23.279,23.279,23.279,23.279,23.279,23.279,23.279,23.279
2011-03-28 01:00:00,23.279,23.279,23.279,23.279,23.279,23.279,23.279,23.279,23.279,23.279,23.279,23.279
2011-03-28 02:00:00,23.279,23.279,23.279,23.279,23.279,23.279,23.279,23.279,23.279,23.279,23.279,23.279
2011-03-28 03:00:00,23.279,23.279,23.279,23.279,23.279,23.279,23.279,23.279,23.279,23.279,23.279,23.279
2011-03-28 04:00:00,23.279,23.279,23.279,23.279,23.279,23.279,23.279,23.279,23.279,23.279,23.279,23.279
2011-03-28 05:00:00,23.279,23.279,23.279,23.279,23.279,23.279,23.279,23.279,23.279,23.279,23.279,23.279
2011-03-28 06:00:00,21.311,21.311,21.311,21.311,21.311,21.311,21.311,21.311,21.311,21.311,21.311,21.311
2011-03-28 07:00:00,19.189,19.189,19.189,19.189,19.189,19.189,19.189,19.189,19.189,19.189,19.189,19.189
2011-03-28 08:00:00,20.913,20.913,20.913,20.913,20.913,20.913,20.913,20.913,20.913,20.913,20.913,20.913
2011-03-28 09:00:00,20.045,20.045,20.045,20.045,20.045,20.045,20.045,20.045,20.045,20.045,20.045,20.045
2011-03-28 10:00:00,20.922,20.922,20.922,20.922,20.922,20.922,20.922,20.922,20.922,20.922,20.922,20.922
2011-03-28 11:00:00,19.306,19.306,19.306,19.306,19.306,19.306,19.306,19.306,19.306,19.306,19.306,19.306
2011-03-28 12:00:00,19.306,19.306,19.306,19.306,19.306,19.306,19.306,19.306,19.306,19.306,19.306,19.306
2011-03-28 13:00:00,20.489,20.489,20.489,20.489,20.489,20.489,20.489,20.489,20.489,20.489,20.489,20.489
2011-03-28 14:00:00,20.783,20.783,20.783,20.783,20.783,20.783,20.783,20.783,20.783,20.783,20.783,20.783
2011-03-28 15:00:00,22.017,22.017,22.017,22.017,22.017,22.017,22.017,22.017,22.017,22.017,22.017,22.017
2011-03-28 16:00:00,23.279,23.279,23.279,23.279,23.279,23.279,23.279,23.279,23.279,23.279,23.279,23.279
2011-03-28 17:00:00,26.04,26.04,26.04,26.04,26.04,26.04,26.04,26.04,26.04,26.04,26.04,26.04
2011-03-28 18:00:00,27.032,27.032,27.032,27.032,27.032,27.032,27.032,27.032,27.032,27.032,27.032,27.032
2011-03-28 19:00:00,26.251,26.251,26.251,26.251,26.251,26.251,26.251,26.251,26.251,26.251,26.251,26.251
2011-03-28 20:00:00,25.41,25.41,25.41,25.41,25.41,25.41,25.41,25.41,25.41,25.41,25.41,25.41
2011-03-28 21:00:00,25.12,25.12,25.12,25.12,25.12,25.12,25.12,25.12,25.12,25.12,25.12,25.12
2011-03-28 22:00:00,23.656,23.656,23.656,23.656,23.656,23.656,23.656,23.656,23.656,23.656,23.656,23.656
2011-03-28 23:00:00,23.723,23.723,23.723,23.723,23.723,23.723,23.723,23.723,23.723,23.723,23.723,23.723
2011-03-29 00:00:00,26.258,26.258,26.258,26.258,26.258,26.258,26.258,26.258,26.258,26.258,26.258,26.258
2011-03-29 01:00:00,26.258,26.258,26.258,26.258,26.258,26.258,26.258,26.258,26.258,26.258,26.258,26.258
2011-03-29 02:00:00,26.258,26.258,26.258,26.258,26.258,26.258,26.258,26.258,26.258,26.258,26.258,26.258
2011-03-29 03:00:00,26.258,26.258,26.258,26.258,26.258,26.258,26.258,26.258,26.258,26.258,26.258,26.258
2011-03-29 04:00:00,26.258,26.258,26.258,26.258,26.258,26.258,26.258,26.258,26.258,26.258,26.258,26.258
2011-03-29 05:00:00,36.741,36.741,36.741,36.741,36.741,36.741,36.741,36.741,36.741,36.741,36.741,36.741
2011-03-29 06:00:00,25.946,25.946,25.946,25.946,25.946,25.946,25.946,25.946,25.946,25.946,25.946,25.946
2011-03-29 07:00:00,22.157,22.157,22.157,22.157,22.157,22.157,22.157,22.157,22.157,22.157,22.157,22.157
2011-03-29 08:00:00,21.493,21.493,21.493,21.493,21.493,21.493,21.493,21.493,21.493,21.493,21.493,21.493
2011-03-29 09:00:00,20.843,20.843,20.843,20.843,20.843,20.843,20.843,20.843,20.843,20.843,20.843,20.843
2011-03-29 10:00:00,20.843,20.843,20.843,20.843,20.843,20.843,20.843,20.843,20.843,20.843,20.843,20.843
2011-03-29 11:00:00,17.883,17.883,17.883,17.883,17.883,17.883,17.883,17.883,17.883,17.883,17.883,17.883
2011-03-29 12:00:00,17.883,17.883,17.883,17.883,17.883,17.883,17.883,17.883,17.883,17.883,17.883,17.883
2011-03-29 13:00:00,17.883,17.883,17.883,17.883,17.883,17.883,17.883,17.883,17.883,17.883,17.883,17.883
2011-03-29 14:00:00,17.996,17.996,17.996,17.996,17.996,17.996,17.996,17.996,17.996,17.996,17.996,17.996
2011-03-29 15:00:00,21.363,21.363,21.363,21.363,21.363,21.363,21.363,21.363,21.363,21.363,21.363,21.363
2011-03-29 16:00:00,26.258,26.258,26.258,26.258,26.258,26.258,26.258,26.258,26.258,26.258,26.258,26.258
2011-03-29 17:00:00,26.258,26.258,26.258,26.258,26.258,26.258,26.258,26.258,26.258,26.258,26.258,26.258
2011-03-29 18:00:00,26.258,26.258,26.258,26.258,26.258,26.258,26.258,26.258,26.258,26.258,26.258,26.258
2011-03-29 19:00:00,26.258,26.258,26.258,26.258,26.258,26.258,26.258,26.258,26.258,26.258,26.258,26.258
2011-03-29 20:00:00,26.258,26.258,26.258,26.258,26.258,26.258,26.258,26.258,26.258,26.258,26.258,26.258
2011-03-29 21:00:00,26.258,26.258,26.258,26.258,26.258,26.258,26.258,26.258,26.258,26.258,26.258,26.258
2011-03-29 22:00:00,26.456,26.456,26.456,26.456,26.456,26.456,26.456,26.456,26.456,26.456,26.456,26.456
2011-03-29 23:00:00,26.743,26.743,26.743,26.743,26.743,26.743,26.743,26.743,26.743,26.743,26.743,26.743
2011-03-30 00:00:00,25.553,25.553,25.553,25.553,25.553,25.553,25.553,25.553,25.553,25.553,25.553,25.553
2011-03-30 01:00:00,25.553,25.553,25.553,25.553,25.553,25.553,25.553,25.553,25.553,25.553,25.553,25.553
2011-03-30 02:00:00,25.553,25.553,25.553,25.553,25.553,25.553,25.553,25.553,25.553,25.553,25.553,25.553
2011-03-30 03:00:00,25.553,25.553,25.553,25.553,25.553,25.553,25.553,25.553,25.553,25.553,25.553,25.553
2011-03-30 04:00:00,25.553,25.553,25.553,25.553,25.553,25.553,25.553,25.553,25.553,25.553,25.553,25.553
2011-03-30 05:00:00,28.816,28.816,28.816,28.816,28.816,28.816,28.816,28.816,28.816,28.816,28.816,28.816
2011-03-30 06:00:00,24.475,24.475,24.475,24.475,24.475,24.475,24.475,24.475,24.475,24.475,24.475,24.475
2011-03-30 07:00:00,22.088,22.088,22.088,22.088,22.088,22.088,22.088,22.088,22.088,22.088,22.088,22.088
2011-03-30 08:00:00,21.948,21.948,21.948,21.948,21.948,21.948,21.948,21.948,21.948,21.948,21.948,21.948
2011-03-30 09:00:00,21.065,21.065,21.065,21.065,21.065,21.065,21.065,21.065,21.065,21.065,21.065,21.065
2011-03-30 10:00:00,21.062,21.062,21.062,21.062,21.062,21.062,21.062,21.062,21.062,21.062,21.062,21.062
2011-03-30 11:00:00,21.165,21.165,21.165,21.165,21.165,21.165,21.165,21.165,21.165,21.165,21.165,21.165
2011-03-30 12:00:00,21.165,21.165,21.165,21.165,21.165,21.165,21.165,21.165,21.165,21.165,21.165,21.165
2011-03-30 13:00:00,21.191,21.191,21.191,21.191,21.191,21.191,21.191,21.191,21.191,21.191,21.191,21.191
2011-03-30 14:00:00,22.034,22.034,22.034,22.034,22.034,22.034,22.034,22.034,22.034,22.034,22.034,22.034
2011-03-30 15:00:00,26.032,26.032,26.032,26.032,26.032,26.032,26.032,26.032,26.032,26.032,26.032,26.032
2011-03-30 16:00:00,26.795,26.795,26.795,26.795,26.795,26.795,26.795,26.795,26.795,26.795,26.795,26.795
2011-03-30 17:00:00,26.795,26.795,26.795,26.795,26.795,26.795,26.795,26.795,26.795,26.795,26.795,26.795
2011-03-30 18:00:00,25.553,25.553,25.553,25.553,25.553,25.553,25.553,25.553,25.553,25.553,25.553,25.553
2011-03-30 19:00:00,25.553,25.553,25.553,25.553,25.553,25.553,25.553,25.553,25.553,25.553,25.553,25.553
2011-03-30 20:00:00,25.553,25.553,25.553,25.553,25.553,25.553,25.553,25.553,25.553,25.553,25.553,25.553
2011-03-30 21:00:00,25.553,25.553,25.553,25.553,25.553,25.553,25.553,25.553,25.553,25.553,25.553,25.553
2011-03-30 22:00:00,25.553,25.553,25.553,25.553,25.553,25.553,25.553,25.553,25.553,25.553,25.553,25.553
2011-03-30 23:00:00,25.553,25.553,25.553,25.553,25.553,25.553,25.553,25.553,25.553,25.553,25.553,25.553
2011-03-31 00:00:00,21.005,21.005,21.005,21.005,21.005,21.005,21.005,21.005,21.005,21.005,21.005,21.005
2011-03-31 01:00:00,21.005,21.005,21.005,21.005,21.005,21.005,21.005,21.005,21.005,21.005,21.005,21.005
2011-03-31 02:00:00,21.005,21.005,21.005,21.005,21.005,21.005,21.005,21.005,21.005,21.005,21.005,21.005
2011-03-31 03:00:00,21.005,21.005,21.005,21.005,21.005,21.005,21.005,21.005,21.005,21.005,21.005,21.005
2011-03-31 04:00:00,21.005,21.005,21.005,21.005,21.005,21.005,21.005,21.005,21.005,21.005,21.005,21.005
2011-03-31 05:00:00,21.049,21.049,21.049,21.049,21.049,21.049,21.049,21.049,21.049,21.049,21.049,21.049
2011-03-31 06:00:00,21.049,21.049,21.049,21.049,21.049,21.049,21.049,21.049,21.049,21.049,21.049,21.049
2011-03-31 07:00:00,20.121,20.121,20.121,20.121,20.121,20.121,20.121,20.121,20.121,20.121,20.121,20.121
2011-03-31 08:00:00,19.329,19.329,19.329,19.329,19.329,19.329,19.329,19.329,19.329,19.329,19.329,19.329
2011-03-31 09:00:00,19.124,19.124,19.124,19.124,19.124,19.124,19.124,19.124,19.124,19.124,19.124,19.124
2011-03-31 10:00:00,19.398,19.398,19.398,19.398,19.398,19.398,19.398,19.398,19.398,19.398,19.398,19.398
2011-03-31 11:00:00,16.085,16.085,16.085,16.085,16.085,16.085,16.085,16.085,16.085,16.085,16.085,16.085
2011-03-31 12:00:00,16.055,16.055,16.055,16.055,16.055,16.055,16.055,16.055,16.055,16.055,16.055,16.055
2011-03-31 13:00:00,16.055,16.055,16.055,16.055,16.055,16.055,16.055,16.055,16.055,16.055,16.055,16.055
2011-03-31 14:00:00,16.055,16.055,16.055,16.055,16.055,16.055,16.055,16.055,16.055,16.055,16.055,16.055
2011-03-31 15:00:00,19.041,19.041,19.041,19.041,19.041,19.041,19.041,19.041,19.041,19.041,19.041,19.041
2011-03-31 16:00:00,20.956,20.956,20.956,20.956,20.956,20.956,20.956,20.956,20.956,20.956,20.956,20.956
2011-03-31 17:00:00,20.956,20.956,20.956,20.956,20.956,20.956,20.956,20.956,20.956,20.956,20.956,20.956
2011-03-31 18:00:00,20.956,20.956,20.956,20.956,20.956,20.956,20.956,20.956,20.956,20.956,20.956,20.956
2011-03-31 19:00:00,20.956,20.956,20.956,20.956,20.956,20.956,20.956,20.956,20.956,20.956,20.956,20.956
2011-03-31 20:00:00,20.956,20.956,20.956,20.956,20.956,20.956,20.956,20.956,20.956,20.956,20.956,20.956
2011-03-31 21:00:00,20.956,20.956,20.956,20.956,20.956,20.956,20.956,20.956,20.956,20.956,20.956,20.956
2011-03-31 22:00:00,20.956,20.956,20.956,20.956,20.956,20.956,20.956,20.956,20.956,20.956,20.956,20.956
2011-03-31 23:00:00,20.956,20.956,20.956,20.956,20.956,20.956,20.956,20.956,20.956,20.956,20.956,20.956
2011-04-01 00:00:00,20.167,20.167,20.167,20.167,20.167,20.167,20.167,20.167,20.167,20.167,20.167,20.167
2011-04-01 01:00:00,20.167,20.167,20.167,20.167,20.167,20.167,20.167,20.167,20.167,20.167,20.167,20.167
2011-04-01 02:00:00,20.167,20.167,20.167,20.167,20.167,20.167,20.167,20.167,20.167,20.167,20.167,20.167
2011-04-01 03:00:00,20.167,20.167,20.167,20.167,20.167,20.167,20.167,20.167,20.167,20.167,20.167,20.167
2011-04-01 04:00:00,20.167,20.167,20.167,20.167,20.167,20.167,20.167,20.167,20.167,20.167,20.167,20.167
2011-04-01 05:00:00,20.167,20.167,20.167,20.167,20.167,20.167,20.167,20.167,20.167,20.167,20.167,20.167
2011-04-01 06:00:00,19.42,19.42,19.42,19.42,19.42,19.42,19.42,19.42,19.42,19.42,19.42,19.42
2011-04-01 07:00:00,18.669,18.669,18.669,18.669,18.669,18.669,18.669,18.669,18.669,18.669,18.669,18.669
2011-04-01 08:00:00,17.714,17.714,17.714,17.714,17.714,17.714,17.714,17.714,17.714,17.714,17.714,17.714
2011-04-01 09:00:00,17.703,17.703,17.703,17.703,17.703,17.703,17.703,17.703,17.703,17.703,17.703,17.703
2011-04-01 10:00:00,17.408,17.408,17.408,17.408,17.408,17.408,17.408,17.408,17.408,17.408,17.408,17.408
2011-04-01 11:00:00,13.011,13.011,13.011,13.011,13.011,13.011,13.011,13.011,13.011,13.011,13.011,13.011
2011-04-01 12:00:00,13.011,13.011,13.011,13.011,13.011,13.011,13.011,13.011,13.011,13.011,13.011,13.011
2011-04-01 13:00:00,13.011,13.011,13.011,13.011,13.011,13.011,13.011,13.011,13.011,13.011,13.011,13.011
2011-04-01 14:00:00,18.06,18.06,18.06,18.06,18.06,18.06,18.06,18.06,18.06,18.06,18.06,18.06
2011-04-01 15:00:00,19.59,19.59,19.59,19.59,19.59,19.59,19.59,19.59,19.59,19.59,19.59,19.59
2011-04-01 16:00:00,20.235,20.235,20.235,20.235,20.235,20.235,20.235,20.235,20.235,20.235,20.235,20.235
2011-04-01 17:00:00,20.167,20.167,20.167,20.167,20.167,20.167,20.167,20.167,20.167,20.167,20.167,20.167
2011-04-01 18:00:00,20.167,20.167,20.167,20.167,20.167,20.167,20.167,20.167,20.167,20.167,20.167,20.167
2011-04-01 19:00:00,20.167,20.167,20.167,20.167,20.167,20.167,20.167,20.167,20.167,20.167,20.167,20.167
2011-04-01 20:00:00,20.167,20.167,20.167,20.167,20.167,20.167,20.167,20.167,20.167,20.167,20.167,20.167
2011-04-01 21:00:00,20.167,20.167,20.167,20.167,20.167,20.167,20.167,20.167,20.167,20.167,20.167,20.167
2011-04-01 22:00:00,20.167,20.167,20.167,20.167,20.167,20.167,20.167,20.167,20.167,20.167,20.167,20.167
2011-04-01 23:00:00,20.167,20.167,20.167,20.167,20.167,20.167,20.167,20.167,20.167,20.167,20.167,20.167
2011-04-02 00:00:00,18.546,18.546,18.546,18.546,18.546,18.546,18.546,18.546,18.546,18.546,18.546,18.546
2011-04-02 01:00:00,18.546,18.546,18.546,18.546,18.546,18.546,18.546,18.546,18.546,18.546,18.546,18.546
2011-04-02 02:00:00,18.546,18.546,18.546,18.546,18.546,18.546,18.546,18.546,18.546,18.546,18.546,18.546
2011-04-02 03:00:00,18.546,18.546,18.546,18.546,18.546,18.546,18.546,18.546,18.546,18.546,18.546,18.546
2011-04-02 04:00:00,18.546,18.546,18.546,18.546,18.546,18.546,18.546,18.546,18.546,18.546,18.546,18.546
2011-04-02 05:00:00,18.719,18.719,18.719,18.719,18.719,18.719,18.719,18.719,18.719,18.719,18.719,18.719
2011-04-02 06:00:00,18.546,18.546,18.546,18.546,18.546,18.546,18.546,18.546,18.546,18.546,18.546,18.546
2011-04-02 07:00:00,18.099,18.099,18.099,18.099,18.099,18.099,18.099,18.099,18.099,18.099,18.099,18.099
2011-04-02 08:00:00,3.916,3.916,3.916,3.916,3.916,3.916,3.916,3.916,3.916,3.916,3.916,3.916
2011-04-02 09:00:00,3.423,3.423,3.423,3.423,3.423,3.423,3.423,3.423,3.423,3.423,3.423,3.423
2011-04-02 10:00:00,3.444,3.444,3.444,3.444,3.444,3.444,3.444,3.444,3.444,3.444,3.444,3.444
2011-04-02 11:00:00,3.341,3.341,3.341,3.341,3.341,3.341,3.341,3.341,3.341,3.341,3.341,3.341
2011-04-02 12:00:00,3.341,3.341,3.341,3.341,3.341,3.341,3.341,3.341,3.341,3.341,3.341,3.341
2011-04-02 13:00:00,3.341,3.341,3.341,3.341,3.341,3.341,3.341,3.341,3.341,3.341,3.341,3.341
2011-04-02 14:00:00,4.296,4.296,4.296,4.296,4.296,4.296,4.296,4.296,4.296,4.296,4.296,4.296
2011-04-02 15:00:00,18.304,18.304,18.304,18.304,18.304,18.304,18.304,18.304,18.304,18.304,18.304,18.304
2011-04-02 16:00:00,18.447,18.447,18.447,18.447,18.447,18.447,18.447,18.447,18.447,18.447,18.447,18.447
2011-04-02 17:00:00,18.506,18.506,18.506,18.506,18.506,18.506,18.506,18.506,18.506,18.506,18.506,18.506
2011-04-02 18:00:00,18.506,18.506,18.506,18.506,18.506,18.506,18.506,18.506,18.506,18.506,18.506,18.506
2011-04-02 19:00:00,18.506,18.506,18.506,18.506,18.506,18.506,18.506,18.506,18.506,18.506,18.506,18.506
2011-04-02 20:00:00,18.506,18.506,18.506,18.506,18.506,18.506,18.506,18.506,18.506,18.506,18.506,18.506
2011-04-02 21:00:00,18.506,18.506,18.506,18.506,18.506,18.506,18.506,18.506,18.506,18.506,18.506,18.506
2011-04-02 22:00:00,18.506,18.506,18.506,18.506,18.506,18.506,18.506,18.506,18.506,18.506,18.506,18.506
2011-04-02 23:00:00,18.506,18.506,18.506,18.506,18.506,18.506,18.506,18.506,18.506,18.506,18.506,18.506
2011-04-03 00:00:00,24.252,24.252,24.252,24.252,24.252,24.252,24.252,24.252,24.252,24.252,24.252,24.252
2011-04-03 01:00:00,24.252,24.252,24.252,24.252,24.252,24.252,24.252,24.252,24.252,24.252,24.252,24.252
2011-04-03 02:00:00,24.252,24.252,24.252,24.252,24.252,24.252,24.252,24.252,24.252,24.252,24.252,24.252
2011-04-03 03:00:00,24.252,24.252,24.252,24.252,24.252,24.252,24.252,24.252,24.252,24.252,24.252,24.252
2011-04-03 04:00:00,24.252,24.252,24.252,24.252,24.252,24.252,24.252,24.252,24.252,24.252,24.252,24.252
2011-04-03 05:00:00,24.252,24.252,24.252,24.252,24.252,24.252,24.252,24.252,24.252,24.252,24.252,24.252
2011-04-03 06:00:00,24.252,24.252,24.252,24.252,24.252,24.252,24.252,24.252,24.252,24.252,24.252,24.252
2011-04-03 07:00:00,23.624,23.624,23.624,23.624,23.624,23.624,23.624,23.624,23.624,23.624,23.624,23.624
2011-04-03 08:00:00,20.855,20.855,20.855,20.855,20.855,20.855,20.855,20.855,20.855,20.855,20.855,20.855
2011-04-03 09:00:00,19.028,19.028,19.028,19.028,19.028,19.028,19.028,19.028,19.028,19.028,19.028,19.028
2011-04-03 10:00:00,19.028,19.028,19.028,19.028,19.028,19.028,19.028,19.028,19.028,19.028,19.028,19.028
2011-04-03 11:00:00,19.028,19.028,19.028,19.028,19.028,19.028,19.028,19.028,19.028,19.028,19.028,19.028
2011-04-03 12:00:00,19.028,19.028,19.028,19.028,19.028,19.028,19.028,19.028,19.028,19.028,19.028,19.028
2011-04-03 13:00:00,19.028,19.028,19.028,19.028,19.028,19.028,19.028,19.028,19.028,19.028,19.028,19.028
2011-04-03 14:00:00,21.771,21.771,21.771,21.771,21.771,21.771,21.771,21.771,21.771,21.771,21.771,21.771
2011-04-03 15:00:00,24.209,24.209,24.209,24.209,24.209,24.209,24.209,24.209,24.209,24.209,24.209,24.209
2011-04-03 16:00:00,24.322,24.322,24.322,24.322,24.322,24.322,24.322,24.322,24.322,24.322,24.322,24.322
2011-04-03 17:00:00,24.794,24.794,24.794,24.794,24.794,24.794,24.794,24.794,24.794,24.794,24.794,24.794
2011-04-03 18:00:00,24.399,24.399,24.399,24.399,24.399,24.399,24.399,24.399,24.399,24.399,24.399,24.399
2011-04-03 19:00:00,24.399,24.399,24.399,24.399,24.399,24.399,24.399,24.399,24.399,24.399,24.399,24.399
2011-04-03 20:00:00,24.252,24.252,24.252,24.252,24.252,24.252,24.252,24.252,24.252,24.252,24.252,24.252
2011-04-03 21:00:00,24.252,24.252,24.252,24.252,24.252,24.252,24.252,24.252,24.252,24.252,24.252,24.252
2011-04-03 22:00:00,24.399,24.399,24.399,24.399,24.399,24.399,24.399,24.399,24.399,24.399,24.399,24.399
2011-04-03 23:00:00,24.304,24.304,24.304,24.304,24.304,24.304,24.304,24.304,24.304,24.304,24.304,24.304
2011-04-04 00:00:00,22.727,22.727,22.727,22.727,22.727,22.727,22.727,22.727,22.727,22.727,22.727,22.727
2011-04-04 01:00:00,22.727,22.727,22.727,22.727,22.727,22.727,22.727,22.727,22.727,22.727,22.727,22.727
2011-04-04 02:00:00,22.727,22.727,22.727,22.727,22.727,22.727,22.727,22.727,22.727,22.727,22.727,22.727
2011-04-04 03:00:00,22.727,22.727,22.727,22.727,22.727,22.727,22.727,22.727,22.727,22.727,22.727,22.727
2011-04-04 04:00:00,22.727,22.727,22.727,22.727,22.727,22.727,22.727,22.727,22.727,22.727,22.727,22.727
2011-04-04 05:00:00,23.094,23.094,23.094,23.094,23.094,23.094,23.094,23.094,23.094,23.094,23.094,23.094
2011-04-04 06:00:00,22.22,22.22,22.22,22.22,22.22,22.22,22.22,22.22,22.22,22.22,22.22,22.22
2011-04-04 07:00:00,20.993,20.993,20.993,20.993,20.993,20.993,20.993,20.993,20.993,20.993,20.993,20.993
2011-04-04 08:00:00,17.52,17.52,17.52,17.52,17.52,17.52,17.52,17.52,17.52,17.52,17.52,17.52
2011-04-04 09:00:00,16.315,16.315,16.315,16.315,16.315,16.315,16.315,16.315,16.315,16.315,16.315,16.315
2011-04-04 10:00:00,16.031,16.031,16.031,16.031,16.031,16.031,16.031,16.031,16.031,16.031,16.031,16.031
2011-04-04 11:00:00,11.983,11.983,11.983,11.983,11.983,11.983,11.983,11.983,11.983,11.983,11.983,11.983
2011-04-04 12:00:00,11.983,11.983,11.983,11.983,11.983,11.983,11.983,11.983,11.983,11.983,11.983,11.983
2011-04-04 13:00:00,11.983,11.983,11.983,11.983,11.983,11.983,11.983,11.983,11.983,11.983,11.983,11.983
2011-04-04 14:00:00,11.983,11.983,11.983,11.983,11.983,11.983,11.983,11.983,11.983,11.983,11.983,11.983
2011-04-04 15:00:00,18.693,18.693,18.693,18.693,18.693,18.693,18.693,18.693,18.693,18.693,18.693,18.693
2011-04-04 16:00:00,22.004,22.004,22.004,22.004,22.004,22.004,22.004,22.004,22.004,22.004,22.004,22.004
2011-04-04 17:00:00,22.004,22.004,22.004,22.004,22.004,22.004,22.004,22.004,22.004,22.004,22.004,22.004
2011-04-04 18:00:00,22.004,22.004,22.004,22.004,22.004,22.004,22.004,22.004,22.004,22.004,22.004,22.004
2011-04-04 19:00:00,22.004,22.004,22.004,22.004,22.004,22.004,22.004,22.004,22.004,22.004,22.004,22.004
2011-04-04 20:00:00,22.004,22.004,22.004,22.004,22.004,22.004,22.004,22.004,22.004,22.004,22.004,22.004
2011-04-04 21:00:00,22.004,22.004,22.004,22.004,22.004,22.004,22.004,22.004,22.004,22.004,22.004,22.004
2011-04-04 22:00:00,22.004,22.004,22.004,22.004,22.004,22.004,22.004,22.004,22.004,22.004,22.004,22.004
2011-04-04 23:00:00,22.004,22.004,22.004,22.004,22.004,22.004,22.004,22.004,22.004,22.004,22.004,22.004
2011-04-05 00:00:00,21.942,21.942,21.942,21.942,21.942,21.942,21.942,21.942,21.942,21.942,21.942,21.942
2011-04-05 01:00:00,21.942,21.942,21.942,21.942,21.942,21.942,21.942,21.942,21.942,21.942,21.942,21.942
2011-04-05 02:00:00,21.942,21.942,21.942,21.942,21.942,21.942,21.942,21.942,21.942,21.942,21.942,21.942
2011-04-05 03:00:00,21.942,21.942,21.942,21.942,21.942,21.942,21.942,21.942,21.942,21.942,21.942,21.942
2011-04-05 04:00:00,21.942,21.942,21.942,21.942,21.942,21.942,21.942,21.942,21.942,21.942,21.942,21.942
2011-04-05 05:00:00,21.972,21.972,21.972,21.972,21.972,21.972,21.972,21.972,21.972,21.972,21.972,21.972
2011-04-05 06:00:00,19.569,19.569,19.569,19.569,19.569,19.569,19.569,19.569,19.569,19.569,19.569,19.569
2011-04-05 07:00:00,10.806,10.806,10.806,10.806,10.806,10.806,10.806,10.806,10.806,10.806,10.806,10.806
2011-04-05 08:00:00,10.433,10.433,10.433,10.433,10.433,10.433,10.433,10.433,10.433,10.433,10.433,10.433
2011-04-05 09:00:00,10.173,10.173,10.173,10.173,10.173,10.173,10.173,10.173,10.173,10.173,10.173,10.173
2011-04-05 10:00:00,11.071,11.071,11.071,11.071,11.071,11.071,11.071,11.071,11.071,11.071,11.071,11.071
2011-04-05 11:00:00,8.201,8.201,8.201,8.201,8.201,8.201,8.201,8.201,8.201,8.201,8.201,8.201
2011-04-05 12:00:00,8.201,8.201,8.201,8.201,8.201,8.201,8.201,8.201,8.201,8.201,8.201,8.201
2011-04-05 13:00:00,8.442,8.442,8.442,8.442,8.442,8.442,8.442,8.442,8.442,8.442,8.442,8.442
2011-04-05 14:00:00,8.442,8.442,8.442,8.442,8.442,8.442,8.442,8.442,8.442,8.442,8.442,8.442
2011-04-05 15:00:00,18.725,18.725,18.725,18.725,18.725,18.725,18.725,18.725,18.725,18.725,18.725,18.725
2011-04-05 16:00:00,21.942,21.942,21.942,21.942,21.942,21.942,21.942,21.942,21.942,21.942,21.942,21.942
2011-04-05 17:00:00,21.942,21.942,21.942,21.942,21.942,21.942,21.942,21.942,21.942,21.942,21.942,21.942
2011-04-05 18:00:00,21.942,21.942,21.942,21.942,21.942,21.942,21.942,21.942,21.942,21.942,21.942,21.942
2011-04-05 19:00:00,21.942,21.942,21.942,21.942,21.942,21.942,21.942,21.942,21.942,21.942,21.942,21.942
2011-04-05 20:00:00,21.942,21.942,21.942,21.942,21.942,21.942,21.942,21.942,21.942,21.942,21.942,21.942
2011-04-05 21:00:00,21.942,21.942,21.942,21.942,21.942,21.942,21.942,21.942,21.942,21.942,21.942,21.942
2011-04-05 22:00:00,21.942,21.942,21.942,21.942,21.942,21.942,21.942,21.942,21.942,21.942,21.942,21.942
2011-04-05 23:00:00,21.942,21.942,21.942,21.942,21.942,21.942,21.942,21.942,21.942,21.942,21.942,21.942
2011-04-06 00:00:00,18.438,18.438,18.438,18.438,18.438,18.438,18.438,18.438,18.438,18.438,18.438,18.438
2011-04-06 01:00:00,18.438,18.438,18.438,18.438,18.438,18.438,18.438,18.438,18.438,18.438,18.438,18.438
2011-04-06 02:00:00,18.438,18.438,18.438,18.438,18.438,18.438,18.438,18.438,18.438,18.438,18.438,18.438
2011-04-06 03:00:00,18.438,18.438,18.438,18.438,18.438,18.438,18.438,18.438,18.438,18.438,18.438,18.438
2011-04-06 04:00:00,18.438,18.438,18.438,18.438,18.438,18.438,18.438,18.438,18.438,18.438,18.438,18.438
2011-04-06 05:00:00,18.438,18.438,18.438,18.438,18.438,18.438,18.438,18.438,18.438,18.438,18.438,18.438
2011-04-06 06:00:00,18.044,18.044,18.044,18.044,18.044,18.044,18.044,18.044,18.044,18.044,18.044,18.044
2011-04-06 07:00:00,7.902,7.902,7.902,7.902,7.902,7.902,7.902,7.902,7.902,7.902,7.902,7.902
2011-04-06 08:00:00,4.395,4.395,4.395,4.395,4.395,4.395,4.395,4.395,4.395,4.395,4.395,4.395
2011-04-06 09:00:00,3.776,3.776,3.776,3.776,3.776,3.776,3.776,3.776,3.776,3.776,3.776,3.776
2011-04-06 10:00:00,3.963,3.963,3.963,3.963,3.963,3.963,3.963,3.963,3.963,3.963,3.963,3.963
2011-04-06 11:00:00,3.691,3.691,3.691,3.691,3.691,3.691,3.691,3.691,3.691,3.691,3.691,3.691
2011-04-06 12:00:00,3.691,3.691,3.691,3.691,3.691,3.691,3.691,3.691,3.691,3.691,3.691,3.691
2011-04-06 13:00:00,3.691,3.691,3.691,3.691,3.691,3.691,3.691,3.691,3.691,3.691,3.691,3.691
2011-04-06 14:00:00,3.708,3.708,3.708,3.708,3.708,3.708,3.708,3.708,3.708,3.708,3.708,3.708
2011-04-06 15:00:00,4.464,4.464,4.464,4.464,4.464,4.464,4.464,4.464,4.464,4.464,4.464,4.464
2011-04-06 16:00:00,18.438,18.438,18.438,18.438,18.438,18.438,18.438,18.438,18.438,18.438,18.438,18.438
2011-04-06 17:00:00,18.438,18.438,18.438,18.438,18.438,18.438,18.438,18.438,18.438,18.438,18.438,18.438
2011-04-06 18:00:00,18.438,18.438,18.438,18.438,18.438,18.438,18.438,18.438,18.438,18.438,18.438,18.438
2011-04-06 19:00:00,18.438,18.438,18.438,18.438,18.438,18.438,18.438,18.438,18.438,18.438,18.438,18.438
2011-04-06 20:00:00,18.438,18.438,18.438,18.438,18.438,18.438,18.438,18.438,18.438,18.438,18.438,18.438
2011-04-06 21:00:00,18.438,18.438,18.438,18.438,18.438,18.438,18.438,18.438,18.438,18.438,18.438,18.438
2011-04-06 22:00:00,18.438,18.438,18.438,18.438,18.438,18.438,18.438,18.438,18.438,18.438,18.438,18.438
2011-04-06 23:00:00,18.438,18.438,18.438,18.438,18.438,18.438,18.438,18.438,18.438,18.438,18.438,18.438
2011-04-07 00:00:00,17.993,17.993,17.993,17.993,17.993,17.993,17.993,17.993,17.993,17.993,17.993,17.993
2011-04-07 01:00:00,17.993,17.993,17.993,17.993,17.993,17.993,17.993,17.993,17.993,17.993,17.993,17.993
2011-04-07 02:00:00,17.993,17.993,17.993,17.993,17.993,17.993,17.993,17.993,17.993,17.993,17.993,17.993
2011-04-07 03:00:00,17.993,17.993,17.993,17.993,17.993,17.993,17.993,17.993,17.993,17.993,17.993,17.993
2011-04-07 04:00:00,17.993,17.993,17.993,17.993,17.993,17.993,17.993,17.993,17.993,17.993,17.993,17.993
2011-04-07 05:00:00,18.179,18.179,18.179,18.179,18.179,18.179,18.179,18.179,18.179,18.179,18.179,18.179
2011-04-07 06:00:00,15.603,15.603,15.603,15.603,15.603,15.603,15.603,15.603,15.603,15.603,15.603,15.603
2011-04-07 07:00:00,3.877,3.877,3.877,3.877,3.877,3.877,3.877,3.877,3.877,3.877,3.877,3.877
2011-04-07 08:00:00,3.373,3.373,3.373,3.373,3.373,3.373,3.373,3.373,3.373,3.373,3.373,3.373
2011-04-07 09:00:00,3.308,3.308,3.308,3.308,3.308,3.308,3.308,3.308,3.308,3.308,3.308,3.308
2011-04-07 10:00:00,3.278,3.278,3.278,3.278,3.278,3.278,3.278,3.278,3.278,3.278,3.278,3.278
2011-04-07 11:00:00,2.514,2.514,2.514,2.514,2.514,2.514,2.514,2.514,2.514,2.514,2.514,2.514
2011-04-07 12:00:00,2.514,2.514,2.514,2.514,2.514,2.514,2.514,2.514,2.514,2.514,2.514,2.514
2011-04-07 13:00:00,2.514,2.514,2.514,2.514,2.514,2.514,2.514,2.514,2.514,2.514,2.514,2.514
2011-04-07 14:00:00,3.106,3.106,3.106,3.106,3.106,3.106,3.106,3.106,3.106,3.106,3.106,3.106
2011-04-07 15:00:00,3.797,3.797,3.797,3.797,3.797,3.797,3.797,3.797,3.797,3.797,3.797,3.797
2011-04-07 16:00:00,17.711,17.711,17.711,17.711,17.711,17.711,17.711,17.711,17.711,17.711,17.711,17.711
2011-04-07 17:00:00,17.905,17.905,17.905,17.905,17.905,17.905,17.905,17.905,17.905,17.905,17.905,17.905
2011-04-07 18:00:00,17.905,17.905,17.905,17.905,17.905,17.905,17.905,17.905,17.905,17.905,17.905,17.905
2011-04-07 19:00:00,17.905,17.905,17.905,17.905,17.905,17.905,17.905,17.905,17.905,17.905,17.905,17.905
2011-04-07 20:00:00,17.905,17.905,17.905,17.905,17.905,17.905,17.905,17.905,17.905,17.905,17.905,17.905
2011-04-07 21:00:00,17.905,17.905,17.905,17.905,17.905,17.905,17.905,17.905,17.905,17.905,17.905,17.905
2011-04-07 22:00:00,17.905,17.905,17.905,17.905,17.905,17.905,17.905,17.905,17.905,17.905,17.905,17.905
2011-04-07 23:00:00,17.905,17.905,17.905,17.905,17.905,17.905,17.905,17.905,17.905,17.905,17.905,17.905
2011-04-08 00:00:00,18.109,18.109,18.109,18.109,18.109,18.109,18.109,18.109,18.109,18.109,18.109,18.109
2011-04-08 01:00:00,18.109,18.109,18.109,18.109,18.109,18.109,18.109,18.109,18.109,18.109,18.109,18.109
2011-04-08 02:00:00,18.109,18.109,18.109,18.109,18.109,18.109,18.109,18.109,18.109,18.109,18.109,18.109
2011-04-08 03:00:00,18.327,18.327,18.327,18.327,18.327,18.327,18.327,18.327,18.327,18.327,18.327,18.327
2011-04-08 04:00:00,18.588,18.588,18.588,18.588,18.588,18.588,18.588,18.588,18.588,18.588,18.588,18.588
2011-04-08 05:00:00,19.252,19.252,19.252,19.252,19.252,19.252,19.252,19.252,19.252,19.252,19.252,19.252
2011-04-08 06:00:00,18.785,18.785,18.785,18.785,18.785,18.785,18.785,18.785,18.785,18.785,18.785,18.785
2011-04-08 07:00:00,7.516,7.516,7.516,7.516,7.516,7.516,7.516,7.516,7.516,7.516,7.516,7.516
2011-04-08 08:00:00,3.971,3.971,3.971,3.971,3.971,3.971,3.971,3.971,3.971,3.971,3.971,3.971
2011-04-08 09:00:00,3.856,3.856,3.856,3.856,3.856,3.856,3.856,3.856,3.856,3.856,3.856,3.856
2011-04-08 10:00:00,3.85,3.85,3.85,3.85,3.85,3.85,3.85,3.85,3.85,3.85,3.85,3.85
2011-04-08 11:00:00,3.708,3.708,3.708,3.708,3.708,3.708,3.708,3.708,3.708,3.708,3.708,3.708
2011-04-08 12:00:00,3.708,3.708,3.708,3.708,3.708,3.708,3.708,3.708,3.708,3.708,3.708,3.708
2011-04-08 13:00:00,3.708,3.708,3.708,3.708,3.708,3.708,3.708,3.708,3.708,3.708,3.708,3.708
2011-04-08 14:00:00,3.708,3.708,3.708,3.708,3.708,3.708,3.708,3.708,3.708,3.708,3.708,3.708
2011-04-08 15:00:00,7.284,7.284,7.284,7.284,7.284,7.284,7.284,7.284,7.284,7.284,7.284,7.284
2011-04-08 16:00:00,18.109,18.109,18.109,18.109,18.109,18.109,18.109,18.109,18.109,18.109,18.109,18.109
2011-04-08 17:00:00,18.109,18.109,18.109,18.109,18.109,18.109,18.109,18.109,18.109,18.109,18.109,18.109
2011-04-08 18:00:00,18.109,18.109,18.109,18.109,18.109,18.109,18.109,18.109,18.109,18.109,18.109,18.109
2011-04-08 19:00:00,18.109,18.109,18.109,18.109,18.109,18.109,18.109,18.109,18.109,18.109,18.109,18.109
2011-04-08 20:00:00,18.109,18.109,18.109,18.109,18.109,18.109,18.109,18.109,18.109,18.109,18.109,18.109
2011-04-08 21:00:00,18.109,18.109,18.109,18.109,18.109,18.109,18.109,18.109,18.109,18.109,18.109,18.109
2011-04-08 22:00:00,18.109,18.109,18.109,18.109,18.109,18.109,18.109,18.109,18.109,18.109,18.109,18.109
2011-04-08 23:00:00,18.109,18.109,18.109,18.109,18.109,18.109,18.109,18.109,18.109,18.109,18.109,18.109
2011-04-09 00:00:00,18.136,18.136,18.136,18.136,18.136,18.136,18.136,18.136,18.136,18.136,18.136,18.136
2011-04-09 01:00:00,18.136,18.136,18.136,18.136,18.136,18.136,18.136,18.136,18.136,18.136,18.136,18.136
2011-04-09 02:00:00,18.136,18.136,18.136,18.136,18.136,18.136,18.136,18.136,18.136,18.136,18.136,18.136
2011-04-09 03:00:00,18.136,18.136,18.136,18.136,18.136,18.136,18.136,18.136,18.136,18.136,18.136,18.136
2011-04-09 04:00:00,18.136,18.136,18.136,18.136,18.136,18.136,18.136,18.136,18.136,18.136,18.136,18.136
2011-04-09 05:00:00,18.136,18.136,18.136,18.136,18.136,18.136,18.136,18.136,18.136,18.136,18.136,18.136
2011-04-09 06:00:00,18.136,18.136,18.136,18.136,18.136,18.136,18.136,18.136,18.136,18.136,18.136,18.136
2011-04-09 07:00:00,4.309,4.309,4.309,4.309,4.309,4.309,4.309,4.309,4.309,4.309,4.309,4.309
2011-04-09 08:00:00,1.991,1.991,1.991,1.991,1.991,1.991,1.991,1.991,1.991,1.991,1.991,1.991
2011-04-09 09:00:00,1.991,1.991,1.991,1.991,1.991,1.991,1.991,1.991,1.991,1.991,1.991,1.991
2011-04-09 10:00:00,1.991,1.991,1.991,1.991,1.991,1.991,1.991,1.991,1.991,1.991,1.991,1.991
2011-04-09 11:00:00,1.991,1.991,1.991,1.991,1.991,1.991,1.991,1.991,1.991,1.991,1.991,1.991
2011-04-09 12:00:00,1.991,1.991,1.991,1.991,1.991,1.991,1.991,1.991,1.991,1.991,1.991,1.991
2011-04-09 13:00:00,1.991,1.991,1.991,1.991,1.991,1.991,1.991,1.991,1.991,1.991,1.991,1.991
2011-04-09 14:00:00,1.991,1.991,1.991,1.991,1.991,1.991,1.991,1.991,1.991,1.991,1.991,1.991
2011-04-09 15:00:00,8.765,8.765,8.765,8.765,8.765,8.765,8.765,8.765,8.765,8.765,8.765,8.765
2011-04-09 16:00:00,8.836,8.836,8.836,8.836,8.836,8.836,8.836,8.836,8.836,8.836,8.836,8.836
2011-04-09 17:00:00,18.136,18.136,18.136,18.136,18.136,18.136,18.136,18.136,18.136,18.136,18.136,18.136
2011-04-09 18:00:00,18.37,18.37,18.37,18.37,18.37,18.37,18.37,18.37,18.37,18.37,18.37,18.37
2011-04-09 19:00:00,18.136,18.136,18.136,18.136,18.136,18.136,18.136,18.136,18.136,18.136,18.136,18.136
2011-04-09 20:00:00,18.154,18.154,18.154,18.154,18.154,18.154,18.154,18.154,18.154,18.154,18.154,18.154
2011-04-09 21:00:00,18.22,18.22,18.22,18.22,18.22,18.22,18.22,18.22,18.22,18.22,18.22,18.22
2011-04-09 22:00:00,18.286,18.286,18.286,18.286,18.286,18.286,18.286,18.286,18.286,18.286,18.286,18.286
2011-04-09 23:00:00,18.545,18.545,18.545,18.545,18.545,18.545,18.545,18.545,18.545,18.545,18.545,18.545
2011-04-10 00:00:00,24.187,24.187,24.187,24.187,24.187,24.187,24.187,24.187,24.187,24.187,24.187,24.187
2011-04-10 01:00:00,24.187,24.187,24.187,24.187,24.187,24.187,24.187,24.187,24.187,24.187,24.187,24.187
2011-04-10 02:00:00,24.187,24.187,24.187,24.187,24.187,24.187,24.187,24.187,24.187,24.187,24.187,24.187
2011-04-10 03:00:00,24.187,24.187,24.187,24.187,24.187,24.187,24.187,24.187,24.187,24.187,24.187,24.187
2011-04-10 04:00:00,24.187,24.187,24.187,24.187,24.187,24.187,24.187,24.187,24.187,24.187,24.187,24.187
2011-04-10 05:00:00,24.187,24.187,24.187,24.187,24.187,24.187,24.187,24.187,24.187,24.187,24.187,24.187
2011-04-10 06:00:00,23.811,23.811,23.811,23.811,23.811,23.811,23.811,23.811,23.811,23.811,23.811,23.811
2011-04-10 07:00:00,22.24,22.24,22.24,22.24,22.24,22.24,22.24,22.24,22.24,22.24,22.24,22.24
2011-04-10 08:00:00,20.445,20.445,20.445,20.445,20.445,20.445,20.445,20.445,20.445,20.445,20.445,20.445
2011-04-10 09:00:00,10.944,10.944,10.944,10.944,10.944,10.944,10.944,10.944,10.944,10.944,10.944,10.944
2011-04-10 10:00:00,10.986,10.986,10.986,10.986,10.986,10.986,10.986,10.986,10.986,10.986,10.986,10.986
2011-04-10 11:00:00,10.944,10.944,10.944,10.944,10.944,10.944,10.944,10.944,10.944,10.944,10.944,10.944
2011-04-10 12:00:00,10.944,10.944,10.944,10.944,10.944,10.944,10.944,10.944,10.944,10.944,10.944,10.944
2011-04-10 13:00:00,10.944,10.944,10.944,10.944,10.944,10.944,10.944,10.944,10.944,10.944,10.944,10.944
2011-04-10 14:00:00,18.241,18.241,18.241,18.241,18.241,18.241,18.241,18.241,18.241,18.241,18.241,18.241
2011-04-10 15:00:00,22.798,22.798,22.798,22.798,22.798,22.798,22.798,22.798,22.798,22.798,22.798,22.798
2011-04-10 16:00:00,23.549,23.549,23.549,23.549,23.549,23.549,23.549,23.549,23.549,23.549,23.549,23.549
2011-04-10 17:00:00,24.187,24.187,24.187,24.187,24.187,24.187,24.187,24.187,24.187,24.187,24.187,24.187
2011-04-10 18:00:00,24.187,24.187,24.187,24.187,24.187,24.187,24.187,24.187,24.187,24.187,24.187,24.187
2011-04-10 19:00:00,24.187,24.187,24.187,24.187,24.187,24.187,24.187,24.187,24.187,24.187,24.187,24.187
2011-04-10 20:00:00,24.187,24.187,24.187,24.187,24.187,24.187,24.187,24.187,24.187,24.187,24.187,24.187
2011-04-10 21:00:00,24.187,24.187,24.187,24.187,24.187,24.187,24.187,24.187,24.187,24.187,24.187,24.187
2011-04-10 22:00:00,24.187,24.187,24.187,24.187,24.187,24.187,24.187,24.187,24.187,24.187,24.187,24.187
2011-04-10 23:00:00,24.187,24.187,24.187,24.187,24.187,24.187,24.187,24.187,24.187,24.187,24.187,24.187
2011-04-11 00:00:00,22.205,22.205,22.205,22.205,22.205,22.205,22.205,22.205,22.205,22.205,22.205,22.205
2011-04-11 01:00:00,22.205,22.205,22.205,22.205,22.205,22.205,22.205,22.205,22.205,22.205,22.205,22.205
2011-04-11 02:00:00,22.205,22.205,22.205,22.205,22.205,22.205,22.205,22.205,22.205,22.205,22.205,22.205
2011-04-11 03:00:00,22.205,22.205,22.205,22.205,22.205,22.205,22.205,22.205,22.205,22.205,22.205,22.205
2011-04-11 04:00:00,22.205,22.205,22.205,22.205,22.205,22.205,22.205,22.205,22.205,22.205,22.205,22.205
2011-04-11 05:00:00,23.026,23.026,23.026,23.026,23.026,23.026,23.026,23.026,23.026,23.026,23.026,23.026
2011-04-11 06:00:00,20.772,20.772,20.772,20.772,20.772,20.772,20.772,20.772,20.772,20.772,20.772,20.772
2011-04-11 07:00:00,18.161,18.161,18.161,18.161,18.161,18.161,18.161,18.161,18.161,18.161,18.161,18.161
2011-04-11 08:00:00,16.677,16.677,16.677,16.677,16.677,16.677,16.677,16.677,16.677,16.677,16.677,16.677
2011-04-11 09:00:00,15.446,15.446,15.446,15.446,15.446,15.446,15.446,15.446,15.446,15.446,15.446,15.446
2011-04-11 10:00:00,15.056,15.056,15.056,15.056,15.056,15.056,15.056,15.056,15.056,15.056,15.056,15.056
2011-04-11 11:00:00,13.692,13.692,13.692,13.692,13.692,13.692,13.692,13.692,13.692,13.692,13.692,13.692
2011-04-11 12:00:00,13.641,13.641,13.641,13.641,13.641,13.641,13.641,13.641,13.641,13.641,13.641,13.641
2011-04-11 13:00:00,13.641,13.641,13.641,13.641,13.641,13.641,13.641,13.641,13.641,13.641,13.641,13.641
2011-04-11 14:00:00,13.641,13.641,13.641,13.641,13.641,13.641,13.641,13.641,13.641,13.641,13.641,13.641
2011-04-11 15:00:00,18.328,18.328,18.328,18.328,18.328,18.328,18.328,18.328,18.328,18.328,18.328,18.328
2011-04-11 16:00:00,21.563,21.563,21.563,21.563,21.563,21.563,21.563,21.563,21.563,21.563,21.563,21.563
2011-04-11 17:00:00,22.205,22.205,22.205,22.205,22.205,22.205,22.205,22.205,22.205,22.205,22.205,22.205
2011-04-11 18:00:00,22.205,22.205,22.205,22.205,22.205,22.205,22.205,22.205,22.205,22.205,22.205,22.205
2011-04-11 19:00:00,22.205,22.205,22.205,22.205,22.205,22.205,22.205,22.205,22.205,22.205,22.205,22.205
2011-04-11 20:00:00,22.205,22.205,22.205,22.205,22.205,22.205,22.205,22.205,22.205,22.205,22.205,22.205
2011-04-11 21:00:00,22.205,22.205,22.205,22.205,22.205,22.205,22.205,22.205,22.205,22.205,22.205,22.205
2011-04-11 22:00:00,22.205,22.205,22.205,22.205,22.205,22.205,22.205,22.205,22.205,22.205,22.205,22.205
2011-04-11 23:00:00,22.205,22.205,22.205,22.205,22.205,22.205,22.205,22.205,22.205,22.205,22.205,22.205
2011-04-12 00:00:00,23.047,23.047,23.047,23.047,23.047,23.047,23.047,23.047,23.047,23.047,23.047,23.047
2011-04-12 01:00:00,23.047,23.047,23.047,23.047,23.047,23.047,23.047,23.047,23.047,23.047,23.047,23.047
2011-04-12 02:00:00,23.047,23.047,23.047,23.047,23.047,23.047,23.047,23.047,23.047,23.047,23.047,23.047
2011-04-12 03:00:00,23.047,23.047,23.047,23.047,23.047,23.047,23.047,23.047,23.047,23.047,23.047,23.047
2011-04-12 04:00:00,23.753,23.753,23.753,23.753,23.753,23.753,23.753,23.753,23.753,23.753,23.753,23.753
2011-04-12 05:00:00,23.753,23.753,23.753,23.753,23.753,23.753,23.753,23.753,23.753,23.753,23.753,23.753
2011-04-12 06:00:00,22.761,22.761,22.761,22.761,22.761,22.761,22.761,22.761,22.761,22.761,22.761,22.761
2011-04-12 07:00:00,21.559,21.559,21.559,21.559,21.559,21.559,21.559,21.559,21.559,21.559,21.559,21.559
2011-04-12 08:00:00,9.5,9.5,9.5,9.5,9.5,9.5,9.5,9.5,9.5,9.5,9.5,9.5
2011-04-12 09:00:00,8.669,8.669,8.669,8.669,8.669,8.669,8.669,8.669,8.669,8.669,8.669,8.669
2011-04-12 10:00:00,8.669,8.669,8.669,8.669,8.669,8.669,8.669,8.669,8.669,8.669,8.669,8.669
2011-04-12 11:00:00,8.669,8.669,8.669,8.669,8.669,8.669,8.669,8.669,8.669,8.669,8.669,8.669
2011-04-12 12:00:00,8.669,8.669,8.669,8.669,8.669,8.669,8.669,8.669,8.669,8.669,8.669,8.669
2011-04-12 13:00:00,8.669,8.669,8.669,8.669,8.669,8.669,8.669,8.669,8.669,8.669,8.669,8.669
2011-04-12 14:00:00,8.708,8.708,8.708,8.708,8.708,8.708,8.708,8.708,8.708,8.708,8.708,8.708
2011-04-12 15:00:00,18.666,18.666,18.666,18.666,18.666,18.666,18.666,18.666,18.666,18.666,18.666,18.666
2011-04-12 16:00:00,23.047,23.047,23.047,23.047,23.047,23.047,23.047,23.047,23.047,23.047,23.047,23.047
2011-04-12 17:00:00,23.047,23.047,23.047,23.047,23.047,23.047,23.047,23.047,23.047,23.047,23.047,23.047
2011-04-12 18:00:00,23.047,23.047,23.047,23.047,23.047,23.047,23.047,23.047,23.047,23.047,23.047,23.047
2011-04-12 19:00:00,23.047,23.047,23.047,23.047,23.047,23.047,23.047,23.047,23.047,23.047,23.047,23.047
2011-04-12 20:00:00,23.047,23.047,23.047,23.047,23.047,23.047,23.047,23.047,23.047,23.047,23.047,23.047
2011-04-12 21:00:00,23.047,23.047,23.047,23.047,23.047,23.047,23.047,23.047,23.047,23.047,23.047,23.047
2011-04-12 22:00:00,23.047,23.047,23.047,23.047,23.047,23.047,23.047,23.047,23.047,23.047,23.047,23.047
2011-04-12 23:00:00,23.047,23.047,23.047,23.047,23.047,23.047,23.047,23.047,23.047,23.047,23.047,23.047
2011-04-13 00:00:00,30.258,30.258,30.258,30.258,30.258,30.258,30.258,30.258,30.258,30.258,30.258,30.258
2011-04-13 01:00:00,30.258,30.258,30.258,30.258,30.258,30.258,30.258,30.258,30.258,30.258,30.258,30.258
2011-04-13 02:00:00,30.258,30.258,30.258,30.258,30.258,30.258,30.258,30.258,30.258,30.258,30.258,30.258
2011-04-13 03:00:00,30.258,30.258,30.258,30.258,30.258,30.258,30.258,30.258,30.258,30.258,30.258,30.258
2011-04-13 04:00:00,30.258,30.258,30.258,30.258,30.258,30.258,30.258,30.258,30.258,30.258,30.258,30.258
2011-04-13 05:00:00,30.258,30.258,30.258,30.258,30.258,30.258,30.258,30.258,30.258,30.258,30.258,30.258
2011-04-13 06:00:00,27.344,27.344,27.344,27.344,27.344,27.344,27.344,27.344,27.344,27.344,27.344,27.344
2011-04-13 07:00:00,20.258,20.258,20.258,20.258,20.258,20.258,20.258,20.258,20.258,20.258,20.258,20.258
2011-04-13 08:00:00,21.212,21.212,21.212,21.212,21.212,21.212,21.212,21.212,21.212,21.212,21.212,21.212
2011-04-13 09:00:00,20.258,20.258,20.258,20.258,20.258,20.258,20.258,20.258,20.258,20.258,20.258,20.258
2011-04-13 10:00:00,22.443,22.443,22.443,22.443,22.443,22.443,22.443,22.443,22.443,22.443,22.443,22.443
2011-04-13 11:00:00,22.372,22.372,22.372,22.372,22.372,22.372,22.372,22.372,22.372,22.372,22.372,22.372
2011-04-13 12:00:00,22.487,22.487,22.487,22.487,22.487,22.487,22.487,22.487,22.487,22.487,22.487,22.487
2011-04-13 13:00:00,24.107,24.107,24.107,24.107,24.107,24.107,24.107,24.107,24.107,24.107,24.107,24.107
2011-04-13 14:00:00,25.726,25.726,25.726,25.726,25.726,25.726,25.726,25.726,25.726,25.726,25.726,25.726
2011-04-13 15:00:00,26.861,26.861,26.861,26.861,26.861,26.861,26.861,26.861,26.861,26.861,26.861,26.861
2011-04-13 16:00:00,30.404,30.404,30.404,30.404,30.404,30.404,30.404,30.404,30.404,30.404,30.404,30.404
2011-04-13 17:00:00,30.418,30.418,30.418,30.418,30.418,30.418,30.418,30.418,30.418,30.418,30.418,30.418
2011-04-13 18:00:00,31.471,31.471,31.471,31.471,31.471,31.471,31.471,31.471,31.471,31.471,31.471,31.471
2011-04-13 19:00:00,30.731,30.731,30.731,30.731,30.731,30.731,30.731,30.731,30.731,30.731,30.731,30.731
2011-04-13 20:00:00,30.87,30.87,30.87,30.87,30.87,30.87,30.87,30.87,30.87,30.87,30.87,30.87
2011-04-13 21:00:00,30.87,30.87,30.87,30.87,30.87,30.87,30.87,30.87,30.87,30.87,30.87,30.87
2011-04-13 22:00:00,30.671,30.671,30.671,30.671,30.671,30.671,30.671,30.671,30.671,30.671,30.671,30.671
2011-04-13 23:00:00,30.671,30.671,30.671,30.671,30.671,30.671,30.671,30.671,30.671,30.671,30.671,30.671
2011-04-14 00:00:00,83.681,83.681,83.681,83.681,83.681,83.681,83.681,83.681,83.681,83.681,83.681,83.681
2011-04-14 01:00:00,83.681,83.681,83.681,83.681,83.681,83.681,83.681,83.681,83.681,83.681,83.681,83.681
2011-04-14 02:00:00,83.681,83.681,83.681,83.681,83.681,83.681,83.681,83.681,83.681,83.681,83.681,83.681
2011-04-14 03:00:00,83.681,83.681,83.681,83.681,83.681,83.681,83.681,83.681,83.681,83.681,83.681,83.681
2011-04-14 04:00:00,83.681,83.681,83.681,83.681,83.681,83.681,83.681,83.681,83.681,83.681,83.681,83.681
2011-04-14 05:00:00,84.055,84.055,84.055,84.055,84.055,84.055,84.055,84.055,84.055,84.055,84.055,84.055
2011-04-14 06:00:00,75.476,75.476,75.476,75.476,75.476,75.476,75.476,75.476,75.476,75.476,75.476,75.476
2011-04-14 07:00:00,56.929,56.929,56.929,56.929,56.929,56.929,56.929,56.929,56.929,56.929,56.929,56.929
2011-04-14 08:00:00,55.453,55.453,55.453,55.453,55.453,55.453,55.453,55.453,55.453,55.453,55.453,55.453
2011-04-14 09:00:00,53.713,53.713,53.713,53.713,53.713,53.713,53.713,53.713,53.713,53.713,53.713,53.713
2011-04-14 10:00:00,53.159,53.159,53.159,53.159,53.159,53.159,53.159,53.159,53.159,53.159,53.159,53.159
2011-04-14 11:00:00,53.159,53.159,53.159,53.159,53.159,53.159,53.159,53.159,53.159,53.159,53.159,53.159
2011-04-14 12:00:00,53.159,53.159,53.159,53.159,53.159,53.159,53.159,53.159,53.159,53.159,53.159,53.159
2011-04-14 13:00:00,53.394,53.394,53.394,53.394,53.394,53.394,53.394,53.394,53.394,53.394,53.394,53.394
2011-04-14 14:00:00,55.537,55.537,55.537,55.537,55.537,55.537,55.537,55.537,55.537,55.537,55.537,55.537
2011-04-14 15:00:00,62.384,62.384,62.384,62.384,62.384,62.384,62.384,62.384,62.384,62.384,62.384,62.384
2011-04-14 16:00:00,83.052,83.052,83.052,83.052,83.052,83.052,83.052,83.052,83.052,83.052,83.052,83.052
2011-04-14 17:00:00,83.681,83.681,83.681,83.681,83.681,83.681,83.681,83.681,83.681,83.681,83.681,83.681
2011-04-14 18:00:00,83.681,83.681,83.681,83.681,83.681,83.681,83.681,83.681,83.681,83.681,83.681,83.681
2011-04-14 19:00:00,83.681,83.681,83.681,83.681,83.681,83.681,83.681,83.681,83.681,83.681,83.681,83.681
2011-04-14 20:00:00,83.681,83.681,83.681,83.681,83.681,83.681,83.681,83.681,83.681,83.681,83.681,83.681
2011-04-14 21:00:00,83.681,83.681,83.681,83.681,83.681,83.681,83.681,83.681,83.681,83.681,83.681,83.681
2011-04-14 22:00:00,83.681,83.681,83.681,83.681,83.681,83.681,83.681,83.681,83.681,83.681,83.681,83.681
2011-04-14 23:00:00,83.681,83.681,83.681,83.681,83.681,83.681,83.681,83.681,83.681,83.681,83.681,83.681
2011-04-15 00:00:00,46.83,46.83,46.83,46.83,46.83,46.83,46.83,46.83,46.83,46.83,46.83,46.83
2011-04-15 01:00:00,46.83,46.83,46.83,46.83,46.83,46.83,46.83,46.83,46.83,46.83,46.83,46.83
2011-04-15 02:00:00,46.83,46.83,46.83,46.83,46.83,46.83,46.83,46.83,46.83,46.83,46.83,46.83
2011-04-15 03:00:00,46.83,46.83,46.83,46.83,46.83,46.83,46.83,46.83,46.83,46.83,46.83,46.83
2011-04-15 04:00:00,46.83,46.83,46.83,46.83,46.83,46.83,46.83,46.83,46.83,46.83,46.83,46.83
2011-04-15 05:00:00,46.83,46.83,46.83,46.83,46.83,46.83,46.83,46.83,46.83,46.83,46.83,46.83
2011-04-15 06:00:00,28.565,28.565,28.565,28.565,28.565,28.565,28.565,28.565,28.565,28.565,28.565,28.565
2011-04-15 07:00:00,23.672,23.672,23.672,23.672,23.672,23.672,23.672,23.672,23.672,23.672,23.672,23.672
2011-04-15 08:00:00,23.097,23.097,23.097,23.097,23.097,23.097,23.097,23.097,23.097,23.097,23.097,23.097
2011-04-15 09:00:00,21.537,21.537,21.537,21.537,21.537,21.537,21.537,21.537,21.537,21.537,21.537,21.537
2011-04-15 10:00:00,20.584,20.584,20.584,20.584,20.584,20.584,20.584,20.584,20.584,20.584,20.584,20.584
2011-04-15 11:00:00,19.707,19.707,19.707,19.707,19.707,19.707,19.707,19.707,19.707,19.707,19.707,19.707
2011-04-15 12:00:00,19.707,19.707,19.707,19.707,19.707,19.707,19.707,19.707,19.707,19.707,19.707,19.707
2011-04-15 13:00:00,19.707,19.707,19.707,19.707,19.707,19.707,19.707,19.707,19.707,19.707,19.707,19.707
2011-04-15 14:00:00,20.515,20.515,20.515,20.515,20.515,20.515,20.515,20.515,20.515,20.515,20.515,20.515
2011-04-15 15:00:00,21.525,21.525,21.525,21.525,21.525,21.525,21.525,21.525,21.525,21.525,21.525,21.525
2011-04-15 16:00:00,21.634,21.634,21.634,21.634,21.634,21.634,21.634,21.634,21.634,21.634,21.634,21.634
2011-04-15 17:00:00,44.997,44.997,44.997,44.997,44.997,44.997,44.997,44.997,44.997,44.997,44.997,44.997
2011-04-15 18:00:00,44.997,44.997,44.997,44.997,44.997,44.997,44.997,44.997,44.997,44.997,44.997,44.997
2011-04-15 19:00:00,44.997,44.997,44.997,44.997,44.997,44.997,44.997,44.997,44.997,44.997,44.997,44.997
2011-04-15 20:00:00,44.997,44.997,44.997,44.997,44.997,44.997,44.997,44.997,44.997,44.997,44.997,44.997
2011-04-15 21:00:00,44.997,44.997,44.997,44.997,44.997,44.997,44.997,44.997,44.997,44.997,44.997,44.997
2011-04-15 22:00:00,44.997,44.997,44.997,44.997,44.997,44.997,44.997,44.997,44.997,44.997,44.997,44.997
2011-04-15 23:00:00,44.997,44.997,44.997,44.997,44.997,44.997,44.997,44.997,44.997,44.997,44.997,44.997
2011-04-16 00:00:00,21.587,21.587,21.587,21.587,21.587,21.587,21.587,21.587,21.587,21.587,21.587,21.587
2011-04-16 01:00:00,21.587,21.587,21.587,21.587,21.587,21.587,21.587,21.587,21.587,21.587,21.587,21.587
2011-04-16 02:00:00,21.587,21.587,21.587,21.587,21.587,21.587,21.587,21.587,21.587,21.587,21.587,21.587
2011-04-16 03:00:00,21.587,21.587,21.587,21.587,21.587,21.587,21.587,21.587,21.587,21.587,21.587,21.587
2011-04-16 04:00:00,21.587,21.587,21.587,21.587,21.587,21.587,21.587,21.587,21.587,21.587,21.587,21.587
2011-04-16 05:00:00,24.003,24.003,24.003,24.003,24.003,24.003,24.003,24.003,24.003,24.003,24.003,24.003
2011-04-16 06:00:00,21.811,21.811,21.811,21.811,21.811,21.811,21.811,21.811,21.811,21.811,21.811,21.811
2011-04-16 07:00:00,22.63,22.63,22.63,22.63,22.63,22.63,22.63,22.63,22.63,22.63,22.63,22.63
2011-04-16 08:00:00,21.174,21.174,21.174,21.174,21.174,21.174,21.174,21.174,21.174,21.174,21.174,21.174
2011-04-16 09:00:00,18.586,18.586,18.586,18.586,18.586,18.586,18.586,18.586,18.586,18.586,18.586,18.586
2011-04-16 10:00:00,18.212,18.212,18.212,18.212,18.212,18.212,18.212,18.212,18.212,18.212,18.212,18.212
2011-04-16 11:00:00,18.017,18.017,18.017,18.017,18.017,18.017,18.017,18.017,18.017,18.017,18.017,18.017
2011-04-16 12:00:00,18.017,18.017,18.017,18.017,18.017,18.017,18.017,18.017,18.017,18.017,18.017,18.017
2011-04-16 13:00:00,18.017,18.017,18.017,18.017,18.017,18.017,18.017,18.017,18.017,18.017,18.017,18.017
2011-04-16 14:00:00,20.069,20.069,20.069,20.069,20.069,20.069,20.069,20.069,20.069,20.069,20.069,20.069
2011-04-16 15:00:00,21.196,21.196,21.196,21.196,21.196,21.196,21.196,21.196,21.196,21.196,21.196,21.196
2011-04-16 16:00:00,21.196,21.196,21.196,21.196,21.196,21.196,21.196,21.196,21.196,21.196,21.196,21.196
2011-04-16 17:00:00,21.416,21.416,21.416,21.416,21.416,21.416,21.416,21.416,21.416,21.416,21.416,21.416
2011-04-16 18:00:00,21.587,21.587,21.587,21.587,21.587,21.587,21.587,21.587,21.587,21.587,21.587,21.587
2011-04-16 19:00:00,21.587,21.587,21.587,21.587,21.587,21.587,21.587,21.587,21.587,21.587,21.587,21.587
2011-04-16 20:00:00,21.587,21.587,21.587,21.587,21.587,21.587,21.587,21.587,21.587,21.587,21.587,21.587
2011-04-16 21:00:00,21.587,21.587,21.587,21.587,21.587,21.587,21.587,21.587,21.587,21.587,21.587,21.587
2011-04-16 22:00:00,21.587,21.587,21.587,21.587,21.587,21.587,21.587,21.587,21.587,21.587,21.587,21.587
2011-04-16 23:00:00,21.587,21.587,21.587,21.587,21.587,21.587,21.587,21.587,21.587,21.587,21.587,21.587
2011-04-17 00:00:00,18.368,18.368,18.368,18.368,18.368,18.368,18.368,18.368,18.368,18.368,18.368,18.368
2011-04-17 01:00:00,18.567,18.567,18.567,18.567,18.567,18.567,18.567,18.567,18.567,18.567,18.567,18.567
2011-04-17 02:00:00,18.567,18.567,18.567,18.567,18.567,18.567,18.567,18.567,18.567,18.567,18.567,18.567
2011-04-17 03:00:00,18.567,18.567,18.567,18.567,18.567,18.567,18.567,18.567,18.567,18.567,18.567,18.567
2011-04-17 04:00:00,18.567,18.567,18.567,18.567,18.567,18.567,18.567,18.567,18.567,18.567,18.567,18.567
2011-04-17 05:00:00,20.709,20.709,20.709,20.709,20.709,20.709,20.709,20.709,20.709,20.709,20.709,20.709
2011-04-17 06:00:00,18.368,18.368,18.368,18.368,18.368,18.368,18.368,18.368,18.368,18.368,18.368,18.368
2011-04-17 07:00:00,17.502,17.502,17.502,17.502,17.502,17.502,17.502,17.502,17.502,17.502,17.502,17.502
2011-04-17 08:00:00,16.252,16.252,16.252,16.252,16.252,16.252,16.252,16.252,16.252,16.252,16.252,16.252
2011-04-17 09:00:00,13.566,13.566,13.566,13.566,13.566,13.566,13.566,13.566,13.566,13.566,13.566,13.566
2011-04-17 10:00:00,12.966,12.966,12.966,12.966,12.966,12.966,12.966,12.966,12.966,12.966,12.966,12.966
2011-04-17 11:00:00,12.966,12.966,12.966,12.966,12.966,12.966,12.966,12.966,12.966,12.966,12.966,12.966
2011-04-17 12:00:00,12.966,12.966,12.966,12.966,12.966,12.966,12.966,12.966,12.966,12.966,12.966,12.966
2011-04-17 13:00:00,12.966,12.966,12.966,12.966,12.966,12.966,12.966,12.966,12.966,12.966,12.966,12.966
2011-04-17 14:00:00,14.963,14.963,14.963,14.963,14.963,14.963,14.963,14.963,14.963,14.963,14.963,14.963
2011-04-17 15:00:00,16.576,16.576,16.576,16.576,16.576,16.576,16.576,16.576,16.576,16.576,16.576,16.576
2011-04-17 16:00:00,17.281,17.281,17.281,17.281,17.281,17.281,17.281,17.281,17.281,17.281,17.281,17.281
2011-04-17 17:00:00,18.368,18.368,18.368,18.368,18.368,18.368,18.368,18.368,18.368,18.368,18.368,18.368
2011-04-17 18:00:00,18.368,18.368,18.368,18.368,18.368,18.368,18.368,18.368,18.368,18.368,18.368,18.368
2011-04-17 19:00:00,18.567,18.567,18.567,18.567,18.567,18.567,18.567,18.567,18.567,18.567,18.567,18.567
2011-04-17 20:00:00,18.368,18.368,18.368,18.368,18.368,18.368,18.368,18.368,18.368,18.368,18.368,18.368
2011-04-17 21:00:00,18.368,18.368,18.368,18.368,18.368,18.368,18.368,18.368,18.368,18.368,18.368,18.368
2011-04-17 22:00:00,18.368,18.368,18.368,18.368,18.368,18.368,18.368,18.368,18.368,18.368,18.368,18.368
2011-04-17 23:00:00,18.368,18.368,18.368,18.368,18.368,18.368,18.368,18.368,18.368,18.368,18.368,18.368
2011-04-18 00:00:00,41.337,41.337,41.337,41.337,41.337,41.337,41.337,41.337,41.337,41.337,41.337,41.337
2011-04-18 01:00:00,41.337,41.337,41.337,41.337,41.337,41.337,41.337,41.337,41.337,41.337,41.337,41.337
2011-04-18 02:00:00,41.337,41.337,41.337,41.337,41.337,41.337,41.337,41.337,41.337,41.337,41.337,41.337
2011-04-18 03:00:00,41.337,41.337,41.337,41.337,41.337,41.337,41.337,41.337,41.337,41.337,41.337,41.337
2011-04-18 04:00:00,41.337,41.337,41.337,41.337,41.337,41.337,41.337,41.337,41.337,41.337,41.337,41.337
2011-04-18 05:00:00,41.337,41.337,41.337,41.337,41.337,41.337,41.337,41.337,41.337,41.337,41.337,41.337
2011-04-18 06:00:00,21.194,21.194,21.194,21.194,21.194,21.194,21.194,21.194,21.194,21.194,21.194,21.194
2011-04-18 07:00:00,18.591,18.591,18.591,18.591,18.591,18.591,18.591,18.591,18.591,18.591,18.591,18.591
2011-04-18 08:00:00,18.1,18.1,18.1,18.1,18.1,18.1,18.1,18.1,18.1,18.1,18.1,18.1
2011-04-18 09:00:00,17.271,17.271,17.271,17.271,17.271,17.271,17.271,17.271,17.271,17.271,17.271,17.271
2011-04-18 10:00:00,16.954,16.954,16.954,16.954,16.954,16.954,16.954,16.954,16.954,16.954,16.954,16.954
2011-04-18 11:00:00,15.698,15.698,15.698,15.698,15.698,15.698,15.698,15.698,15.698,15.698,15.698,15.698
2011-04-18 12:00:00,15.698,15.698,15.698,15.698,15.698,15.698,15.698,15.698,15.698,15.698,15.698,15.698
2011-04-18 13:00:00,15.867,15.867,15.867,15.867,15.867,15.867,15.867,15.867,15.867,15.867,15.867,15.867
2011-04-18 14:00:00,17.629,17.629,17.629,17.629,17.629,17.629,17.629,17.629,17.629,17.629,17.629,17.629
2011-04-18 15:00:00,18.72,18.72,18.72,18.72,18.72,18.72,18.72,18.72,18.72,18.72,18.72,18.72
2011-04-18 16:00:00,25.559,25.559,25.559,25.559,25.559,25.559,25.559,25.559,25.559,25.559,25.559,25.559
2011-04-18 17:00:00,41.337,41.337,41.337,41.337,41.337,41.337,41.337,41.337,41.337,41.337,41.337,41.337
2011-04-18 18:00:00,41.997,41.997,41.997,41.997,41.997,41.997,41.997,41.997,41.997,41.997,41.997,41.997
2011-04-18 19:00:00,41.997,41.997,41.997,41.997,41.997,41.997,41.997,41.997,41.997,41.997,41.997,41.997
2011-04-18 20:00:00,41.997,41.997,41.997,41.997,41.997,41.997,41.997,41.997,41.997,41.997,41.997,41.997
2011-04-18 21:00:00,41.997,41.997,41.997,41.997,41.997,41.997,41.997,41.997,41.997,41.997,41.997,41.997
2011-04-18 22:00:00,41.997,41.997,41.997,41.997,41.997,41.997,41.997,41.997,41.997,41.997,41.997,41.997
2011-04-18 23:00:00,41.997,41.997,41.997,41.997,41.997,41.997,41.997,41.997,41.997,41.997,41.997,41.997
2011-04-19 00:00:00,42.719,42.719,42.719,42.719,42.719,42.719,42.719,42.719,42.719,42.719,42.719,42.719
2011-04-19 01:00:00,42.719,42.719,42.719,42.719,42.719,42.719,42.719,42.719,42.719,42.719,42.719,42.719
2011-04-19 02:00:00,42.719,42.719,42.719,42.719,42.719,42.719,42.719,42.719,42.719,42.719,42.719,42.719
2011-04-19 03:00:00,42.719,42.719,42.719,42.719,42.719,42.719,42.719,42.719,42.719,42.719,42.719,42.719
2011-04-19 04:00:00,42.719,42.719,42.719,42.719,42.719,42.719,42.719,42.719,42.719,42.719,42.719,42.719
2011-04-19 05:00:00,42.719,42.719,42.719,42.719,42.719,42.719,42.719,42.719,42.719,42.719,42.719,42.719
2011-04-19 06:00:00,22.12,22.12,22.12,22.12,22.12,22.12,22.12,22.12,22.12,22.12,22.12,22.12
2011-04-19 07:00:00,19.313,19.313,19.313,19.313,19.313,19.313,19.313,19.313,19.313,19.313,19.313,19.313
2011-04-19 08:00:00,18.76,18.76,18.76,18.76,18.76,18.76,18.76,18.76,18.76,18.76,18.76,18.76
2011-04-19 09:00:00,17.985,17.985,17.985,17.985,17.985,17.985,17.985,17.985,17.985,17.985,17.985,17.985
2011-04-19 10:00:00,17.97,17.97,17.97,17.97,17.97,17.97,17.97,17.97,17.97,17.97,17.97,17.97
2011-04-19 11:00:00,17.881,17.881,17.881,17.881,17.881,17.881,17.881,17.881,17.881,17.881,17.881,17.881
2011-04-19 12:00:00,17.881,17.881,17.881,17.881,17.881,17.881,17.881,17.881,17.881,17.881,17.881,17.881
2011-04-19 13:00:00,18.64,18.64,18.64,18.64,18.64,18.64,18.64,18.64,18.64,18.64,18.64,18.64
2011-04-19 14:00:00,19.575,19.575,19.575,19.575,19.575,19.575,19.575,19.575,19.575,19.575,19.575,19.575
2011-04-19 15:00:00,21.283,21.283,21.283,21.283,21.283,21.283,21.283,21.283,21.283,21.283,21.283,21.283
2011-04-19 16:00:00,32.637,32.637,32.637,32.637,32.637,32.637,32.637,32.637,32.637,32.637,32.637,32.637
2011-04-19 17:00:00,42.719,42.719,42.719,42.719,42.719,42.719,42.719,42.719,42.719,42.719,42.719,42.719
2011-04-19 18:00:00,42.719,42.719,42.719,42.719,42.719,42.719,42.719,42.719,42.719,42.719,42.719,42.719
2011-04-19 19:00:00,42.719,42.719,42.719,42.719,42.719,42.719,42.719,42.719,42.719,42.719,42.719,42.719
2011-04-19 20:00:00,42.719,42.719,42.719,42.719,42.719,42.719,42.719,42.719,42.719,42.719,42.719,42.719
2011-04-19 21:00:00,42.719,42.719,42.719,42.719,42.719,42.719,42.719,42.719,42.719,42.719,42.719,42.719
2011-04-19 22:00:00,42.719,42.719,42.719,42.719,42.719,42.719,42.719,42.719,42.719,42.719,42.719,42.719
2011-04-19 23:00:00,42.719,42.719,42.719,42.719,42.719,42.719,42.719,42.719,42.719,42.719,42.719,42.719
2011-04-20 00:00:00,114.933,114.933,114.933,114.933,114.933,114.933,114.933,114.933,114.933,114.933,114.933,114.933
2011-04-20 01:00:00,114.933,114.933,114.933,114.933,114.933,114.933,114.933,114.933,114.933,114.933,114.933,114.933
2011-04-20 02:00:00,114.933,114.933,114.933,114.933,114.933,114.933,114.933,114.933,114.933,114.933,114.933,114.933
2011-04-20 03:00:00,114.933,114.933,114.933,114.933,114.933,114.933,114.933,114.933,114.933,114.933,114.933,114.933
2011-04-20 04:00:00,114.933,114.933,114.933,114.933,114.933,114.933,114.933,114.933,114.933,114.933,114.933,114.933
2011-04-20 05:00:00,114.933,114.933,114.933,114.933,114.933,114.933,114.933,114.933,114.933,114.933,114.933,114.933
2011-04-20 06:00:00,60.811,60.811,60.811,60.811,60.811,60.811,60.811,60.811,60.811,60.811,60.811,60.811
2011-04-20 07:00:00,52.96,52.96,52.96,52.96,52.96,52.96,52.96,52.96,52.96,52.96,52.96,52.96
2011-04-20 08:00:00,52.762,52.762,52.762,52.762,52.762,52.762,52.762,52.762,52.762,52.762,52.762,52.762
2011-04-20 09:00:00,52.212,52.212,52.212,52.212,52.212,52.212,52.212,52.212,52.212,52.212,52.212,52.212
2011-04-20 10:00:00,52.212,52.212,52.212,52.212,52.212,52.212,52.212,52.212,52.212,52.212,52.212,52.212
2011-04-20 11:00:00,52.73,52.73,52.73,52.73,52.73,52.73,52.73,52.73,52.73,52.73,52.73,52.73
2011-04-20 12:00:00,53.145,53.145,53.145,53.145,53.145,53.145,53.145,53.145,53.145,53.145,53.145,53.145
2011-04-20 13:00:00,54.058,54.058,54.058,54.058,54.058,54.058,54.058,54.058,54.058,54.058,54.058,54.058
2011-04-20 14:00:00,54.527,54.527,54.527,54.527,54.527,54.527,54.527,54.527,54.527,54.527,54.527,54.527
2011-04-20 15:00:00,57.632,57.632,57.632,57.632,57.632,57.632,57.632,57.632,57.632,57.632,57.632,57.632
2011-04-20 16:00:00,113.284,113.284,113.284,113.284,113.284,113.284,113.284,113.284,113.284,113.284,113.284,113.284
2011-04-20 17:00:00,114.933,114.933,114.933,114.933,114.933,114.933,114.933,114.933,114.933,114.933,114.933,114.933
2011-04-20 18:00:00,114.933,114.933,114.933,114.933,114.933,114.933,114.933,114.933,114.933,114.933,114.933,114.933
2011-04-20 19:00:00,114.933,114.933,114.933,114.933,114.933,114.933,114.933,114.933,114.933,114.933,114.933,114.933
2011-04-20 20:00:00,114.933,114.933,114.933,114.933,114.933,114.933,114.933,114.933,114.933,114.933,114.933,114.933
2011-04-20 21:00:00,114.933,114.933,114.933,114.933,114.933,114.933,114.933,114.933,114.933,114.933,114.933,114.933
2011-04-20 22:00:00,114.933,114.933,114.933,114.933,114.933,114.933,114.933,114.933,114.933,114.933,114.933,114.933
2011-04-20 23:00:00,114.933,114.933,114.933,114.933,114.933,114.933,114.933,114.933,114.933,114.933,114.933,114.933
2011-04-21 00:00:00,38.254,38.254,38.254,38.254,38.254,38.254,38.254,38.254,38.254,38.254,38.254,38.254
2011-04-21 01:00:00,38.254,38.254,38.254,38.254,38.254,38.254,38.254,38.254,38.254,38.254,38.254,38.254
2011-04-21 02:00:00,38.254,38.254,38.254,38.254,38.254,38.254,38.254,38.254,38.254,38.254,38.254,38.254
2011-04-21 03:00:00,38.254,38.254,38.254,38.254,38.254,38.254,38.254,38.254,38.254,38.254,38.254,38.254
2011-04-21 04:00:00,38.788,38.788,38.788,38.788,38.788,38.788,38.788,38.788,38.788,38.788,38.788,38.788
2011-04-21 05:00:00,52.081,52.081,52.081,52.081,52.081,52.081,52.081,52.081,52.081,52.081,52.081,52.081
2011-04-21 06:00:00,35.854,35.854,35.854,35.854,35.854,35.854,35.854,35.854,35.854,35.854,35.854,35.854
2011-04-21 07:00:00,22.799,22.799,22.799,22.799,22.799,22.799,22.799,22.799,22.799,22.799,22.799,22.799
2011-04-21 08:00:00,22.472,22.472,22.472,22.472,22.472,22.472,22.472,22.472,22.472,22.472,22.472,22.472
2011-04-21 09:00:00,21.878,21.878,21.878,21.878,21.878,21.878,21.878,21.878,21.878,21.878,21.878,21.878
2011-04-21 10:00:00,21.069,21.069,21.069,21.069,21.069,21.069,21.069,21.069,21.069,21.069,21.069,21.069
2011-04-21 11:00:00,20.761,20.761,20.761,20.761,20.761,20.761,20.761,20.761,20.761,20.761,20.761,20.761
2011-04-21 12:00:00,20.761,20.761,20.761,20.761,20.761,20.761,20.761,20.761,20.761,20.761,20.761,20.761
2011-04-21 13:00:00,21.521,21.521,21.521,21.521,21.521,21.521,21.521,21.521,21.521,21.521,21.521,21.521
2011-04-21 14:00:00,21.689,21.689,21.689,21.689,21.689,21.689,21.689,21.689,21.689,21.689,21.689,21.689
2011-04-21 15:00:00,30.238,30.238,30.238,30.238,30.238,30.238,30.238,30.238,30.238,30.238,30.238,30.238
2011-04-21 16:00:00,38.069,38.069,38.069,38.069,38.069,38.069,38.069,38.069,38.069,38.069,38.069,38.069
2011-04-21 17:00:00,38.254,38.254,38.254,38.254,38.254,38.254,38.254,38.254,38.254,38.254,38.254,38.254
2011-04-21 18:00:00,38.254,38.254,38.254,38.254,38.254,38.254,38.254,38.254,38.254,38.254,38.254,38.254
2011-04-21 19:00:00,38.254,38.254,38.254,38.254,38.254,38.254,38.254,38.254,38.254,38.254,38.254,38.254
2011-04-21 20:00:00,38.254,38.254,38.254,38.254,38.254,38.254,38.254,38.254,38.254,38.254,38.254,38.254
2011-04-21 21:00:00,38.254,38.254,38.254,38.254,38.254,38.254,38.254,38.254,38.254,38.254,38.254,38.254
2011-04-21 22:00:00,38.254,38.254,38.254,38.254,38.254,38.254,38.254,38.254,38.254,38.254,38.254,38.254
2011-04-21 23:00:00,38.254,38.254,38.254,38.254,38.254,38.254,38.254,38.254,38.254,38.254,38.254,38.254
2011-04-22 00:00:00,22.155,22.155,22.155,22.155,22.155,22.155,22.155,22.155,22.155,22.155,22.155,22.155
2011-04-22 01:00:00,22.155,22.155,22.155,22.155,22.155,22.155,22.155,22.155,22.155,22.155,22.155,22.155
2011-04-22 02:00:00,22.155,22.155,22.155,22.155,22.155,22.155,22.155,22.155,22.155,22.155,22.155,22.155
2011-04-22 03:00:00,22.155,22.155,22.155,22.155,22.155,22.155,22.155,22.155,22.155,22.155,22.155,22.155
2011-04-22 04:00:00,22.155,22.155,22.155,22.155,22.155,22.155,22.155,22.155,22.155,22.155,22.155,22.155
2011-04-22 05:00:00,22.485,22.485,22.485,22.485,22.485,22.485,22.485,22.485,22.485,22.485,22.485,22.485
2011-04-22 06:00:00,21.287,21.287,21.287,21.287,21.287,21.287,21.287,21.287,21.287,21.287,21.287,21.287
2011-04-22 07:00:00,18.15,18.15,18.15,18.15,18.15,18.15,18.15,18.15,18.15,18.15,18.15,18.15
2011-04-22 08:00:00,17.779,17.779,17.779,17.779,17.779,17.779,17.779,17.779,17.779,17.779,17.779,17.779
2011-04-22 09:00:00,15.984,15.984,15.984,15.984,15.984,15.984,15.984,15.984,15.984,15.984,15.984,15.984
2011-04-22 10:00:00,15.803,15.803,15.803,15.803,15.803,15.803,15.803,15.803,15.803,15.803,15.803,15.803
2011-04-22 11:00:00,15.803,15.803,15.803,15.803,15.803,15.803,15.803,15.803,15.803,15.803,15.803,15.803
2011-04-22 12:00:00,15.803,15.803,15.803,15.803,15.803,15.803,15.803,15.803,15.803,15.803,15.803,15.803
2011-04-22 13:00:00,18.38,18.38,18.38,18.38,18.38,18.38,18.38,18.38,18.38,18.38,18.38,18.38
2011-04-22 14:00:00,18.758,18.758,18.758,18.758,18.758,18.758,18.758,18.758,18.758,18.758,18.758,18.758
2011-04-22 15:00:00,20.291,20.291,20.291,20.291,20.291,20.291,20.291,20.291,20.291,20.291,20.291,20.291
2011-04-22 16:00:00,21.883,21.883,21.883,21.883,21.883,21.883,21.883,21.883,21.883,21.883,21.883,21.883
2011-04-22 17:00:00,22.155,22.155,22.155,22.155,22.155,22.155,22.155,22.155,22.155,22.155,22.155,22.155
2011-04-22 18:00:00,22.155,22.155,22.155,22.155,22.155,22.155,22.155,22.155,22.155,22.155,22.155,22.155
2011-04-22 19:00:00,22.155,22.155,22.155,22.155,22.155,22.155,22.155,22.155,22.155,22.155,22.155,22.155
2011-04-22 20:00:00,22.155,22.155,22.155,22.155,22.155,22.155,22.155,22.155,22.155,22.155,22.155,22.155
2011-04-22 21:00:00,22.155,22.155,22.155,22.155,22.155,22.155,22.155,22.155,22.155,22.155,22.155,22.155
2011-04-22 22:00:00,22.155,22.155,22.155,22.155,22.155,22.155,22.155,22.155,22.155,22.155,22.155,22.155
2011-04-22 23:00:00,22.155,22.155,22.155,22.155,22.155,22.155,22.155,22.155,22.155,22.155,22.155,22.155
2011-04-23 00:00:00,23.331,23.331,23.331,23.331,23.331,23.331,23.331,23.331,23.331,23.331,23.331,23.331
2011-04-23 01:00:00,23.331,23.331,23.331,23.331,23.331,23.331,23.331,23.331,23.331,23.331,23.331,23.331
2011-04-23 02:00:00,23.331,23.331,23.331,23.331,23.331,23.331,23.331,23.331,23.331,23.331,23.331,23.331
2011-04-23 03:00:00,23.331,23.331,23.331,23.331,23.331,23.331,23.331,23.331,23.331,23.331,23.331,23.331
2011-04-23 04:00:00,23.331,23.331,23.331,23.331,23.331,23.331,23.331,23.331,23.331,23.331,23.331,23.331
2011-04-23 05:00:00,23.331,23.331,23.331,23.331,23.331,23.331,23.331,23.331,23.331,23.331,23.331,23.331
2011-04-23 06:00:00,23.331,23.331,23.331,23.331,23.331,23.331,23.331,23.331,23.331,23.331,23.331,23.331
2011-04-23 07:00:00,22.526,22.526,22.526,22.526,22.526,22.526,22.526,22.526,22.526,22.526,22.526,22.526
2011-04-23 08:00:00,20.784,20.784,20.784,20.784,20.784,20.784,20.784,20.784,20.784,20.784,20.784,20.784
2011-04-23 09:00:00,18.215,18.215,18.215,18.215,18.215,18.215,18.215,18.215,18.215,18.215,18.215,18.215
2011-04-23 10:00:00,17.876,17.876,17.876,17.876,17.876,17.876,17.876,17.876,17.876,17.876,17.876,17.876
2011-04-23 11:00:00,17.876,17.876,17.876,17.876,17.876,17.876,17.876,17.876,17.876,17.876,17.876,17.876
2011-04-23 12:00:00,17.876,17.876,17.876,17.876,17.876,17.876,17.876,17.876,17.876,17.876,17.876,17.876
2011-04-23 13:00:00,18.297,18.297,18.297,18.297,18.297,18.297,18.297,18.297,18.297,18.297,18.297,18.297
2011-04-23 14:00:00,20.949,20.949,20.949,20.949,20.949,20.949,20.949,20.949,20.949,20.949,20.949,20.949
2011-04-23 15:00:00,22.872,22.872,22.872,22.872,22.872,22.872,22.872,22.872,22.872,22.872,22.872,22.872
2011-04-23 16:00:00,23.217,23.217,23.217,23.217,23.217,23.217,23.217,23.217,23.217,23.217,23.217,23.217
2011-04-23 17:00:00,23.331,23.331,23.331,23.331,23.331,23.331,23.331,23.331,23.331,23.331,23.331,23.331
2011-04-23 18:00:00,23.331,23.331,23.331,23.331,23.331,23.331,23.331,23.331,23.331,23.331,23.331,23.331
2011-04-23 19:00:00,23.331,23.331,23.331,23.331,23.331,23.331,23.331,23.331,23.331,23.331,23.331,23.331
2011-04-23 20:00:00,23.331,23.331,23.331,23.331,23.331,23.331,23.331,23.331,23.331,23.331,23.331,23.331
2011-04-23 21:00:00,23.331,23.331,23.331,23.331,23.331,23.331,23.331,23.331,23.331,23.331,23.331,23.331
2011-04-23 22:00:00,23.331,23.331,23.331,23.331,23.331,23.331,23.331,23.331,23.331,23.331,23.331,23.331
2011-04-23 23:00:00,23.331,23.331,23.331,23.331,23.331,23.331,23.331,23.331,23.331,23.331,23.331,23.331
2011-04-24 00:00:00,24.855,24.855,24.855,24.855,24.855,24.855,24.855,24.855,24.855,24.855,24.855,24.855
2011-04-24 01:00:00,24.855,24.855,24.855,24.855,24.855,24.855,24.855,24.855,24.855,24.855,24.855,24.855
2011-04-24 02:00:00,24.855,24.855,24.855,24.855,24.855,24.855,24.855,24.855,24.855,24.855,24.855,24.855
2011-04-24 03:00:00,24.855,24.855,24.855,24.855,24.855,24.855,24.855,24.855,24.855,24.855,24.855,24.855
2011-04-24 04:00:00,24.855,24.855,24.855,24.855,24.855,24.855,24.855,24.855,24.855,24.855,24.855,24.855
2011-04-24 05:00:00,24.855,24.855,24.855,24.855,24.855,24.855,24.855,24.855,24.855,24.855,24.855,24.855
2011-04-24 06:00:00,24.855,24.855,24.855,24.855,24.855,24.855,24.855,24.855,24.855,24.855,24.855,24.855
2011-04-24 07:00:00,24.144,24.144,24.144,24.144,24.144,24.144,24.144,24.144,24.144,24.144,24.144,24.144
2011-04-24 08:00:00,21.274,21.274,21.274,21.274,21.274,21.274,21.274,21.274,21.274,21.274,21.274,21.274
2011-04-24 09:00:00,13.881,13.881,13.881,13.881,13.881,13.881,13.881,13.881,13.881,13.881,13.881,13.881
2011-04-24 10:00:00,13.881,13.881,13.881,13.881,13.881,13.881,13.881,13.881,13.881,13.881,13.881,13.881
2011-04-24 11:00:00,13.881,13.881,13.881,13.881,13.881,13.881,13.881,13.881,13.881,13.881,13.881,13.881
2011-04-24 12:00:00,13.931,13.931,13.931,13.931,13.931,13.931,13.931,13.931,13.931,13.931,13.931,13.931
2011-04-24 13:00:00,14.959,14.959,14.959,14.959,14.959,14.959,14.959,14.959,14.959,14.959,14.959,14.959
2011-04-24 14:00:00,21.49,21.49,21.49,21.49,21.49,21.49,21.49,21.49,21.49,21.49,21.49,21.49
2011-04-24 15:00:00,24.136,24.136,24.136,24.136,24.136,24.136,24.136,24.136,24.136,24.136,24.136,24.136
2011-04-24 16:00:00,24.484,24.484,24.484,24.484,24.484,24.484,24.484,24.484,24.484,24.484,24.484,24.484
2011-04-24 17:00:00,24.855,24.855,24.855,24.855,24.855,24.855,24.855,24.855,24.855,24.855,24.855,24.855
2011-04-24 18:00:00,24.855,24.855,24.855,24.855,24.855,24.855,24.855,24.855,24.855,24.855,24.855,24.855
2011-04-24 19:00:00,24.855,24.855,24.855,24.855,24.855,24.855,24.855,24.855,24.855,24.855,24.855,24.855
2011-04-24 20:00:00,24.855,24.855,24.855,24.855,24.855,24.855,24.855,24.855,24.855,24.855,24.855,24.855
2011-04-24 21:00:00,24.855,24.855,24.855,24.855,24.855,24.855,24.855,24.855,24.855,24.855,24.855,24.855
2011-04-24 22:00:00,24.855,24.855,24.855,24.855,24.855,24.855,24.855,24.855,24.855,24.855,24.855,24.855
2011-04-24 23:00:00,24.855,24.855,24.855,24.855,24.855,24.855,24.855,24.855,24.855,24.855,24.855,24.855
2011-04-25 00:00:00,24.887,24.887,24.887,24.887,24.887,24.887,24.887,24.887,24.887,24.887,24.887,24.887
2011-04-25 01:00:00,24.887,24.887,24.887,24.887,24.887,24.887,24.887,24.887,24.887,24.887,24.887,24.887
2011-04-25 02:00:00,24.887,24.887,24.887,24.887,24.887,24.887,24.887,24.887,24.887,24.887,24.887,24.887
2011-04-25 03:00:00,24.887,24.887,24.887,24.887,24.887,24.887,24.887,24.887,24.887,24.887,24.887,24.887
2011-04-25 04:00:00,24.949,24.949,24.949,24.949,24.949,24.949,24.949,24.949,24.949,24.949,24.949,24.949
2011-04-25 05:00:00,25.236,25.236,25.236,25.236,25.236,25.236,25.236,25.236,25.236,25.236,25.236,25.236
2011-04-25 06:00:00,23.714,23.714,23.714,23.714,23.714,23.714,23.714,23.714,23.714,23.714,23.714,23.714
2011-04-25 07:00:00,21.899,21.899,21.899,21.899,21.899,21.899,21.899,21.899,21.899,21.899,21.899,21.899
2011-04-25 08:00:00,19.13,19.13,19.13,19.13,19.13,19.13,19.13,19.13,19.13,19.13,19.13,19.13
2011-04-25 09:00:00,18.19,18.19,18.19,18.19,18.19,18.19,18.19,18.19,18.19,18.19,18.19,18.19
2011-04-25 10:00:00,18.099,18.099,18.099,18.099,18.099,18.099,18.099,18.099,18.099,18.099,18.099,18.099
2011-04-25 11:00:00,18.077,18.077,18.077,18.077,18.077,18.077,18.077,18.077,18.077,18.077,18.077,18.077
2011-04-25 12:00:00,18.077,18.077,18.077,18.077,18.077,18.077,18.077,18.077,18.077,18.077,18.077,18.077
2011-04-25 13:00:00,19.584,19.584,19.584,19.584,19.584,19.584,19.584,19.584,19.584,19.584,19.584,19.584
2011-04-25 14:00:00,19.914,19.914,19.914,19.914,19.914,19.914,19.914,19.914,19.914,19.914,19.914,19.914
2011-04-25 15:00:00,21.899,21.899,21.899,21.899,21.899,21.899,21.899,21.899,21.899,21.899,21.899,21.899
2011-04-25 16:00:00,24.226,24.226,24.226,24.226,24.226,24.226,24.226,24.226,24.226,24.226,24.226,24.226
2011-04-25 17:00:00,24.887,24.887,24.887,24.887,24.887,24.887,24.887,24.887,24.887,24.887,24.887,24.887
2011-04-25 18:00:00,24.887,24.887,24.887,24.887,24.887,24.887,24.887,24.887,24.887,24.887,24.887,24.887
2011-04-25 19:00:00,24.887,24.887,24.887,24.887,24.887,24.887,24.887,24.887,24.887,24.887,24.887,24.887
2011-04-25 20:00:00,24.887,24.887,24.887,24.887,24.887,24.887,24.887,24.887,24.887,24.887,24.887,24.887
2011-04-25 21:00:00,24.887,24.887,24.887,24.887,24.887,24.887,24.887,24.887,24.887,24.887,24.887,24.887
2011-04-25 22:00:00,24.887,24.887,24.887,24.887,24.887,24.887,24.887,24.887,24.887,24.887,24.887,24.887
2011-04-25 23:00:00,24.887,24.887,24.887,24.887,24.887,24.887,24.887,24.887,24.887,24.887,24.887,24.887
2011-04-26 00:00:00,24.541,24.541,24.541,24.541,24.541,24.541,24.541,24.541,24.541,24.541,24.541,24.541
2011-04-26 01:00:00,24.541,24.541,24.541,24.541,24.541,24.541,24.541,24.541,24.541,24.541,24.541,24.541
2011-04-26 02:00:00,24.541,24.541,24.541,24.541,24.541,24.541,24.541,24.541,24.541,24.541,24.541,24.541
2011-04-26 03:00:00,24.541,24.541,24.541,24.541,24.541,24.541,24.541,24.541,24.541,24.541,24.541,24.541
2011-04-26 04:00:00,24.541,24.541,24.541,24.541,24.541,24.541,24.541,24.541,24.541,24.541,24.541,24.541
2011-04-26 05:00:00,24.541,24.541,24.541,24.541,24.541,24.541,24.541,24.541,24.541,24.541,24.541,24.541
2011-04-26 06:00:00,23.339,23.339,23.339,23.339,23.339,23.339,23.339,23.339,23.339,23.339,23.339,23.339
2011-04-26 07:00:00,20.587,20.587,20.587,20.587,20.587,20.587,20.587,20.587,20.587,20.587,20.587,20.587
2011-04-26 08:00:00,18.433,18.433,18.433,18.433,18.433,18.433,18.433,18.433,18.433,18.433,18.433,18.433
2011-04-26 09:00:00,15.459,15.459,15.459,15.459,15.459,15.459,15.459,15.459,15.459,15.459,15.459,15.459
2011-04-26 10:00:00,15.302,15.302,15.302,15.302,15.302,15.302,15.302,15.302,15.302,15.302,15.302,15.302
2011-04-26 11:00:00,15.121,15.121,15.121,15.121,15.121,15.121,15.121,15.121,15.121,15.121,15.121,15.121
2011-04-26 12:00:00,15.121,15.121,15.121,15.121,15.121,15.121,15.121,15.121,15.121,15.121,15.121,15.121
2011-04-26 13:00:00,15.121,15.121,15.121,15.121,15.121,15.121,15.121,15.121,15.121,15.121,15.121,15.121
2011-04-26 14:00:00,18.406,18.406,18.406,18.406,18.406,18.406,18.406,18.406,18.406,18.406,18.406,18.406
2011-04-26 15:00:00,21.387,21.387,21.387,21.387,21.387,21.387,21.387,21.387,21.387,21.387,21.387,21.387
2011-04-26 16:00:00,24.291,24.291,24.291,24.291,24.291,24.291,24.291,24.291,24.291,24.291,24.291,24.291
2011-04-26 17:00:00,24.541,24.541,24.541,24.541,24.541,24.541,24.541,24.541,24.541,24.541,24.541,24.541
2011-04-26 18:00:00,24.541,24.541,24.541,24.541,24.541,24.541,24.541,24.541,24.541,24.541,24.541,24.541
2011-04-26 19:00:00,24.541,24.541,24.541,24.541,24.541,24.541,24.541,24.541,24.541,24.541,24.541,24.541
2011-04-26 20:00:00,24.541,24.541,24.541,24.541,24.541,24.541,24.541,24.541,24.541,24.541,24.541,24.541
2011-04-26 21:00:00,24.541,24.541,24.541,24.541,24.541,24.541,24.541,24.541,24.541,24.541,24.541,24.541
2011-04-26 22:00:00,24.541,24.541,24.541,24.541,24.541,24.541,24.541,24.541,24.541,24.541,24.541,24.541
2011-04-26 23:00:00,24.541,24.541,24.541,24.541,24.541,24.541,24.541,24.541,24.541,24.541,24.541,24.541
2011-04-27 00:00:00,24.196,24.196,24.196,24.196,24.196,24.196,24.196,24.196,24.196,24.196,24.196,24.196
2011-04-27 01:00:00,24.196,24.196,24.196,24.196,24.196,24.196,24.196,24.196,24.196,24.196,24.196,24.196
2011-04-27 02:00:00,24.196,24.196,24.196,24.196,24.196,24.196,24.196,24.196,24.196,24.196,24.196,24.196
2011-04-27 03:00:00,24.196,24.196,24.196,24.196,24.196,24.196,24.196,24.196,24.196,24.196,24.196,24.196
2011-04-27 04:00:00,24.196,24.196,24.196,24.196,24.196,24.196,24.196,24.196,24.196,24.196,24.196,24.196
2011-04-27 05:00:00,24.196,24.196,24.196,24.196,24.196,24.196,24.196,24.196,24.196,24.196,24.196,24.196
2011-04-27 06:00:00,23.104,23.104,23.104,23.104,23.104,23.104,23.104,23.104,23.104,23.104,23.104,23.104
2011-04-27 07:00:00,20.11,20.11,20.11,20.11,20.11,20.11,20.11,20.11,20.11,20.11,20.11,20.11
2011-04-27 08:00:00,18.846,18.846,18.846,18.846,18.846,18.846,18.846,18.846,18.846,18.846,18.846,18.846
2011-04-27 09:00:00,18.06,18.06,18.06,18.06,18.06,18.06,18.06,18.06,18.06,18.06,18.06,18.06
2011-04-27 10:00:00,18.631,18.631,18.631,18.631,18.631,18.631,18.631,18.631,18.631,18.631,18.631,18.631
2011-04-27 11:00:00,17.666,17.666,17.666,17.666,17.666,17.666,17.666,17.666,17.666,17.666,17.666,17.666
2011-04-27 12:00:00,17.666,17.666,17.666,17.666,17.666,17.666,17.666,17.666,17.666,17.666,17.666,17.666
2011-04-27 13:00:00,18.008,18.008,18.008,18.008,18.008,18.008,18.008,18.008,18.008,18.008,18.008,18.008
2011-04-27 14:00:00,18.156,18.156,18.156,18.156,18.156,18.156,18.156,18.156,18.156,18.156,18.156,18.156
2011-04-27 15:00:00,21.782,21.782,21.782,21.782,21.782,21.782,21.782,21.782,21.782,21.782,21.782,21.782
2011-04-27 16:00:00,24.196,24.196,24.196,24.196,24.196,24.196,24.196,24.196,24.196,24.196,24.196,24.196
2011-04-27 17:00:00,24.196,24.196,24.196,24.196,24.196,24.196,24.196,24.196,24.196,24.196,24.196,24.196
2011-04-27 18:00:00,24.196,24.196,24.196,24.196,24.196,24.196,24.196,24.196,24.196,24.196,24.196,24.196
2011-04-27 19:00:00,24.196,24.196,24.196,24.196,24.196,24.196,24.196,24.196,24.196,24.196,24.196,24.196
2011-04-27 20:00:00,24.196,24.196,24.196,24.196,24.196,24.196,24.196,24.196,24.196,24.196,24.196,24.196
2011-04-27 21:00:00,24.196,24.196,24.196,24.196,24.196,24.196,24.196,24.196,24.196,24.196,24.196,24.196
2011-04-27 22:00:00,24.196,24.196,24.196,24.196,24.196,24.196,24.196,24.196,24.196,24.196,24.196,24.196
2011-04-27 23:00:00,24.196,24.196,24.196,24.196,24.196,24.196,24.196,24.196,24.196,24.196,24.196,24.196
2011-04-28 00:00:00,24.879,24.879,24.879,24.879,24.879,24.879,24.879,24.879,24.879,24.879,24.879,24.879
2011-04-28 01:00:00,24.879,24.879,24.879,24.879,24.879,24.879,24.879,24.879,24.879,24.879,24.879,24.879
2011-04-28 02:00:00,24.879,24.879,24.879,24.879,24.879,24.879,24.879,24.879,24.879,24.879,24.879,24.879
2011-04-28 03:00:00,24.879,24.879,24.879,24.879,24.879,24.879,24.879,24.879,24.879,24.879,24.879,24.879
2011-04-28 04:00:00,24.879,24.879,24.879,24.879,24.879,24.879,24.879,24.879,24.879,24.879,24.879,24.879
2011-04-28 05:00:00,24.931,24.931,24.931,24.931,24.931,24.931,24.931,24.931,24.931,24.931,24.931,24.931
2011-04-28 06:00:00,23.57,23.57,23.57,23.57,23.57,23.57,23.57,23.57,23.57,23.57,23.57,23.57
2011-04-28 07:00:00,21.927,21.927,21.927,21.927,21.927,21.927,21.927,21.927,21.927,21.927,21.927,21.927
2011-04-28 08:00:00,18.56,18.56,18.56,18.56,18.56,18.56,18.56,18.56,18.56,18.56,18.56,18.56
2011-04-28 09:00:00,16.129,16.129,16.129,16.129,16.129,16.129,16.129,16.129,16.129,16.129,16.129,16.129
2011-04-28 10:00:00,15.938,15.938,15.938,15.938,15.938,15.938,15.938,15.938,15.938,15.938,15.938,15.938
2011-04-28 11:00:00,15.938,15.938,15.938,15.938,15.938,15.938,15.938,15.938,15.938,15.938,15.938,15.938
2011-04-28 12:00:00,15.938,15.938,15.938,15.938,15.938,15.938,15.938,15.938,15.938,15.938,15.938,15.938
2011-04-28 13:00:00,18.308,18.308,18.308,18.308,18.308,18.308,18.308,18.308,18.308,18.308,18.308,18.308
2011-04-28 14:00:00,19.13,19.13,19.13,19.13,19.13,19.13,19.13,19.13,19.13,19.13,19.13,19.13
2011-04-28 15:00:00,22.765,22.765,22.765,22.765,22.765,22.765,22.765,22.765,22.765,22.765,22.765,22.765
2011-04-28 16:00:00,24.512,24.512,24.512,24.512,24.512,24.512,24.512,24.512,24.512,24.512,24.512,24.512
2011-04-28 17:00:00,24.879,24.879,24.879,24.879,24.879,24.879,24.879,24.879,24.879,24.879,24.879,24.879
2011-04-28 18:00:00,24.879,24.879,24.879,24.879,24.879,24.879,24.879,24.879,24.879,24.879,24.879,24.879
2011-04-28 19:00:00,24.879,24.879,24.879,24.879,24.879,24.879,24.879,24.879,24.879,24.879,24.879,24.879
2011-04-28 20:00:00,24.879,24.879,24.879,24.879,24.879,24.879,24.879,24.879,24.879,24.879,24.879,24.879
2011-04-28 21:00:00,24.879,24.879,24.879,24.879,24.879,24.879,24.879,24.879,24.879,24.879,24.879,24.879
2011-04-28 22:00:00,24.879,24.879,24.879,24.879,24.879,24.879,24.879,24.879,24.879,24.879,24.879,24.879
2011-04-28 23:00:00,24.879,24.879,24.879,24.879,24.879,24.879,24.879,24.879,24.879,24.879,24.879,24.879
2011-04-29 00:00:00,20.825,20.825,20.825,20.825,20.825,20.825,20.825,20.825,20.825,20.825,20.825,20.825
2011-04-29 01:00:00,20.825,20.825,20.825,20.825,20.825,20.825,20.825,20.825,20.825,20.825,20.825,20.825
2011-04-29 02:00:00,20.825,20.825,20.825,20.825,20.825,20.825,20.825,20.825,20.825,20.825,20.825,20.825
2011-04-29 03:00:00,20.825,20.825,20.825,20.825,20.825,20.825,20.825,20.825,20.825,20.825,20.825,20.825
2011-04-29 04:00:00,20.825,20.825,20.825,20.825,20.825,20.825,20.825,20.825,20.825,20.825,20.825,20.825
2011-04-29 05:00:00,20.825,20.825,20.825,20.825,20.825,20.825,20.825,20.825,20.825,20.825,20.825,20.825
2011-04-29 06:00:00,19.519,19.519,19.519,19.519,19.519,19.519,19.519,19.519,19.519,19.519,19.519,19.519
2011-04-29 07:00:00,18.754,18.754,18.754,18.754,18.754,18.754,18.754,18.754,18.754,18.754,18.754,18.754
2011-04-29 08:00:00,17.717,17.717,17.717,17.717,17.717,17.717,17.717,17.717,17.717,17.717,17.717,17.717
2011-04-29 09:00:00,13.304,13.304,13.304,13.304,13.304,13.304,13.304,13.304,13.304,13.304,13.304,13.304
2011-04-29 10:00:00,12.684,12.684,12.684,12.684,12.684,12.684,12.684,12.684,12.684,12.684,12.684,12.684
2011-04-29 11:00:00,12.684,12.684,12.684,12.684,12.684,12.684,12.684,12.684,12.684,12.684,12.684,12.684
2011-04-29 12:00:00,12.684,12.684,12.684,12.684,12.684,12.684,12.684,12.684,12.684,12.684,12.684,12.684
2011-04-29 13:00:00,13.818,13.818,13.818,13.818,13.818,13.818,13.818,13.818,13.818,13.818,13.818,13.818
2011-04-29 14:00:00,13.818,13.818,13.818,13.818,13.818,13.818,13.818,13.818,13.818,13.818,13.818,13.818
2011-04-29 15:00:00,18.831,18.831,18.831,18.831,18.831,18.831,18.831,18.831,18.831,18.831,18.831,18.831
2011-04-29 16:00:00,20.613,20.613,20.613,20.613,20.613,20.613,20.613,20.613,20.613,20.613,20.613,20.613
2011-04-29 17:00:00,20.825,20.825,20.825,20.825,20.825,20.825,20.825,20.825,20.825,20.825,20.825,20.825
2011-04-29 18:00:00,20.825,20.825,20.825,20.825,20.825,20.825,20.825,20.825,20.825,20.825,20.825,20.825
2011-04-29 19:00:00,20.825,20.825,20.825,20.825,20.825,20.825,20.825,20.825,20.825,20.825,20.825,20.825
2011-04-29 20:00:00,20.825,20.825,20.825,20.825,20.825,20.825,20.825,20.825,20.825,20.825,20.825,20.825
2011-04-29 21:00:00,20.825,20.825,20.825,20.825,20.825,20.825,20.825,20.825,20.825,20.825,20.825,20.825
2011-04-29 22:00:00,20.825,20.825,20.825,20.825,20.825,20.825,20.825,20.825,20.825,20.825,20.825,20.825
2011-04-29 23:00:00,20.825,20.825,20.825,20.825,20.825,20.825,20.825,20.825,20.825,20.825,20.825,20.825
2011-04-30 00:00:00,20.065,20.065,20.065,20.065,20.065,20.065,20.065,20.065,20.065,20.065,20.065,20.065
2011-04-30 01:00:00,20.065,20.065,20.065,20.065,20.065,20.065,20.065,20.065,20.065,20.065,20.065,20.065
2011-04-30 02:00:00,20.065,20.065,20.065,20.065,20.065,20.065,20.065,20.065,20.065,20.065,20.065,20.065
2011-04-30 03:00:00,20.065,20.065,20.065,20.065,20.065,20.065,20.065,20.065,20.065,20.065,20.065,20.065
2011-04-30 04:00:00,20.065,20.065,20.065,20.065,20.065,20.065,20.065,20.065,20.065,20.065,20.065,20.065
2011-04-30 05:00:00,20.065,20.065,20.065,20.065,20.065,20.065,20.065,20.065,20.065,20.065,20.065,20.065
2011-04-30 06:00:00,20.065,20.065,20.065,20.065,20.065,20.065,20.065,20.065,20.065,20.065,20.065,20.065
2011-04-30 07:00:00,19.134,19.134,19.134,19.134,19.134,19.134,19.134,19.134,19.134,19.134,19.134,19.134
2011-04-30 08:00:00,8.398,8.398,8.398,8.398,8.398,8.398,8.398,8.398,8.398,8.398,8.398,8.398
2011-04-30 09:00:00,6.385,6.385,6.385,6.385,6.385,6.385,6.385,6.385,6.385,6.385,6.385,6.385
2011-04-30 10:00:00,6.385,6.385,6.385,6.385,6.385,6.385,6.385,6.385,6.385,6.385,6.385,6.385
2011-04-30 11:00:00,6.385,6.385,6.385,6.385,6.385,6.385,6.385,6.385,6.385,6.385,6.385,6.385
2011-04-30 12:00:00,6.385,6.385,6.385,6.385,6.385,6.385,6.385,6.385,6.385,6.385,6.385,6.385
2011-04-30 13:00:00,6.385,6.385,6.385,6.385,6.385,6.385,6.385,6.385,6.385,6.385,6.385,6.385
2011-04-30 14:00:00,16.931,16.931,16.931,16.931,16.931,16.931,16.931,16.931,16.931,16.931,16.931,16.931
2011-04-30 15:00:00,19.145,19.145,19.145,19.145,19.145,19.145,19.145,19.145,19.145,19.145,19.145,19.145
2011-04-30 16:00:00,19.446,19.446,19.446,19.446,19.446,19.446,19.446,19.446,19.446,19.446,19.446,19.446
2011-04-30 17:00:00,20.065,20.065,20.065,20.065,20.065,20.065,20.065,20.065,20.065,20.065,20.065,20.065
2011-04-30 18:00:00,20.065,20.065,20.065,20.065,20.065,20.065,20.065,20.065,20.065,20.065,20.065,20.065
2011-04-30 19:00:00,20.065,20.065,20.065,20.065,20.065,20.065,20.065,20.065,20.065,20.065,20.065,20.065
2011-04-30 20:00:00,20.065,20.065,20.065,20.065,20.065,20.065,20.065,20.065,20.065,20.065,20.065,20.065
2011-04-30 21:00:00,20.065,20.065,20.065,20.065,20.065,20.065,20.065,20.065,20.065,20.065,20.065,20.065
2011-04-30 22:00:00,20.065,20.065,20.065,20.065,20.065,20.065,20.065,20.065,20.065,20.065,20.065,20.065
2011-04-30 23:00:00,20.065,20.065,20.065,20.065,20.065,20.065,20.065,20.065,20.065,20.065,20.065,20.065
2011-05-01 00:00:00,23.399,23.399,23.399,23.399,23.399,23.399,23.399,23.399,23.399,23.399,23.399,23.399
2011-05-01 01:00:00,23.399,23.399,23.399,23.399,23.399,23.399,23.399,23.399,23.399,23.399,23.399,23.399
2011-05-01 02:00:00,23.399,23.399,23.399,23.399,23.399,23.399,23.399,23.399,23.399,23.399,23.399,23.399
2011-05-01 03:00:00,23.399,23.399,23.399,23.399,23.399,23.399,23.399,23.399,23.399,23.399,23.399,23.399
2011-05-01 04:00:00,23.399,23.399,23.399,23.399,23.399,23.399,23.399,23.399,23.399,23.399,23.399,23.399
2011-05-01 05:00:00,23.504,23.504,23.504,23.504,23.504,23.504,23.504,23.504,23.504,23.504,23.504,23.504
2011-05-01 06:00:00,23.245,23.245,23.245,23.245,23.245,23.245,23.245,23.245,23.245,23.245,23.245,23.245
2011-05-01 07:00:00,22.73,22.73,22.73,22.73,22.73,22.73,22.73,22.73,22.73,22.73,22.73,22.73
2011-05-01 08:00:00,9.344,9.344,9.344,9.344,9.344,9.344,9.344,9.344,9.344,9.344,9.344,9.344
2011-05-01 09:00:00,7.324,7.324,7.324,7.324,7.324,7.324,7.324,7.324,7.324,7.324,7.324,7.324
2011-05-01 10:00:00,7.324,7.324,7.324,7.324,7.324,7.324,7.324,7.324,7.324,7.324,7.324,7.324
2011-05-01 11:00:00,7.324,7.324,7.324,7.324,7.324,7.324,7.324,7.324,7.324,7.324,7.324,7.324
2011-05-01 12:00:00,7.324,7.324,7.324,7.324,7.324,7.324,7.324,7.324,7.324,7.324,7.324,7.324
2011-05-01 13:00:00,7.529,7.529,7.529,7.529,7.529,7.529,7.529,7.529,7.529,7.529,7.529,7.529
2011-05-01 14:00:00,13.566,13.566,13.566,13.566,13.566,13.566,13.566,13.566,13.566,13.566,13.566,13.566
2011-05-01 15:00:00,22.144,22.144,22.144,22.144,22.144,22.144,22.144,22.144,22.144,22.144,22.144,22.144
2011-05-01 16:00:00,22.73,22.73,22.73,22.73,22.73,22.73,22.73,22.73,22.73,22.73,22.73,22.73
2011-05-01 17:00:00,23.245,23.245,23.245,23.245,23.245,23.245,23.245,23.245,23.245,23.245,23.245,23.245
2011-05-01 18:00:00,23.245,23.245,23.245,23.245,23.245,23.245,23.245,23.245,23.245,23.245,23.245,23.245
2011-05-01 19:00:00,23.245,23.245,23.245,23.245,23.245,23.245,23.245,23.245,23.245,23.245,23.245,23.245
2011-05-01 20:00:00,23.245,23.245,23.245,23.245,23.245,23.245,23.245,23.245,23.245,23.245,23.245,23.245
2011-05-01 21:00:00,23.345,23.345,23.345,23.345,23.345,23.345,23.345,23.345,23.345,23.345,23.345,23.345
2011-05-01 22:00:00,23.245,23.245,23.245,23.245,23.245,23.245,23.245,23.245,23.245,23.245,23.245,23.245
2011-05-01 23:00:00,23.245,23.245,23.245,23.245,23.245,23.245,23.245,23.245,23.245,23.245,23.245,23.245
2011-05-02 00:00:00,24.045,24.045,24.045,24.045,24.045,24.045,24.045,24.045,24.045,24.045,24.045,24.045
2011-05-02 01:00:00,24.045,24.045,24.045,24.045,24.045,24.045,24.045,24.045,24.045,24.045,24.045,24.045
2011-05-02 02:00:00,24.045,24.045,24.045,24.045,24.045,24.045,24.045,24.045,24.045,24.045,24.045,24.045
2011-05-02 03:00:00,24.045,24.045,24.045,24.045,24.045,24.045,24.045,24.045,24.045,24.045,24.045,24.045
2011-05-02 04:00:00,24.045,24.045,24.045,24.045,24.045,24.045,24.045,24.045,24.045,24.045,24.045,24.045
2011-05-02 05:00:00,24.045,24.045,24.045,24.045,24.045,24.045,24.045,24.045,24.045,24.045,24.045,24.045
2011-05-02 06:00:00,22.251,22.251,22.251,22.251,22.251,22.251,22.251,22.251,22.251,22.251,22.251,22.251
2011-05-02 07:00:00,12.344,12.344,12.344,12.344,12.344,12.344,12.344,12.344,12.344,12.344,12.344,12.344
2011-05-02 08:00:00,8.892,8.892,8.892,8.892,8.892,8.892,8.892,8.892,8.892,8.892,8.892,8.892
2011-05-02 09:00:00,8.892,8.892,8.892,8.892,8.892,8.892,8.892,8.892,8.892,8.892,8.892,8.892
2011-05-02 10:00:00,8.892,8.892,8.892,8.892,8.892,8.892,8.892,8.892,8.892,8.892,8.892,8.892
2011-05-02 11:00:00,8.892,8.892,8.892,8.892,8.892,8.892,8.892,8.892,8.892,8.892,8.892,8.892
2011-05-02 12:00:00,11.647,11.647,11.647,11.647,11.647,11.647,11.647,11.647,11.647,11.647,11.647,11.647
2011-05-02 13:00:00,12.888,12.888,12.888,12.888,12.888,12.888,12.888,12.888,12.888,12.888,12.888,12.888
2011-05-02 14:00:00,17.787,17.787,17.787,17.787,17.787,17.787,17.787,17.787,17.787,17.787,17.787,17.787
2011-05-02 15:00:00,21.579,21.579,21.579,21.579,21.579,21.579,21.579,21.579,21.579,21.579,21.579,21.579
2011-05-02 16:00:00,23.357,23.357,23.357,23.357,23.357,23.357,23.357,23.357,23.357,23.357,23.357,23.357
2011-05-02 17:00:00,24.045,24.045,24.045,24.045,24.045,24.045,24.045,24.045,24.045,24.045,24.045,24.045
2011-05-02 18:00:00,24.045,24.045,24.045,24.045,24.045,24.045,24.045,24.045,24.045,24.045,24.045,24.045
2011-05-02 19:00:00,24.215,24.215,24.215,24.215,24.215,24.215,24.215,24.215,24.215,24.215,24.215,24.215
2011-05-02 20:00:00,24.215,24.215,24.215,24.215,24.215,24.215,24.215,24.215,24.215,24.215,24.215,24.215
2011-05-02 21:00:00,24.215,24.215,24.215,24.215,24.215,24.215,24.215,24.215,24.215,24.215,24.215,24.215
2011-05-02 22:00:00,24.045,24.045,24.045,24.045,24.045,24.045,24.045,24.045,24.045,24.045,24.045,24.045
2011-05-02 23:00:00,24.045,24.045,24.045,24.045,24.045,24.045,24.045,24.045,24.045,24.045,24.045,24.045
2011-05-03 00:00:00,25.373,25.373,25.373,25.373,25.373,25.373,25.373,25.373,25.373,25.373,25.373,25.373
2011-05-03 01:00:00,25.373,25.373,25.373,25.373,25.373,25.373,25.373,25.373,25.373,25.373,25.373,25.373
2011-05-03 02:00:00,25.373,25.373,25.373,25.373,25.373,25.373,25.373,25.373,25.373,25.373,25.373,25.373
2011-05-03 03:00:00,25.373,25.373,25.373,25.373,25.373,25.373,25.373,25.373,25.373,25.373,25.373,25.373
2011-05-03 04:00:00,25.373,25.373,25.373,25.373,25.373,25.373,25.373,25.373,25.373,25.373,25.373,25.373
2011-05-03 05:00:00,25.373,25.373,25.373,25.373,25.373,25.373,25.373,25.373,25.373,25.373,25.373,25.373
2011-05-03 06:00:00,22.976,22.976,22.976,22.976,22.976,22.976,22.976,22.976,22.976,22.976,22.976,22.976
2011-05-03 07:00:00,19.608,19.608,19.608,19.608,19.608,19.608,19.608,19.608,19.608,19.608,19.608,19.608
2011-05-03 08:00:00,18.293,18.293,18.293,18.293,18.293,18.293,18.293,18.293,18.293,18.293,18.293,18.293
2011-05-03 09:00:00,17.398,17.398,17.398,17.398,17.398,17.398,17.398,17.398,17.398,17.398,17.398,17.398
2011-05-03 10:00:00,18.376,18.376,18.376,18.376,18.376,18.376,18.376,18.376,18.376,18.376,18.376,18.376
2011-05-03 11:00:00,18.376,18.376,18.376,18.376,18.376,18.376,18.376,18.376,18.376,18.376,18.376,18.376
2011-05-03 12:00:00,18.744,18.744,18.744,18.744,18.744,18.744,18.744,18.744,18.744,18.744,18.744,18.744
2011-05-03 13:00:00,18.757,18.757,18.757,18.757,18.757,18.757,18.757,18.757,18.757,18.757,18.757,18.757
2011-05-03 14:00:00,19.0,19.0,19.0,19.0,19.0,19.0,19.0,19.0,19.0,19.0,19.0,19.0
2011-05-03 15:00:00,22.199,22.199,22.199,22.199,22.199,22.199,22.199,22.199,22.199,22.199,22.199,22.199
2011-05-03 16:00:00,24.7,24.7,24.7,24.7,24.7,24.7,24.7,24.7,24.7,24.7,24.7,24.7
2011-05-03 17:00:00,25.373,25.373,25.373,25.373,25.373,25.373,25.373,25.373,25.373,25.373,25.373,25.373
2011-05-03 18:00:00,25.373,25.373,25.373,25.373,25.373,25.373,25.373,25.373,25.373,25.373,25.373,25.373
2011-05-03 19:00:00,25.373,25.373,25.373,25.373,25.373,25.373,25.373,25.373,25.373,25.373,25.373,25.373
2011-05-03 20:00:00,25.373,25.373,25.373,25.373,25.373,25.373,25.373,25.373,25.373,25.373,25.373,25.373
2011-05-03 21:00:00,25.373,25.373,25.373,25.373,25.373,25.373,25.373,25.373,25.373,25.373,25.373,25.373
2011-05-03 22:00:00,25.373,25.373,25.373,25.373,25.373,25.373,25.373,25.373,25.373,25.373,25.373,25.373
2011-05-03 23:00:00,25.373,25.373,25.373,25.373,25.373,25.373,25.373,25.373,25.373,25.373,25.373,25.373
2011-05-04 00:00:00,27.13,27.13,27.13,27.13,27.13,27.13,27.13,27.13,27.13,27.13,27.13,27.13
2011-05-04 01:00:00,27.13,27.13,27.13,27.13,27.13,27.13,27.13,27.13,27.13,27.13,27.13,27.13
2011-05-04 02:00:00,27.13,27.13,27.13,27.13,27.13,27.13,27.13,27.13,27.13,27.13,27.13,27.13
2011-05-04 03:00:00,27.13,27.13,27.13,27.13,27.13,27.13,27.13,27.13,27.13,27.13,27.13,27.13
2011-05-04 04:00:00,27.13,27.13,27.13,27.13,27.13,27.13,27.13,27.13,27.13,27.13,27.13,27.13
2011-05-04 05:00:00,27.13,27.13,27.13,27.13,27.13,27.13,27.13,27.13,27.13,27.13,27.13,27.13
2011-05-04 06:00:00,23.031,23.031,23.031,23.031,23.031,23.031,23.031,23.031,23.031,23.031,23.031,23.031
2011-05-04 07:00:00,18.076,18.076,18.076,18.076,18.076,18.076,18.076,18.076,18.076,18.076,18.076,18.076
2011-05-04 08:00:00,17.434,17.434,17.434,17.434,17.434,17.434,17.434,17.434,17.434,17.434,17.434,17.434
2011-05-04 09:00:00,17.434,17.434,17.434,17.434,17.434,17.434,17.434,17.434,17.434,17.434,17.434,17.434
2011-05-04 10:00:00,20.511,20.511,20.511,20.511,20.511,20.511,20.511,20.511,20.511,20.511,20.511,20.511
2011-05-04 11:00:00,20.753,20.753,20.753,20.753,20.753,20.753,20.753,20.753,20.753,20.753,20.753,20.753
2011-05-04 12:00:00,20.753,20.753,20.753,20.753,20.753,20.753,20.753,20.753,20.753,20.753,20.753,20.753
2011-05-04 13:00:00,20.921,20.921,20.921,20.921,20.921,20.921,20.921,20.921,20.921,20.921,20.921,20.921
2011-05-04 14:00:00,20.921,20.921,20.921,20.921,20.921,20.921,20.921,20.921,20.921,20.921,20.921,20.921
2011-05-04 15:00:00,21.948,21.948,21.948,21.948,21.948,21.948,21.948,21.948,21.948,21.948,21.948,21.948
2011-05-04 16:00:00,27.009,27.009,27.009,27.009,27.009,27.009,27.009,27.009,27.009,27.009,27.009,27.009
2011-05-04 17:00:00,27.13,27.13,27.13,27.13,27.13,27.13,27.13,27.13,27.13,27.13,27.13,27.13
2011-05-04 18:00:00,27.13,27.13,27.13,27.13,27.13,27.13,27.13,27.13,27.13,27.13,27.13,27.13
2011-05-04 19:00:00,27.13,27.13,27.13,27.13,27.13,27.13,27.13,27.13,27.13,27.13,27.13,27.13
2011-05-04 20:00:00,27.13,27.13,27.13,27.13,27.13,27.13,27.13,27.13,27.13,27.13,27.13,27.13
2011-05-04 21:00:00,27.13,27.13,27.13,27.13,27.13,27.13,27.13,27.13,27.13,27.13,27.13,27.13
2011-05-04 22:00:00,27.13,27.13,27.13,27.13,27.13,27.13,27.13,27.13,27.13,27.13,27.13,27.13
2011-05-04 23:00:00,27.13,27.13,27.13,27.13,27.13,27.13,27.13,27.13,27.13,27.13,27.13,27.13
2011-05-05 00:00:00,27.497,27.497,27.497,27.497,27.497,27.497,27.497,27.497,27.497,27.497,27.497,27.497
2011-05-05 01:00:00,27.497,27.497,27.497,27.497,27.497,27.497,27.497,27.497,27.497,27.497,27.497,27.497
2011-05-05 02:00:00,27.497,27.497,27.497,27.497,27.497,27.497,27.497,27.497,27.497,27.497,27.497,27.497
2011-05-05 03:00:00,27.497,27.497,27.497,27.497,27.497,27.497,27.497,27.497,27.497,27.497,27.497,27.497
2011-05-05 04:00:00,27.497,27.497,27.497,27.497,27.497,27.497,27.497,27.497,27.497,27.497,27.497,27.497
2011-05-05 05:00:00,27.497,27.497,27.497,27.497,27.497,27.497,27.497,27.497,27.497,27.497,27.497,27.497
2011-05-05 06:00:00,20.608,20.608,20.608,20.608,20.608,20.608,20.608,20.608,20.608,20.608,20.608,20.608
2011-05-05 07:00:00,18.416,18.416,18.416,18.416,18.416,18.416,18.416,18.416,18.416,18.416,18.416,18.416
2011-05-05 08:00:00,17.905,17.905,17.905,17.905,17.905,17.905,17.905,17.905,17.905,17.905,17.905,17.905
2011-05-05 09:00:00,15.302,15.302,15.302,15.302,15.302,15.302,15.302,15.302,15.302,15.302,15.302,15.302
2011-05-05 10:00:00,15.302,15.302,15.302,15.302,15.302,15.302,15.302,15.302,15.302,15.302,15.302,15.302
2011-05-05 11:00:00,15.302,15.302,15.302,15.302,15.302,15.302,15.302,15.302,15.302,15.302,15.302,15.302
2011-05-05 12:00:00,15.302,15.302,15.302,15.302,15.302,15.302,15.302,15.302,15.302,15.302,15.302,15.302
2011-05-05 13:00:00,17.395,17.395,17.395,17.395,17.395,17.395,17.395,17.395,17.395,17.395,17.395,17.395
2011-05-05 14:00:00,17.535,17.535,17.535,17.535,17.535,17.535,17.535,17.535,17.535,17.535,17.535,17.535
2011-05-05 15:00:00,21.45,21.45,21.45,21.45,21.45,21.45,21.45,21.45,21.45,21.45,21.45,21.45
2011-05-05 16:00:00,26.711,26.711,26.711,26.711,26.711,26.711,26.711,26.711,26.711,26.711,26.711,26.711
2011-05-05 17:00:00,27.497,27.497,27.497,27.497,27.497,27.497,27.497,27.497,27.497,27.497,27.497,27.497
2011-05-05 18:00:00,27.497,27.497,27.497,27.497,27.497,27.497,27.497,27.497,27.497,27.497,27.497,27.497
2011-05-05 19:00:00,27.497,27.497,27.497,27.497,27.497,27.497,27.497,27.497,27.497,27.497,27.497,27.497
2011-05-05 20:00:00,27.497,27.497,27.497,27.497,27.497,27.497,27.497,27.497,27.497,27.497,27.497,27.497
2011-05-05 21:00:00,27.497,27.497,27.497,27.497,27.497,27.497,27.497,27.497,27.497,27.497,27.497,27.497
2011-05-05 22:00:00,27.497,27.497,27.497,27.497,27.497,27.497,27.497,27.497,27.497,27.497,27.497,27.497
2011-05-05 23:00:00,27.497,27.497,27.497,27.497,27.497,27.497,27.497,27.497,27.497,27.497,27.497,27.497
2011-05-06 00:00:00,19.205,19.205,19.205,19.205,19.205,19.205,19.205,19.205,19.205,19.205,19.205,19.205
2011-05-06 01:00:00,19.205,19.205,19.205,19.205,19.205,19.205,19.205,19.205,19.205,19.205,19.205,19.205
2011-05-06 02:00:00,19.205,19.205,19.205,19.205,19.205,19.205,19.205,19.205,19.205,19.205,19.205,19.205
2011-05-06 03:00:00,19.205,19.205,19.205,19.205,19.205,19.205,19.205,19.205,19.205,19.205,19.205,19.205
2011-05-06 04:00:00,19.205,19.205,19.205,19.205,19.205,19.205,19.205,19.205,19.205,19.205,19.205,19.205
2011-05-06 05:00:00,19.205,19.205,19.205,19.205,19.205,19.205,19.205,19.205,19.205,19.205,19.205,19.205
2011-05-06 06:00:00,17.591,17.591,17.591,17.591,17.591,17.591,17.591,17.591,17.591,17.591,17.591,17.591
2011-05-06 07:00:00,11.578,11.578,11.578,11.578,11.578,11.578,11.578,11.578,11.578,11.578,11.578,11.578
2011-05-06 08:00:00,9.31,9.31,9.31,9.31,9.31,9.31,9.31,9.31,9.31,9.31,9.31,9.31
2011-05-06 09:00:00,9.31,9.31,9.31,9.31,9.31,9.31,9.31,9.31,9.31,9.31,9.31,9.31
2011-05-06 10:00:00,9.31,9.31,9.31,9.31,9.31,9.31,9.31,9.31,9.31,9.31,9.31,9.31
2011-05-06 11:00:00,9.31,9.31,9.31,9.31,9.31,9.31,9.31,9.31,9.31,9.31,9.31,9.31
2011-05-06 12:00:00,11.024,11.024,11.024,11.024,11.024,11.024,11.024,11.024,11.024,11.024,11.024,11.024
2011-05-06 13:00:00,15.584,15.584,15.584,15.584,15.584,15.584,15.584,15.584,15.584,15.584,15.584,15.584
2011-05-06 14:00:00,15.988,15.988,15.988,15.988,15.988,15.988,15.988,15.988,15.988,15.988,15.988,15.988
2011-05-06 15:00:00,18.892,18.892,18.892,18.892,18.892,18.892,18.892,18.892,18.892,18.892,18.892,18.892
2011-05-06 16:00:00,19.205,19.205,19.205,19.205,19.205,19.205,19.205,19.205,19.205,19.205,19.205,19.205
2011-05-06 17:00:00,19.621,19.621,19.621,19.621,19.621,19.621,19.621,19.621,19.621,19.621,19.621,19.621
2011-05-06 18:00:00,19.205,19.205,19.205,19.205,19.205,19.205,19.205,19.205,19.205,19.205,19.205,19.205
2011-05-06 19:00:00,19.205,19.205,19.205,19.205,19.205,19.205,19.205,19.205,19.205,19.205,19.205,19.205
2011-05-06 20:00:00,19.205,19.205,19.205,19.205,19.205,19.205,19.205,19.205,19.205,19.205,19.205,19.205
2011-05-06 21:00:00,19.205,19.205,19.205,19.205,19.205,19.205,19.205,19.205,19.205,19.205,19.205,19.205
2011-05-06 22:00:00,19.205,19.205,19.205,19.205,19.205,19.205,19.205,19.205,19.205,19.205,19.205,19.205
2011-05-06 23:00:00,19.205,19.205,19.205,19.205,19.205,19.205,19.205,19.205,19.205,19.205,19.205,19.205
2011-05-07 00:00:00,10.578,10.578,10.578,10.578,10.578,10.578,10.578,10.578,10.578,10.578,10.578,10.578
2011-05-07 01:00:00,9.832,9.832,9.832,9.832,9.832,9.832,9.832,9.832,9.832,9.832,9.832,9.832
2011-05-07 02:00:00,9.832,9.832,9.832,9.832,9.832,9.832,9.832,9.832,9.832,9.832,9.832,9.832
2011-05-07 03:00:00,9.743,9.743,9.743,9.743,9.743,9.743,9.743,9.743,9.743,9.743,9.743,9.743
2011-05-07 04:00:00,9.676,9.676,9.676,9.676,9.676,9.676,9.676,9.676,9.676,9.676,9.676,9.676
2011-05-07 05:00:00,9.743,9.743,9.743,9.743,9.743,9.743,9.743,9.743,9.743,9.743,9.743,9.743
2011-05-07 06:00:00,9.583,9.583,9.583,9.583,9.583,9.583,9.583,9.583,9.583,9.583,9.583,9.583
2011-05-07 07:00:00,8.899,8.899,8.899,8.899,8.899,8.899,8.899,8.899,8.899,8.899,8.899,8.899
2011-05-07 08:00:00,3.739,3.739,3.739,3.739,3.739,3.739,3.739,3.739,3.739,3.739,3.739,3.739
2011-05-07 09:00:00,3.443,3.443,3.443,3.443,3.443,3.443,3.443,3.443,3.443,3.443,3.443,3.443
2011-05-07 10:00:00,3.408,3.408,3.408,3.408,3.408,3.408,3.408,3.408,3.408,3.408,3.408,3.408
2011-05-07 11:00:00,3.408,3.408,3.408,3.408,3.408,3.408,3.408,3.408,3.408,3.408,3.408,3.408
2011-05-07 12:00:00,3.408,3.408,3.408,3.408,3.408,3.408,3.408,3.408,3.408,3.408,3.408,3.408
2011-05-07 13:00:00,3.408,3.408,3.408,3.408,3.408,3.408,3.408,3.408,3.408,3.408,3.408,3.408
2011-05-07 14:00:00,3.479,3.479,3.479,3.479,3.479,3.479,3.479,3.479,3.479,3.479,3.479,3.479
2011-05-07 15:00:00,7.94,7.94,7.94,7.94,7.94,7.94,7.94,7.94,7.94,7.94,7.94,7.94
2011-05-07 16:00:00,9.388,9.388,9.388,9.388,9.388,9.388,9.388,9.388,9.388,9.388,9.388,9.388
2011-05-07 17:00:00,9.583,9.583,9.583,9.583,9.583,9.583,9.583,9.583,9.583,9.583,9.583,9.583
2011-05-07 18:00:00,9.583,9.583,9.583,9.583,9.583,9.583,9.583,9.583,9.583,9.583,9.583,9.583
2011-05-07 19:00:00,9.583,9.583,9.583,9.583,9.583,9.583,9.583,9.583,9.583,9.583,9.583,9.583
2011-05-07 20:00:00,9.583,9.583,9.583,9.583,9.583,9.583,9.583,9.583,9.583,9.583,9.583,9.583
2011-05-07 21:00:00,9.583,9.583,9.583,9.583,9.583,9.583,9.583,9.583,9.583,9.583,9.583,9.583
2011-05-07 22:00:00,9.583,9.583,9.583,9.583,9.583,9.583,9.583,9.583,9.583,9.583,9.583,9.583
2011-05-07 23:00:00,9.583,9.583,9.583,9.583,9.583,9.583,9.583,9.583,9.583,9.583,9.583,9.583
2011-05-08 00:00:00,19.117,19.117,19.117,19.117,19.117,19.117,19.117,19.117,19.117,19.117,19.117,19.117
2011-05-08 01:00:00,19.117,19.117,19.117,19.117,19.117,19.117,19.117,19.117,19.117,19.117,19.117,19.117
2011-05-08 02:00:00,19.21,19.21,19.21,19.21,19.21,19.21,19.21,19.21,19.21,19.21,19.21,19.21
2011-05-08 03:00:00,19.21,19.21,19.21,19.21,19.21,19.21,19.21,19.21,19.21,19.21,19.21,19.21
2011-05-08 04:00:00,19.117,19.117,19.117,19.117,19.117,19.117,19.117,19.117,19.117,19.117,19.117,19.117
2011-05-08 05:00:00,19.21,19.21,19.21,19.21,19.21,19.21,19.21,19.21,19.21,19.21,19.21,19.21
2011-05-08 06:00:00,19.117,19.117,19.117,19.117,19.117,19.117,19.117,19.117,19.117,19.117,19.117,19.117
2011-05-08 07:00:00,18.541,18.541,18.541,18.541,18.541,18.541,18.541,18.541,18.541,18.541,18.541,18.541
2011-05-08 08:00:00,3.758,3.758,3.758,3.758,3.758,3.758,3.758,3.758,3.758,3.758,3.758,3.758
2011-05-08 09:00:00,3.395,3.395,3.395,3.395,3.395,3.395,3.395,3.395,3.395,3.395,3.395,3.395
2011-05-08 10:00:00,3.395,3.395,3.395,3.395,3.395,3.395,3.395,3.395,3.395,3.395,3.395,3.395
2011-05-08 11:00:00,3.395,3.395,3.395,3.395,3.395,3.395,3.395,3.395,3.395,3.395,3.395,3.395
2011-05-08 12:00:00,3.395,3.395,3.395,3.395,3.395,3.395,3.395,3.395,3.395,3.395,3.395,3.395
2011-05-08 13:00:00,3.415,3.415,3.415,3.415,3.415,3.415,3.415,3.415,3.415,3.415,3.415,3.415
2011-05-08 14:00:00,5.685,5.685,5.685,5.685,5.685,5.685,5.685,5.685,5.685,5.685,5.685,5.685
2011-05-08 15:00:00,18.827,18.827,18.827,18.827,18.827,18.827,18.827,18.827,18.827,18.827,18.827,18.827
2011-05-08 16:00:00,19.069,19.069,19.069,19.069,19.069,19.069,19.069,19.069,19.069,19.069,19.069,19.069
2011-05-08 17:00:00,19.143,19.143,19.143,19.143,19.143,19.143,19.143,19.143,19.143,19.143,19.143,19.143
2011-05-08 18:00:00,19.21,19.21,19.21,19.21,19.21,19.21,19.21,19.21,19.21,19.21,19.21,19.21
2011-05-08 19:00:00,19.21,19.21,19.21,19.21,19.21,19.21,19.21,19.21,19.21,19.21,19.21,19.21
2011-05-08 20:00:00,19.21,19.21,19.21,19.21,19.21,19.21,19.21,19.21,19.21,19.21,19.21,19.21
2011-05-08 21:00:00,19.21,19.21,19.21,19.21,19.21,19.21,19.21,19.21,19.21,19.21,19.21,19.21
2011-05-08 22:00:00,19.21,19.21,19.21,19.21,19.21,19.21,19.21,19.21,19.21,19.21,19.21,19.21
2011-05-08 23:00:00,19.21,19.21,19.21,19.21,19.21,19.21,19.21,19.21,19.21,19.21,19.21,19.21
2011-05-09 00:00:00,23.637,23.637,23.637,23.637,23.637,23.637,23.637,23.637,23.637,23.637,23.637,23.637
2011-05-09 01:00:00,23.637,23.637,23.637,23.637,23.637,23.637,23.637,23.637,23.637,23.637,23.637,23.637
2011-05-09 02:00:00,23.637,23.637,23.637,23.637,23.637,23.637,23.637,23.637,23.637,23.637,23.637,23.637
2011-05-09 03:00:00,23.637,23.637,23.637,23.637,23.637,23.637,23.637,23.637,23.637,23.637,23.637,23.637
2011-05-09 04:00:00,23.637,23.637,23.637,23.637,23.637,23.637,23.637,23.637,23.637,23.637,23.637,23.637
2011-05-09 05:00:00,24.163,24.163,24.163,24.163,24.163,24.163,24.163,24.163,24.163,24.163,24.163,24.163
2011-05-09 06:00:00,21.892,21.892,21.892,21.892,21.892,21.892,21.892,21.892,21.892,21.892,21.892,21.892
2011-05-09 07:00:00,18.06,18.06,18.06,18.06,18.06,18.06,18.06,18.06,18.06,18.06,18.06,18.06
2011-05-09 08:00:00,14.739,14.739,14.739,14.739,14.739,14.739,14.739,14.739,14.739,14.739,14.739,14.739
2011-05-09 09:00:00,13.273,13.273,13.273,13.273,13.273,13.273,13.273,13.273,13.273,13.273,13.273,13.273
2011-05-09 10:00:00,18.424,18.424,18.424,18.424,18.424,18.424,18.424,18.424,18.424,18.424,18.424,18.424
2011-05-09 11:00:00,18.671,18.671,18.671,18.671,18.671,18.671,18.671,18.671,18.671,18.671,18.671,18.671
2011-05-09 12:00:00,18.907,18.907,18.907,18.907,18.907,18.907,18.907,18.907,18.907,18.907,18.907,18.907
2011-05-09 13:00:00,19.419,19.419,19.419,19.419,19.419,19.419,19.419,19.419,19.419,19.419,19.419,19.419
2011-05-09 14:00:00,20.176,20.176,20.176,20.176,20.176,20.176,20.176,20.176,20.176,20.176,20.176,20.176
2011-05-09 15:00:00,22.129,22.129,22.129,22.129,22.129,22.129,22.129,22.129,22.129,22.129,22.129,22.129
2011-05-09 16:00:00,23.059,23.059,23.059,23.059,23.059,23.059,23.059,23.059,23.059,23.059,23.059,23.059
2011-05-09 17:00:00,24.068,24.068,24.068,24.068,24.068,24.068,24.068,24.068,24.068,24.068,24.068,24.068
2011-05-09 18:00:00,23.738,23.738,23.738,23.738,23.738,23.738,23.738,23.738,23.738,23.738,23.738,23.738
2011-05-09 19:00:00,23.738,23.738,23.738,23.738,23.738,23.738,23.738,23.738,23.738,23.738,23.738,23.738
2011-05-09 20:00:00,23.637,23.637,23.637,23.637,23.637,23.637,23.637,23.637,23.637,23.637,23.637,23.637
2011-05-09 21:00:00,23.637,23.637,23.637,23.637,23.637,23.637,23.637,23.637,23.637,23.637,23.637,23.637
2011-05-09 22:00:00,23.637,23.637,23.637,23.637,23.637,23.637,23.637,23.637,23.637,23.637,23.637,23.637
2011-05-09 23:00:00,23.637,23.637,23.637,23.637,23.637,23.637,23.637,23.637,23.637,23.637,23.637,23.637
2011-05-10 00:00:00,24.706,24.706,24.706,24.706,24.706,24.706,24.706,24.706,24.706,24.706,24.706,24.706
2011-05-10 01:00:00,24.706,24.706,24.706,24.706,24.706,24.706,24.706,24.706,24.706,24.706,24.706,24.706
2011-05-10 02:00:00,24.706,24.706,24.706,24.706,24.706,24.706,24.706,24.706,24.706,24.706,24.706,24.706
2011-05-10 03:00:00,24.706,24.706,24.706,24.706,24.706,24.706,24.706,24.706,24.706,24.706,24.706,24.706
2011-05-10 04:00:00,24.706,24.706,24.706,24.706,24.706,24.706,24.706,24.706,24.706,24.706,24.706,24.706
2011-05-10 05:00:00,24.879,24.879,24.879,24.879,24.879,24.879,24.879,24.879,24.879,24.879,24.879,24.879
2011-05-10 06:00:00,21.8,21.8,21.8,21.8,21.8,21.8,21.8,21.8,21.8,21.8,21.8,21.8
2011-05-10 07:00:00,20.124,20.124,20.124,20.124,20.124,20.124,20.124,20.124,20.124,20.124,20.124,20.124
2011-05-10 08:00:00,19.542,19.542,19.542,19.542,19.542,19.542,19.542,19.542,19.542,19.542,19.542,19.542
2011-05-10 09:00:00,19.542,19.542,19.542,19.542,19.542,19.542,19.542,19.542,19.542,19.542,19.542,19.542
2011-05-10 10:00:00,19.94,19.94,19.94,19.94,19.94,19.94,19.94,19.94,19.94,19.94,19.94,19.94
2011-05-10 11:00:00,19.94,19.94,19.94,19.94,19.94,19.94,19.94,19.94,19.94,19.94,19.94,19.94
2011-05-10 12:00:00,19.94,19.94,19.94,19.94,19.94,19.94,19.94,19.94,19.94,19.94,19.94,19.94
2011-05-10 13:00:00,21.084,21.084,21.084,21.084,21.084,21.084,21.084,21.084,21.084,21.084,21.084,21.084
2011-05-10 14:00:00,21.252,21.252,21.252,21.252,21.252,21.252,21.252,21.252,21.252,21.252,21.252,21.252
2011-05-10 15:00:00,22.12,22.12,22.12,22.12,22.12,22.12,22.12,22.12,22.12,22.12,22.12,22.12
2011-05-10 16:00:00,24.706,24.706,24.706,24.706,24.706,24.706,24.706,24.706,24.706,24.706,24.706,24.706
2011-05-10 17:00:00,24.706,24.706,24.706,24.706,24.706,24.706,24.706,24.706,24.706,24.706,24.706,24.706
2011-05-10 18:00:00,24.706,24.706,24.706,24.706,24.706,24.706,24.706,24.706,24.706,24.706,24.706,24.706
2011-05-10 19:00:00,24.706,24.706,24.706,24.706,24.706,24.706,24.706,24.706,24.706,24.706,24.706,24.706
2011-05-10 20:00:00,24.706,24.706,24.706,24.706,24.706,24.706,24.706,24.706,24.706,24.706,24.706,24.706
2011-05-10 21:00:00,24.706,24.706,24.706,24.706,24.706,24.706,24.706,24.706,24.706,24.706,24.706,24.706
2011-05-10 22:00:00,24.706,24.706,24.706,24.706,24.706,24.706,24.706,24.706,24.706,24.706,24.706,24.706
2011-05-10 23:00:00,24.706,24.706,24.706,24.706,24.706,24.706,24.706,24.706,24.706,24.706,24.706,24.706
2011-05-11 00:00:00,38.464,38.464,38.464,38.464,38.464,38.464,38.464,38.464,38.464,38.464,38.464,38.464
2011-05-11 01:00:00,38.464,38.464,38.464,38.464,38.464,38.464,38.464,38.464,38.464,38.464,38.464,38.464
2011-05-11 02:00:00,38.464,38.464,38.464,38.464,38.464,38.464,38.464,38.464,38.464,38.464,38.464,38.464
2011-05-11 03:00:00,38.464,38.464,38.464,38.464,38.464,38.464,38.464,38.464,38.464,38.464,38.464,38.464
2011-05-11 04:00:00,38.464,38.464,38.464,38.464,38.464,38.464,38.464,38.464,38.464,38.464,38.464,38.464
2011-05-11 05:00:00,38.636,38.636,38.636,38.636,38.636,38.636,38.636,38.636,38.636,38.636,38.636,38.636
2011-05-11 06:00:00,33.215,33.215,33.215,33.215,33.215,33.215,33.215,33.215,33.215,33.215,33.215,33.215
2011-05-11 07:00:00,22.316,22.316,22.316,22.316,22.316,22.316,22.316,22.316,22.316,22.316,22.316,22.316
2011-05-11 08:00:00,22.164,22.164,22.164,22.164,22.164,22.164,22.164,22.164,22.164,22.164,22.164,22.164
2011-05-11 09:00:00,21.797,21.797,21.797,21.797,21.797,21.797,21.797,21.797,21.797,21.797,21.797,21.797
2011-05-11 10:00:00,21.629,21.629,21.629,21.629,21.629,21.629,21.629,21.629,21.629,21.629,21.629,21.629
2011-05-11 11:00:00,21.629,21.629,21.629,21.629,21.629,21.629,21.629,21.629,21.629,21.629,21.629,21.629
2011-05-11 12:00:00,21.792,21.792,21.792,21.792,21.792,21.792,21.792,21.792,21.792,21.792,21.792,21.792
2011-05-11 13:00:00,21.951,21.951,21.951,21.951,21.951,21.951,21.951,21.951,21.951,21.951,21.951,21.951
2011-05-11 14:00:00,21.951,21.951,21.951,21.951,21.951,21.951,21.951,21.951,21.951,21.951,21.951,21.951
2011-05-11 15:00:00,26.991,26.991,26.991,26.991,26.991,26.991,26.991,26.991,26.991,26.991,26.991,26.991
2011-05-11 16:00:00,38.293,38.293,38.293,38.293,38.293,38.293,38.293,38.293,38.293,38.293,38.293,38.293
2011-05-11 17:00:00,38.464,38.464,38.464,38.464,38.464,38.464,38.464,38.464,38.464,38.464,38.464,38.464
2011-05-11 18:00:00,38.464,38.464,38.464,38.464,38.464,38.464,38.464,38.464,38.464,38.464,38.464,38.464
2011-05-11 19:00:00,38.464,38.464,38.464,38.464,38.464,38.464,38.464,38.464,38.464,38.464,38.464,38.464
2011-05-11 20:00:00,38.464,38.464,38.464,38.464,38.464,38.464,38.464,38.464,38.464,38.464,38.464,38.464
2011-05-11 21:00:00,38.464,38.464,38.464,38.464,38.464,38.464,38.464,38.464,38.464,38.464,38.464,38.464
2011-05-11 22:00:00,38.464,38.464,38.464,38.464,38.464,38.464,38.464,38.464,38.464,38.464,38.464,38.464
2011-05-11 23:00:00,38.464,38.464,38.464,38.464,38.464,38.464,38.464,38.464,38.464,38.464,38.464,38.464
2011-05-12 00:00:00,22.988,22.988,22.988,22.988,22.988,22.988,22.988,22.988,22.988,22.988,22.988,22.988
2011-05-12 01:00:00,22.988,22.988,22.988,22.988,22.988,22.988,22.988,22.988,22.988,22.988,22.988,22.988
2011-05-12 02:00:00,22.988,22.988,22.988,22.988,22.988,22.988,22.988,22.988,22.988,22.988,22.988,22.988
2011-05-12 03:00:00,22.988,22.988,22.988,22.988,22.988,22.988,22.988,22.988,22.988,22.988,22.988,22.988
2011-05-12 04:00:00,23.018,23.018,23.018,23.018,23.018,23.018,23.018,23.018,23.018,23.018,23.018,23.018
2011-05-12 05:00:00,23.659,23.659,23.659,23.659,23.659,23.659,23.659,23.659,23.659,23.659,23.659,23.659
2011-05-12 06:00:00,22.137,22.137,22.137,22.137,22.137,22.137,22.137,22.137,22.137,22.137,22.137,22.137
2011-05-12 07:00:00,23.33,23.33,23.33,23.33,23.33,23.33,23.33,23.33,23.33,23.33,23.33,23.33
2011-05-12 08:00:00,22.322,22.322,22.322,22.322,22.322,22.322,22.322,22.322,22.322,22.322,22.322,22.322
2011-05-12 09:00:00,20.492,20.492,20.492,20.492,20.492,20.492,20.492,20.492,20.492,20.492,20.492,20.492
2011-05-12 10:00:00,18.961,18.961,18.961,18.961,18.961,18.961,18.961,18.961,18.961,18.961,18.961,18.961
2011-05-12 11:00:00,17.589,17.589,17.589,17.589,17.589,17.589,17.589,17.589,17.589,17.589,17.589,17.589
2011-05-12 12:00:00,17.589,17.589,17.589,17.589,17.589,17.589,17.589,17.589,17.589,17.589,17.589,17.589
2011-05-12 13:00:00,17.589,17.589,17.589,17.589,17.589,17.589,17.589,17.589,17.589,17.589,17.589,17.589
2011-05-12 14:00:00,17.589,17.589,17.589,17.589,17.589,17.589,17.589,17.589,17.589,17.589,17.589,17.589
2011-05-12 15:00:00,19.507,19.507,19.507,19.507,19.507,19.507,19.507,19.507,19.507,19.507,19.507,19.507
2011-05-12 16:00:00,22.811,22.811,22.811,22.811,22.811,22.811,22.811,22.811,22.811,22.811,22.811,22.811
2011-05-12 17:00:00,22.988,22.988,22.988,22.988,22.988,22.988,22.988,22.988,22.988,22.988,22.988,22.988
2011-05-12 18:00:00,22.988,22.988,22.988,22.988,22.988,22.988,22.988,22.988,22.988,22.988,22.988,22.988
2011-05-12 19:00:00,22.988,22.988,22.988,22.988,22.988,22.988,22.988,22.988,22.988,22.988,22.988,22.988
2011-05-12 20:00:00,22.988,22.988,22.988,22.988,22.988,22.988,22.988,22.988,22.988,22.988,22.988,22.988
2011-05-12 21:00:00,22.988,22.988,22.988,22.988,22.988,22.988,22.988,22.988,22.988,22.988,22.988,22.988
2011-05-12 22:00:00,22.988,22.988,22.988,22.988,22.988,22.988,22.988,22.988,22.988,22.988,22.988,22.988
2011-05-12 23:00:00,22.988,22.988,22.988,22.988,22.988,22.988,22.988,22.988,22.988,22.988,22.988,22.988
2011-05-13 00:00:00,22.696,22.696,22.696,22.696,22.696,22.696,22.696,22.696,22.696,22.696,22.696,22.696
2011-05-13 01:00:00,22.696,22.696,22.696,22.696,22.696,22.696,22.696,22.696,22.696,22.696,22.696,22.696
2011-05-13 02:00:00,22.696,22.696,22.696,22.696,22.696,22.696,22.696,22.696,22.696,22.696,22.696,22.696
2011-05-13 03:00:00,22.696,22.696,22.696,22.696,22.696,22.696,22.696,22.696,22.696,22.696,22.696,22.696
2011-05-13 04:00:00,22.696,22.696,22.696,22.696,22.696,22.696,22.696,22.696,22.696,22.696,22.696,22.696
2011-05-13 05:00:00,22.867,22.867,22.867,22.867,22.867,22.867,22.867,22.867,22.867,22.867,22.867,22.867
2011-05-13 06:00:00,20.77,20.77,20.77,20.77,20.77,20.77,20.77,20.77,20.77,20.77,20.77,20.77
2011-05-13 07:00:00,18.044,18.044,18.044,18.044,18.044,18.044,18.044,18.044,18.044,18.044,18.044,18.044
2011-05-13 08:00:00,13.343,13.343,13.343,13.343,13.343,13.343,13.343,13.343,13.343,13.343,13.343,13.343
2011-05-13 09:00:00,10.85,10.85,10.85,10.85,10.85,10.85,10.85,10.85,10.85,10.85,10.85,10.85
2011-05-13 10:00:00,10.85,10.85,10.85,10.85,10.85,10.85,10.85,10.85,10.85,10.85,10.85,10.85
2011-05-13 11:00:00,10.85,10.85,10.85,10.85,10.85,10.85,10.85,10.85,10.85,10.85,10.85,10.85
2011-05-13 12:00:00,10.85,10.85,10.85,10.85,10.85,10.85,10.85,10.85,10.85,10.85,10.85,10.85
2011-05-13 13:00:00,13.032,13.032,13.032,13.032,13.032,13.032,13.032,13.032,13.032,13.032,13.032,13.032
2011-05-13 14:00:00,17.731,17.731,17.731,17.731,17.731,17.731,17.731,17.731,17.731,17.731,17.731,17.731
2011-05-13 15:00:00,20.686,20.686,20.686,20.686,20.686,20.686,20.686,20.686,20.686,20.686,20.686,20.686
2011-05-13 16:00:00,22.676,22.676,22.676,22.676,22.676,22.676,22.676,22.676,22.676,22.676,22.676,22.676
2011-05-13 17:00:00,22.696,22.696,22.696,22.696,22.696,22.696,22.696,22.696,22.696,22.696,22.696,22.696
2011-05-13 18:00:00,22.696,22.696,22.696,22.696,22.696,22.696,22.696,22.696,22.696,22.696,22.696,22.696
2011-05-13 19:00:00,22.696,22.696,22.696,22.696,22.696,22.696,22.696,22.696,22.696,22.696,22.696,22.696
2011-05-13 20:00:00,22.696,22.696,22.696,22.696,22.696,22.696,22.696,22.696,22.696,22.696,22.696,22.696
2011-05-13 21:00:00,22.696,22.696,22.696,22.696,22.696,22.696,22.696,22.696,22.696,22.696,22.696,22.696
2011-05-13 22:00:00,22.696,22.696,22.696,22.696,22.696,22.696,22.696,22.696,22.696,22.696,22.696,22.696
2011-05-13 23:00:00,22.696,22.696,22.696,22.696,22.696,22.696,22.696,22.696,22.696,22.696,22.696,22.696
2011-05-14 00:00:00,17.981,17.981,17.981,17.981,17.981,17.981,17.981,17.981,17.981,17.981,17.981,17.981
2011-05-14 01:00:00,17.981,17.981,17.981,17.981,17.981,17.981,17.981,17.981,17.981,17.981,17.981,17.981
2011-05-14 02:00:00,17.981,17.981,17.981,17.981,17.981,17.981,17.981,17.981,17.981,17.981,17.981,17.981
2011-05-14 03:00:00,17.981,17.981,17.981,17.981,17.981,17.981,17.981,17.981,17.981,17.981,17.981,17.981
2011-05-14 04:00:00,17.981,17.981,17.981,17.981,17.981,17.981,17.981,17.981,17.981,17.981,17.981,17.981
2011-05-14 05:00:00,18.112,18.112,18.112,18.112,18.112,18.112,18.112,18.112,18.112,18.112,18.112,18.112
2011-05-14 06:00:00,17.87,17.87,17.87,17.87,17.87,17.87,17.87,17.87,17.87,17.87,17.87,17.87
2011-05-14 07:00:00,17.598,17.598,17.598,17.598,17.598,17.598,17.598,17.598,17.598,17.598,17.598,17.598
2011-05-14 08:00:00,13.836,13.836,13.836,13.836,13.836,13.836,13.836,13.836,13.836,13.836,13.836,13.836
2011-05-14 09:00:00,7.606,7.606,7.606,7.606,7.606,7.606,7.606,7.606,7.606,7.606,7.606,7.606
2011-05-14 10:00:00,7.581,7.581,7.581,7.581,7.581,7.581,7.581,7.581,7.581,7.581,7.581,7.581
2011-05-14 11:00:00,7.581,7.581,7.581,7.581,7.581,7.581,7.581,7.581,7.581,7.581,7.581,7.581
2011-05-14 12:00:00,7.581,7.581,7.581,7.581,7.581,7.581,7.581,7.581,7.581,7.581,7.581,7.581
2011-05-14 13:00:00,7.724,7.724,7.724,7.724,7.724,7.724,7.724,7.724,7.724,7.724,7.724,7.724
2011-05-14 14:00:00,15.924,15.924,15.924,15.924,15.924,15.924,15.924,15.924,15.924,15.924,15.924,15.924
2011-05-14 15:00:00,17.57,17.57,17.57,17.57,17.57,17.57,17.57,17.57,17.57,17.57,17.57,17.57
2011-05-14 16:00:00,17.87,17.87,17.87,17.87,17.87,17.87,17.87,17.87,17.87,17.87,17.87,17.87
2011-05-14 17:00:00,17.87,17.87,17.87,17.87,17.87,17.87,17.87,17.87,17.87,17.87,17.87,17.87
2011-05-14 18:00:00,17.87,17.87,17.87,17.87,17.87,17.87,17.87,17.87,17.87,17.87,17.87,17.87
2011-05-14 19:00:00,17.87,17.87,17.87,17.87,17.87,17.87,17.87,17.87,17.87,17.87,17.87,17.87
2011-05-14 20:00:00,17.87,17.87,17.87,17.87,17.87,17.87,17.87,17.87,17.87,17.87,17.87,17.87
2011-05-14 21:00:00,17.87,17.87,17.87,17.87,17.87,17.87,17.87,17.87,17.87,17.87,17.87,17.87
2011-05-14 22:00:00,17.87,17.87,17.87,17.87,17.87,17.87,17.87,17.87,17.87,17.87,17.87,17.87
2011-05-14 23:00:00,17.87,17.87,17.87,17.87,17.87,17.87,17.87,17.87,17.87,17.87,17.87,17.87
2011-05-15 00:00:00,18.727,18.727,18.727,18.727,18.727,18.727,18.727,18.727,18.727,18.727,18.727,18.727
2011-05-15 01:00:00,18.727,18.727,18.727,18.727,18.727,18.727,18.727,18.727,18.727,18.727,18.727,18.727
2011-05-15 02:00:00,18.727,18.727,18.727,18.727,18.727,18.727,18.727,18.727,18.727,18.727,18.727,18.727
2011-05-15 03:00:00,18.727,18.727,18.727,18.727,18.727,18.727,18.727,18.727,18.727,18.727,18.727,18.727
2011-05-15 04:00:00,18.727,18.727,18.727,18.727,18.727,18.727,18.727,18.727,18.727,18.727,18.727,18.727
2011-05-15 05:00:00,18.727,18.727,18.727,18.727,18.727,18.727,18.727,18.727,18.727,18.727,18.727,18.727
2011-05-15 06:00:00,18.727,18.727,18.727,18.727,18.727,18.727,18.727,18.727,18.727,18.727,18.727,18.727
2011-05-15 07:00:00,18.495,18.495,18.495,18.495,18.495,18.495,18.495,18.495,18.495,18.495,18.495,18.495
2011-05-15 08:00:00,5.397,5.397,5.397,5.397,5.397,5.397,5.397,5.397,5.397,5.397,5.397,5.397
2011-05-15 09:00:00,4.557,4.557,4.557,4.557,4.557,4.557,4.557,4.557,4.557,4.557,4.557,4.557
2011-05-15 10:00:00,4.557,4.557,4.557,4.557,4.557,4.557,4.557,4.557,4.557,4.557,4.557,4.557
2011-05-15 11:00:00,4.557,4.557,4.557,4.557,4.557,4.557,4.557,4.557,4.557,4.557,4.557,4.557
2011-05-15 12:00:00,4.557,4.557,4.557,4.557,4.557,4.557,4.557,4.557,4.557,4.557,4.557,4.557
2011-05-15 13:00:00,4.575,4.575,4.575,4.575,4.575,4.575,4.575,4.575,4.575,4.575,4.575,4.575
2011-05-15 14:00:00,11.603,11.603,11.603,11.603,11.603,11.603,11.603,11.603,11.603,11.603,11.603,11.603
2011-05-15 15:00:00,18.658,18.658,18.658,18.658,18.658,18.658,18.658,18.658,18.658,18.658,18.658,18.658
2011-05-15 16:00:00,18.727,18.727,18.727,18.727,18.727,18.727,18.727,18.727,18.727,18.727,18.727,18.727
2011-05-15 17:00:00,18.727,18.727,18.727,18.727,18.727,18.727,18.727,18.727,18.727,18.727,18.727,18.727
2011-05-15 18:00:00,18.727,18.727,18.727,18.727,18.727,18.727,18.727,18.727,18.727,18.727,18.727,18.727
2011-05-15 19:00:00,18.727,18.727,18.727,18.727,18.727,18.727,18.727,18.727,18.727,18.727,18.727,18.727
2011-05-15 20:00:00,18.727,18.727,18.727,18.727,18.727,18.727,18.727,18.727,18.727,18.727,18.727,18.727
2011-05-15 21:00:00,18.727,18.727,18.727,18.727,18.727,18.727,18.727,18.727,18.727,18.727,18.727,18.727
2011-05-15 22:00:00,18.727,18.727,18.727,18.727,18.727,18.727,18.727,18.727,18.727,18.727,18.727,18.727
2011-05-15 23:00:00,18.727,18.727,18.727,18.727,18.727,18.727,18.727,18.727,18.727,18.727,18.727,18.727
2011-05-16 00:00:00,21.686,21.686,21.686,21.686,21.686,21.686,21.686,21.686,21.686,21.686,21.686,21.686
2011-05-16 01:00:00,21.686,21.686,21.686,21.686,21.686,21.686,21.686,21.686,21.686,21.686,21.686,21.686
2011-05-16 02:00:00,21.686,21.686,21.686,21.686,21.686,21.686,21.686,21.686,21.686,21.686,21.686,21.686
2011-05-16 03:00:00,21.686,21.686,21.686,21.686,21.686,21.686,21.686,21.686,21.686,21.686,21.686,21.686
2011-05-16 04:00:00,21.686,21.686,21.686,21.686,21.686,21.686,21.686,21.686,21.686,21.686,21.686,21.686
2011-05-16 05:00:00,21.736,21.736,21.736,21.736,21.736,21.736,21.736,21.736,21.736,21.736,21.736,21.736
2011-05-16 06:00:00,20.916,20.916,20.916,20.916,20.916,20.916,20.916,20.916,20.916,20.916,20.916,20.916
2011-05-16 07:00:00,20.393,20.393,20.393,20.393,20.393,20.393,20.393,20.393,20.393,20.393,20.393,20.393
2011-05-16 08:00:00,18.575,18.575,18.575,18.575,18.575,18.575,18.575,18.575,18.575,18.575,18.575,18.575
2011-05-16 09:00:00,18.575,18.575,18.575,18.575,18.575,18.575,18.575,18.575,18.575,18.575,18.575,18.575
2011-05-16 10:00:00,19.121,19.121,19.121,19.121,19.121,19.121,19.121,19.121,19.121,19.121,19.121,19.121
2011-05-16 11:00:00,19.121,19.121,19.121,19.121,19.121,19.121,19.121,19.121,19.121,19.121,19.121,19.121
2011-05-16 12:00:00,19.121,19.121,19.121,19.121,19.121,19.121,19.121,19.121,19.121,19.121,19.121,19.121
2011-05-16 13:00:00,19.121,19.121,19.121,19.121,19.121,19.121,19.121,19.121,19.121,19.121,19.121,19.121
2011-05-16 14:00:00,20.329,20.329,20.329,20.329,20.329,20.329,20.329,20.329,20.329,20.329,20.329,20.329
2011-05-16 15:00:00,21.277,21.277,21.277,21.277,21.277,21.277,21.277,21.277,21.277,21.277,21.277,21.277
2011-05-16 16:00:00,21.686,21.686,21.686,21.686,21.686,21.686,21.686,21.686,21.686,21.686,21.686,21.686
2011-05-16 17:00:00,21.686,21.686,21.686,21.686,21.686,21.686,21.686,21.686,21.686,21.686,21.686,21.686
2011-05-16 18:00:00,21.686,21.686,21.686,21.686,21.686,21.686,21.686,21.686,21.686,21.686,21.686,21.686
2011-05-16 19:00:00,21.686,21.686,21.686,21.686,21.686,21.686,21.686,21.686,21.686,21.686,21.686,21.686
2011-05-16 20:00:00,21.686,21.686,21.686,21.686,21.686,21.686,21.686,21.686,21.686,21.686,21.686,21.686
2011-05-16 21:00:00,21.686,21.686,21.686,21.686,21.686,21.686,21.686,21.686,21.686,21.686,21.686,21.686
2011-05-16 22:00:00,21.686,21.686,21.686,21.686,21.686,21.686,21.686,21.686,21.686,21.686,21.686,21.686
2011-05-16 23:00:00,21.686,21.686,21.686,21.686,21.686,21.686,21.686,21.686,21.686,21.686,21.686,21.686
2011-05-17 00:00:00,23.219,23.219,23.219,23.219,23.219,23.219,23.219,23.219,23.219,23.219,23.219,23.219
2011-05-17 01:00:00,23.219,23.219,23.219,23.219,23.219,23.219,23.219,23.219,23.219,23.219,23.219,23.219
2011-05-17 02:00:00,23.219,23.219,23.219,23.219,23.219,23.219,23.219,23.219,23.219,23.219,23.219,23.219
2011-05-17 03:00:00,23.219,23.219,23.219,23.219,23.219,23.219,23.219,23.219,23.219,23.219,23.219,23.219
2011-05-17 04:00:00,23.219,23.219,23.219,23.219,23.219,23.219,23.219,23.219,23.219,23.219,23.219,23.219
2011-05-17 05:00:00,23.219,23.219,23.219,23.219,23.219,23.219,23.219,23.219,23.219,23.219,23.219,23.219
2011-05-17 06:00:00,22.535,22.535,22.535,22.535,22.535,22.535,22.535,22.535,22.535,22.535,22.535,22.535
2011-05-17 07:00:00,11.997,11.997,11.997,11.997,11.997,11.997,11.997,11.997,11.997,11.997,11.997,11.997
2011-05-17 08:00:00,11.122,11.122,11.122,11.122,11.122,11.122,11.122,11.122,11.122,11.122,11.122,11.122
2011-05-17 09:00:00,8.267,8.267,8.267,8.267,8.267,8.267,8.267,8.267,8.267,8.267,8.267,8.267
2011-05-17 10:00:00,8.636,8.636,8.636,8.636,8.636,8.636,8.636,8.636,8.636,8.636,8.636,8.636
2011-05-17 11:00:00,8.169,8.169,8.169,8.169,8.169,8.169,8.169,8.169,8.169,8.169,8.169,8.169
2011-05-17 12:00:00,8.169,8.169,8.169,8.169,8.169,8.169,8.169,8.169,8.169,8.169,8.169,8.169
2011-05-17 13:00:00,8.169,8.169,8.169,8.169,8.169,8.169,8.169,8.169,8.169,8.169,8.169,8.169
2011-05-17 14:00:00,8.196,8.196,8.196,8.196,8.196,8.196,8.196,8.196,8.196,8.196,8.196,8.196
2011-05-17 15:00:00,18.253,18.253,18.253,18.253,18.253,18.253,18.253,18.253,18.253,18.253,18.253,18.253
2011-05-17 16:00:00,23.115,23.115,23.115,23.115,23.115,23.115,23.115,23.115,23.115,23.115,23.115,23.115
2011-05-17 17:00:00,23.219,23.219,23.219,23.219,23.219,23.219,23.219,23.219,23.219,23.219,23.219,23.219
2011-05-17 18:00:00,23.219,23.219,23.219,23.219,23.219,23.219,23.219,23.219,23.219,23.219,23.219,23.219
2011-05-17 19:00:00,23.219,23.219,23.219,23.219,23.219,23.219,23.219,23.219,23.219,23.219,23.219,23.219
2011-05-17 20:00:00,23.219,23.219,23.219,23.219,23.219,23.219,23.219,23.219,23.219,23.219,23.219,23.219
2011-05-17 21:00:00,23.219,23.219,23.219,23.219,23.219,23.219,23.219,23.219,23.219,23.219,23.219,23.219
2011-05-17 22:00:00,23.219,23.219,23.219,23.219,23.219,23.219,23.219,23.219,23.219,23.219,23.219,23.219
2011-05-17 23:00:00,23.219,23.219,23.219,23.219,23.219,23.219,23.219,23.219,23.219,23.219,23.219,23.219
2011-05-18 00:00:00,23.492,23.492,23.492,23.492,23.492,23.492,23.492,23.492,23.492,23.492,23.492,23.492
2011-05-18 01:00:00,23.492,23.492,23.492,23.492,23.492,23.492,23.492,23.492,23.492,23.492,23.492,23.492
2011-05-18 02:00:00,23.501,23.501,23.501,23.501,23.501,23.501,23.501,23.501,23.501,23.501,23.501,23.501
2011-05-18 03:00:00,23.567,23.567,23.567,23.567,23.567,23.567,23.567,23.567,23.567,23.567,23.567,23.567
2011-05-18 04:00:00,23.578,23.578,23.578,23.578,23.578,23.578,23.578,23.578,23.578,23.578,23.578,23.578
2011-05-18 05:00:00,23.718,23.718,23.718,23.718,23.718,23.718,23.718,23.718,23.718,23.718,23.718,23.718
2011-05-18 06:00:00,22.617,22.617,22.617,22.617,22.617,22.617,22.617,22.617,22.617,22.617,22.617,22.617
2011-05-18 07:00:00,19.832,19.832,19.832,19.832,19.832,19.832,19.832,19.832,19.832,19.832,19.832,19.832
2011-05-18 08:00:00,18.39,18.39,18.39,18.39,18.39,18.39,18.39,18.39,18.39,18.39,18.39,18.39
2011-05-18 09:00:00,14.175,14.175,14.175,14.175,14.175,14.175,14.175,14.175,14.175,14.175,14.175,14.175
2011-05-18 10:00:00,13.984,13.984,13.984,13.984,13.984,13.984,13.984,13.984,13.984,13.984,13.984,13.984
2011-05-18 11:00:00,13.507,13.507,13.507,13.507,13.507,13.507,13.507,13.507,13.507,13.507,13.507,13.507
2011-05-18 12:00:00,13.507,13.507,13.507,13.507,13.507,13.507,13.507,13.507,13.507,13.507,13.507,13.507
2011-05-18 13:00:00,18.042,18.042,18.042,18.042,18.042,18.042,18.042,18.042,18.042,18.042,18.042,18.042
2011-05-18 14:00:00,18.661,18.661,18.661,18.661,18.661,18.661,18.661,18.661,18.661,18.661,18.661,18.661
2011-05-18 15:00:00,21.979,21.979,21.979,21.979,21.979,21.979,21.979,21.979,21.979,21.979,21.979,21.979
2011-05-18 16:00:00,23.492,23.492,23.492,23.492,23.492,23.492,23.492,23.492,23.492,23.492,23.492,23.492
2011-05-18 17:00:00,23.567,23.567,23.567,23.567,23.567,23.567,23.567,23.567,23.567,23.567,23.567,23.567
2011-05-18 18:00:00,23.492,23.492,23.492,23.492,23.492,23.492,23.492,23.492,23.492,23.492,23.492,23.492
2011-05-18 19:00:00,23.492,23.492,23.492,23.492,23.492,23.492,23.492,23.492,23.492,23.492,23.492,23.492
2011-05-18 20:00:00,23.492,23.492,23.492,23.492,23.492,23.492,23.492,23.492,23.492,23.492,23.492,23.492
2011-05-18 21:00:00,23.492,23.492,23.492,23.492,23.492,23.492,23.492,23.492,23.492,23.492,23.492,23.492
2011-05-18 22:00:00,23.492,23.492,23.492,23.492,23.492,23.492,23.492,23.492,23.492,23.492,23.492,23.492
2011-05-18 23:00:00,23.492,23.492,23.492,23.492,23.492,23.492,23.492,23.492,23.492,23.492,23.492,23.492
2011-05-19 00:00:00,17.175,17.175,17.175,17.175,17.175,17.175,17.175,17.175,17.175,17.175,17.175,17.175
2011-05-19 01:00:00,17.175,17.175,17.175,17.175,17.175,17.175,17.175,17.175,17.175,17.175,17.175,17.175
2011-05-19 02:00:00,17.175,17.175,17.175,17.175,17.175,17.175,17.175,17.175,17.175,17.175,17.175,17.175
2011-05-19 03:00:00,17.175,17.175,17.175,17.175,17.175,17.175,17.175,17.175,17.175,17.175,17.175,17.175
2011-05-19 04:00:00,17.175,17.175,17.175,17.175,17.175,17.175,17.175,17.175,17.175,17.175,17.175,17.175
2011-05-19 05:00:00,17.175,17.175,17.175,17.175,17.175,17.175,17.175,17.175,17.175,17.175,17.175,17.175
2011-05-19 06:00:00,11.656,11.656,11.656,11.656,11.656,11.656,11.656,11.656,11.656,11.656,11.656,11.656
2011-05-19 07:00:00,10.928,10.928,10.928,10.928,10.928,10.928,10.928,10.928,10.928,10.928,10.928,10.928
2011-05-19 08:00:00,7.457,7.457,7.457,7.457,7.457,7.457,7.457,7.457,7.457,7.457,7.457,7.457
2011-05-19 09:00:00,6.032,6.032,6.032,6.032,6.032,6.032,6.032,6.032,6.032,6.032,6.032,6.032
2011-05-19 10:00:00,7.521,7.521,7.521,7.521,7.521,7.521,7.521,7.521,7.521,7.521,7.521,7.521
2011-05-19 11:00:00,5.412,5.412,5.412,5.412,5.412,5.412,5.412,5.412,5.412,5.412,5.412,5.412
2011-05-19 12:00:00,5.412,5.412,5.412,5.412,5.412,5.412,5.412,5.412,5.412,5.412,5.412,5.412
2011-05-19 13:00:00,5.412,5.412,5.412,5.412,5.412,5.412,5.412,5.412,5.412,5.412,5.412,5.412
2011-05-19 14:00:00,5.412,5.412,5.412,5.412,5.412,5.412,5.412,5.412,5.412,5.412,5.412,5.412
2011-05-19 15:00:00,11.07,11.07,11.07,11.07,11.07,11.07,11.07,11.07,11.07,11.07,11.07,11.07
2011-05-19 16:00:00,12.87,12.87,12.87,12.87,12.87,12.87,12.87,12.87,12.87,12.87,12.87,12.87
2011-05-19 17:00:00,13.608,13.608,13.608,13.608,13.608,13.608,13.608,13.608,13.608,13.608,13.608,13.608
2011-05-19 18:00:00,17.175,17.175,17.175,17.175,17.175,17.175,17.175,17.175,17.175,17.175,17.175,17.175
2011-05-19 19:00:00,17.175,17.175,17.175,17.175,17.175,17.175,17.175,17.175,17.175,17.175,17.175,17.175
2011-05-19 20:00:00,23.663,23.663,23.663,23.663,23.663,23.663,23.663,23.663,23.663,23.663,23.663,23.663
2011-05-19 21:00:00,23.663,23.663,23.663,23.663,23.663,23.663,23.663,23.663,23.663,23.663,23.663,23.663
2011-05-19 22:00:00,23.663,23.663,23.663,23.663,23.663,23.663,23.663,23.663,23.663,23.663,23.663,23.663
2011-05-19 23:00:00,23.663,23.663,23.663,23.663,23.663,23.663,23.663,23.663,23.663,23.663,23.663,23.663
2011-05-20 00:00:00,31.388,31.388,31.388,31.388,31.388,31.388,31.388,31.388,31.388,31.388,31.388,31.388
2011-05-20 01:00:00,31.388,31.388,31.388,31.388,31.388,31.388,31.388,31.388,31.388,31.388,31.388,31.388
2011-05-20 02:00:00,31.388,31.388,31.388,31.388,31.388,31.388,31.388,31.388,31.388,31.388,31.388,31.388
2011-05-20 03:00:00,31.388,31.388,31.388,31.388,31.388,31.388,31.388,31.388,31.388,31.388,31.388,31.388
2011-05-20 04:00:00,22.782,22.782,22.782,22.782,22.782,22.782,22.782,22.782,22.782,22.782,22.782,22.782
2011-05-20 05:00:00,38.398,38.398,38.398,38.398,38.398,38.398,38.398,38.398,38.398,38.398,38.398,38.398
2011-05-20 06:00:00,22.265,22.265,22.265,22.265,22.265,22.265,22.265,22.265,22.265,22.265,22.265,22.265
2011-05-20 07:00:00,17.887,17.887,17.887,17.887,17.887,17.887,17.887,17.887,17.887,17.887,17.887,17.887
2011-05-20 08:00:00,14.958,14.958,14.958,14.958,14.958,14.958,14.958,14.958,14.958,14.958,14.958,14.958
2011-05-20 09:00:00,12.932,12.932,12.932,12.932,12.932,12.932,12.932,12.932,12.932,12.932,12.932,12.932
2011-05-20 10:00:00,12.412,12.412,12.412,12.412,12.412,12.412,12.412,12.412,12.412,12.412,12.412,12.412
2011-05-20 11:00:00,12.042,12.042,12.042,12.042,12.042,12.042,12.042,12.042,12.042,12.042,12.042,12.042
2011-05-20 12:00:00,12.042,12.042,12.042,12.042,12.042,12.042,12.042,12.042,12.042,12.042,12.042,12.042
2011-05-20 13:00:00,12.775,12.775,12.775,12.775,12.775,12.775,12.775,12.775,12.775,12.775,12.775,12.775
2011-05-20 14:00:00,13.846,13.846,13.846,13.846,13.846,13.846,13.846,13.846,13.846,13.846,13.846,13.846
2011-05-20 15:00:00,16.999,16.999,16.999,16.999,16.999,16.999,16.999,16.999,16.999,16.999,16.999,16.999
2011-05-20 16:00:00,18.664,18.664,18.664,18.664,18.664,18.664,18.664,18.664,18.664,18.664,18.664,18.664
2011-05-20 17:00:00,21.678,21.678,21.678,21.678,21.678,21.678,21.678,21.678,21.678,21.678,21.678,21.678
2011-05-20 18:00:00,21.678,21.678,21.678,21.678,21.678,21.678,21.678,21.678,21.678,21.678,21.678,21.678
2011-05-20 19:00:00,21.678,21.678,21.678,21.678,21.678,21.678,21.678,21.678,21.678,21.678,21.678,21.678
2011-05-20 20:00:00,21.678,21.678,21.678,21.678,21.678,21.678,21.678,21.678,21.678,21.678,21.678,21.678
2011-05-20 21:00:00,21.678,21.678,21.678,21.678,21.678,21.678,21.678,21.678,21.678,21.678,21.678,21.678
2011-05-20 22:00:00,21.678,21.678,21.678,21.678,21.678,21.678,21.678,21.678,21.678,21.678,21.678,21.678
2011-05-20 23:00:00,21.678,21.678,21.678,21.678,21.678,21.678,21.678,21.678,21.678,21.678,21.678,21.678
2011-05-21 00:00:00,7.535,7.535,7.535,7.535,7.535,7.535,7.535,7.535,7.535,7.535,7.535,7.535
2011-05-21 01:00:00,7.535,7.535,7.535,7.535,7.535,7.535,7.535,7.535,7.535,7.535,7.535,7.535
2011-05-21 02:00:00,10.177,10.177,10.177,10.177,10.177,10.177,10.177,10.177,10.177,10.177,10.177,10.177
2011-05-21 03:00:00,7.562,7.562,7.562,7.562,7.562,7.562,7.562,7.562,7.562,7.562,7.562,7.562
2011-05-21 04:00:00,7.535,7.535,7.535,7.535,7.535,7.535,7.535,7.535,7.535,7.535,7.535,7.535
2011-05-21 05:00:00,8.483,8.483,8.483,8.483,8.483,8.483,8.483,8.483,8.483,8.483,8.483,8.483
2011-05-21 06:00:00,7.535,7.535,7.535,7.535,7.535,7.535,7.535,7.535,7.535,7.535,7.535,7.535
2011-05-21 07:00:00,7.134,7.134,7.134,7.134,7.134,7.134,7.134,7.134,7.134,7.134,7.134,7.134
2011-05-21 08:00:00,6.318,6.318,6.318,6.318,6.318,6.318,6.318,6.318,6.318,6.318,6.318,6.318
2011-05-21 09:00:00,3.32,3.32,3.32,3.32,3.32,3.32,3.32,3.32,3.32,3.32,3.32,3.32
2011-05-21 10:00:00,3.32,3.32,3.32,3.32,3.32,3.32,3.32,3.32,3.32,3.32,3.32,3.32
2011-05-21 11:00:00,3.32,3.32,3.32,3.32,3.32,3.32,3.32,3.32,3.32,3.32,3.32,3.32
2011-05-21 12:00:00,3.32,3.32,3.32,3.32,3.32,3.32,3.32,3.32,3.32,3.32,3.32,3.32
2011-05-21 13:00:00,3.32,3.32,3.32,3.32,3.32,3.32,3.32,3.32,3.32,3.32,3.32,3.32
2011-05-21 14:00:00,6.101,6.101,6.101,6.101,6.101,6.101,6.101,6.101,6.101,6.101,6.101,6.101
2011-05-21 15:00:00,7.188,7.188,7.188,7.188,7.188,7.188,7.188,7.188,7.188,7.188,7.188,7.188
2011-05-21 16:00:00,7.362,7.362,7.362,7.362,7.362,7.362,7.362,7.362,7.362,7.362,7.362,7.362
2011-05-21 17:00:00,7.535,7.535,7.535,7.535,7.535,7.535,7.535,7.535,7.535,7.535,7.535,7.535
2011-05-21 18:00:00,7.535,7.535,7.535,7.535,7.535,7.535,7.535,7.535,7.535,7.535,7.535,7.535
2011-05-21 19:00:00,7.69,7.69,7.69,7.69,7.69,7.69,7.69,7.69,7.69,7.69,7.69,7.69
2011-05-21 20:00:00,7.69,7.69,7.69,7.69,7.69,7.69,7.69,7.69,7.69,7.69,7.69,7.69
2011-05-21 21:00:00,7.69,7.69,7.69,7.69,7.69,7.69,7.69,7.69,7.69,7.69,7.69,7.69
2011-05-21 22:00:00,7.69,7.69,7.69,7.69,7.69,7.69,7.69,7.69,7.69,7.69,7.69,7.69
2011-05-21 23:00:00,7.535,7.535,7.535,7.535,7.535,7.535,7.535,7.535,7.535,7.535,7.535,7.535
2011-05-22 00:00:00,16.737,16.737,16.737,16.737,16.737,16.737,16.737,16.737,16.737,16.737,16.737,16.737
2011-05-22 01:00:00,16.659,16.659,16.659,16.659,16.659,16.659,16.659,16.659,16.659,16.659,16.659,16.659
2011-05-22 02:00:00,16.659,16.659,16.659,16.659,16.659,16.659,16.659,16.659,16.659,16.659,16.659,16.659
2011-05-22 03:00:00,16.659,16.659,16.659,16.659,16.659,16.659,16.659,16.659,16.659,16.659,16.659,16.659
2011-05-22 04:00:00,16.659,16.659,16.659,16.659,16.659,16.659,16.659,16.659,16.659,16.659,16.659,16.659
2011-05-22 05:00:00,16.659,16.659,16.659,16.659,16.659,16.659,16.659,16.659,16.659,16.659,16.659,16.659
2011-05-22 06:00:00,16.659,16.659,16.659,16.659,16.659,16.659,16.659,16.659,16.659,16.659,16.659,16.659
2011-05-22 07:00:00,16.643,16.643,16.643,16.643,16.643,16.643,16.643,16.643,16.643,16.643,16.643,16.643
2011-05-22 08:00:00,3.755,3.755,3.755,3.755,3.755,3.755,3.755,3.755,3.755,3.755,3.755,3.755
2011-05-22 09:00:00,3.308,3.308,3.308,3.308,3.308,3.308,3.308,3.308,3.308,3.308,3.308,3.308
2011-05-22 10:00:00,3.308,3.308,3.308,3.308,3.308,3.308,3.308,3.308,3.308,3.308,3.308,3.308
2011-05-22 11:00:00,3.308,3.308,3.308,3.308,3.308,3.308,3.308,3.308,3.308,3.308,3.308,3.308
2011-05-22 12:00:00,3.368,3.368,3.368,3.368,3.368,3.368,3.368,3.368,3.368,3.368,3.368,3.368
2011-05-22 13:00:00,3.395,3.395,3.395,3.395,3.395,3.395,3.395,3.395,3.395,3.395,3.395,3.395
2011-05-22 14:00:00,3.581,3.581,3.581,3.581,3.581,3.581,3.581,3.581,3.581,3.581,3.581,3.581
2011-05-22 15:00:00,16.659,16.659,16.659,16.659,16.659,16.659,16.659,16.659,16.659,16.659,16.659,16.659
2011-05-22 16:00:00,16.659,16.659,16.659,16.659,16.659,16.659,16.659,16.659,16.659,16.659,16.659,16.659
2011-05-22 17:00:00,16.659,16.659,16.659,16.659,16.659,16.659,16.659,16.659,16.659,16.659,16.659,16.659
2011-05-22 18:00:00,16.659,16.659,16.659,16.659,16.659,16.659,16.659,16.659,16.659,16.659,16.659,16.659
2011-05-22 19:00:00,16.659,16.659,16.659,16.659,16.659,16.659,16.659,16.659,16.659,16.659,16.659,16.659
2011-05-22 20:00:00,16.659,16.659,16.659,16.659,16.659,16.659,16.659,16.659,16.659,16.659,16.659,16.659
2011-05-22 21:00:00,16.659,16.659,16.659,16.659,16.659,16.659,16.659,16.659,16.659,16.659,16.659,16.659
2011-05-22 22:00:00,16.659,16.659,16.659,16.659,16.659,16.659,16.659,16.659,16.659,16.659,16.659,16.659
2011-05-22 23:00:00,16.659,16.659,16.659,16.659,16.659,16.659,16.659,16.659,16.659,16.659,16.659,16.659
2011-05-23 00:00:00,20.693,20.693,20.693,20.693,20.693,20.693,20.693,20.693,20.693,20.693,20.693,20.693
2011-05-23 01:00:00,20.693,20.693,20.693,20.693,20.693,20.693,20.693,20.693,20.693,20.693,20.693,20.693
2011-05-23 02:00:00,20.693,20.693,20.693,20.693,20.693,20.693,20.693,20.693,20.693,20.693,20.693,20.693
2011-05-23 03:00:00,20.693,20.693,20.693,20.693,20.693,20.693,20.693,20.693,20.693,20.693,20.693,20.693
2011-05-23 04:00:00,20.693,20.693,20.693,20.693,20.693,20.693,20.693,20.693,20.693,20.693,20.693,20.693
2011-05-23 05:00:00,21.353,21.353,21.353,21.353,21.353,21.353,21.353,21.353,21.353,21.353,21.353,21.353
2011-05-23 06:00:00,16.512,16.512,16.512,16.512,16.512,16.512,16.512,16.512,16.512,16.512,16.512,16.512
2011-05-23 07:00:00,4.504,4.504,4.504,4.504,4.504,4.504,4.504,4.504,4.504,4.504,4.504,4.504
2011-05-23 08:00:00,3.367,3.367,3.367,3.367,3.367,3.367,3.367,3.367,3.367,3.367,3.367,3.367
2011-05-23 09:00:00,3.247,3.247,3.247,3.247,3.247,3.247,3.247,3.247,3.247,3.247,3.247,3.247
2011-05-23 10:00:00,3.247,3.247,3.247,3.247,3.247,3.247,3.247,3.247,3.247,3.247,3.247,3.247
2011-05-23 11:00:00,3.247,3.247,3.247,3.247,3.247,3.247,3.247,3.247,3.247,3.247,3.247,3.247
2011-05-23 12:00:00,3.247,3.247,3.247,3.247,3.247,3.247,3.247,3.247,3.247,3.247,3.247,3.247
2011-05-23 13:00:00,3.558,3.558,3.558,3.558,3.558,3.558,3.558,3.558,3.558,3.558,3.558,3.558
2011-05-23 14:00:00,6.337,6.337,6.337,6.337,6.337,6.337,6.337,6.337,6.337,6.337,6.337,6.337
2011-05-23 15:00:00,13.087,13.087,13.087,13.087,13.087,13.087,13.087,13.087,13.087,13.087,13.087,13.087
2011-05-23 16:00:00,20.277,20.277,20.277,20.277,20.277,20.277,20.277,20.277,20.277,20.277,20.277,20.277
2011-05-23 17:00:00,20.693,20.693,20.693,20.693,20.693,20.693,20.693,20.693,20.693,20.693,20.693,20.693
2011-05-23 18:00:00,20.693,20.693,20.693,20.693,20.693,20.693,20.693,20.693,20.693,20.693,20.693,20.693
2011-05-23 19:00:00,20.693,20.693,20.693,20.693,20.693,20.693,20.693,20.693,20.693,20.693,20.693,20.693
2011-05-23 20:00:00,20.693,20.693,20.693,20.693,20.693,20.693,20.693,20.693,20.693,20.693,20.693,20.693
2011-05-23 21:00:00,20.693,20.693,20.693,20.693,20.693,20.693,20.693,20.693,20.693,20.693,20.693,20.693
2011-05-23 22:00:00,20.693,20.693,20.693,20.693,20.693,20.693,20.693,20.693,20.693,20.693,20.693,20.693
2011-05-23 23:00:00,20.693,20.693,20.693,20.693,20.693,20.693,20.693,20.693,20.693,20.693,20.693,20.693
2011-05-24 00:00:00,17.828,17.828,17.828,17.828,17.828,17.828,17.828,17.828,17.828,17.828,17.828,17.828
2011-05-24 01:00:00,17.828,17.828,17.828,17.828,17.828,17.828,17.828,17.828,17.828,17.828,17.828,17.828
2011-05-24 02:00:00,17.828,17.828,17.828,17.828,17.828,17.828,17.828,17.828,17.828,17.828,17.828,17.828
2011-05-24 03:00:00,17.828,17.828,17.828,17.828,17.828,17.828,17.828,17.828,17.828,17.828,17.828,17.828
2011-05-24 04:00:00,17.828,17.828,17.828,17.828,17.828,17.828,17.828,17.828,17.828,17.828,17.828,17.828
2011-05-24 05:00:00,17.828,17.828,17.828,17.828,17.828,17.828,17.828,17.828,17.828,17.828,17.828,17.828
2011-05-24 06:00:00,9.427,9.427,9.427,9.427,9.427,9.427,9.427,9.427,9.427,9.427,9.427,9.427
2011-05-24 07:00:00,3.351,3.351,3.351,3.351,3.351,3.351,3.351,3.351,3.351,3.351,3.351,3.351
2011-05-24 08:00:00,3.204,3.204,3.204,3.204,3.204,3.204,3.204,3.204,3.204,3.204,3.204,3.204
2011-05-24 09:00:00,3.119,3.119,3.119,3.119,3.119,3.119,3.119,3.119,3.119,3.119,3.119,3.119
2011-05-24 10:00:00,3.119,3.119,3.119,3.119,3.119,3.119,3.119,3.119,3.119,3.119,3.119,3.119
2011-05-24 11:00:00,3.11,3.11,3.11,3.11,3.11,3.11,3.11,3.11,3.11,3.11,3.11,3.11
2011-05-24 12:00:00,3.047,3.047,3.047,3.047,3.047,3.047,3.047,3.047,3.047,3.047,3.047,3.047
2011-05-24 13:00:00,3.047,3.047,3.047,3.047,3.047,3.047,3.047,3.047,3.047,3.047,3.047,3.047
2011-05-24 14:00:00,3.047,3.047,3.047,3.047,3.047,3.047,3.047,3.047,3.047,3.047,3.047,3.047
2011-05-24 15:00:00,3.843,3.843,3.843,3.843,3.843,3.843,3.843,3.843,3.843,3.843,3.843,3.843
2011-05-24 16:00:00,17.674,17.674,17.674,17.674,17.674,17.674,17.674,17.674,17.674,17.674,17.674,17.674
2011-05-24 17:00:00,17.828,17.828,17.828,17.828,17.828,17.828,17.828,17.828,17.828,17.828,17.828,17.828
2011-05-24 18:00:00,17.828,17.828,17.828,17.828,17.828,17.828,17.828,17.828,17.828,17.828,17.828,17.828
2011-05-24 19:00:00,17.828,17.828,17.828,17.828,17.828,17.828,17.828,17.828,17.828,17.828,17.828,17.828
2011-05-24 20:00:00,17.828,17.828,17.828,17.828,17.828,17.828,17.828,17.828,17.828,17.828,17.828,17.828
2011-05-24 21:00:00,17.828,17.828,17.828,17.828,17.828,17.828,17.828,17.828,17.828,17.828,17.828,17.828
2011-05-24 22:00:00,17.828,17.828,17.828,17.828,17.828,17.828,17.828,17.828,17.828,17.828,17.828,17.828
2011-05-24 23:00:00,17.828,17.828,17.828,17.828,17.828,17.828,17.828,17.828,17.828,17.828,17.828,17.828
2011-05-25 00:00:00,21.795,21.795,21.795,21.795,21.795,21.795,21.795,21.795,21.795,21.795,21.795,21.795
2011-05-25 01:00:00,21.795,21.795,21.795,21.795,21.795,21.795,21.795,21.795,21.795,21.795,21.795,21.795
2011-05-25 02:00:00,21.795,21.795,21.795,21.795,21.795,21.795,21.795,21.795,21.795,21.795,21.795,21.795
2011-05-25 03:00:00,21.795,21.795,21.795,21.795,21.795,21.795,21.795,21.795,21.795,21.795,21.795,21.795
2011-05-25 04:00:00,21.795,21.795,21.795,21.795,21.795,21.795,21.795,21.795,21.795,21.795,21.795,21.795
2011-05-25 05:00:00,21.831,21.831,21.831,21.831,21.831,21.831,21.831,21.831,21.831,21.831,21.831,21.831
2011-05-25 06:00:00,11.823,11.823,11.823,11.823,11.823,11.823,11.823,11.823,11.823,11.823,11.823,11.823
2011-05-25 07:00:00,5.027,5.027,5.027,5.027,5.027,5.027,5.027,5.027,5.027,5.027,5.027,5.027
2011-05-25 08:00:00,3.527,3.527,3.527,3.527,3.527,3.527,3.527,3.527,3.527,3.527,3.527,3.527
2011-05-25 09:00:00,3.366,3.366,3.366,3.366,3.366,3.366,3.366,3.366,3.366,3.366,3.366,3.366
2011-05-25 10:00:00,3.275,3.275,3.275,3.275,3.275,3.275,3.275,3.275,3.275,3.275,3.275,3.275
2011-05-25 11:00:00,3.275,3.275,3.275,3.275,3.275,3.275,3.275,3.275,3.275,3.275,3.275,3.275
2011-05-25 12:00:00,3.275,3.275,3.275,3.275,3.275,3.275,3.275,3.275,3.275,3.275,3.275,3.275
2011-05-25 13:00:00,3.275,3.275,3.275,3.275,3.275,3.275,3.275,3.275,3.275,3.275,3.275,3.275
2011-05-25 14:00:00,3.809,3.809,3.809,3.809,3.809,3.809,3.809,3.809,3.809,3.809,3.809,3.809
2011-05-25 15:00:00,14.714,14.714,14.714,14.714,14.714,14.714,14.714,14.714,14.714,14.714,14.714,14.714
2011-05-25 16:00:00,21.321,21.321,21.321,21.321,21.321,21.321,21.321,21.321,21.321,21.321,21.321,21.321
2011-05-25 17:00:00,21.795,21.795,21.795,21.795,21.795,21.795,21.795,21.795,21.795,21.795,21.795,21.795
2011-05-25 18:00:00,21.795,21.795,21.795,21.795,21.795,21.795,21.795,21.795,21.795,21.795,21.795,21.795
2011-05-25 19:00:00,21.795,21.795,21.795,21.795,21.795,21.795,21.795,21.795,21.795,21.795,21.795,21.795
2011-05-25 20:00:00,21.959,21.959,21.959,21.959,21.959,21.959,21.959,21.959,21.959,21.959,21.959,21.959
2011-05-25 21:00:00,21.959,21.959,21.959,21.959,21.959,21.959,21.959,21.959,21.959,21.959,21.959,21.959
2011-05-25 22:00:00,21.959,21.959,21.959,21.959,21.959,21.959,21.959,21.959,21.959,21.959,21.959,21.959
2011-05-25 23:00:00,21.959,21.959,21.959,21.959,21.959,21.959,21.959,21.959,21.959,21.959,21.959,21.959
2011-05-26 00:00:00,18.485,18.485,18.485,18.485,18.485,18.485,18.485,18.485,18.485,18.485,18.485,18.485
2011-05-26 01:00:00,18.485,18.485,18.485,18.485,18.485,18.485,18.485,18.485,18.485,18.485,18.485,18.485
2011-05-26 02:00:00,18.485,18.485,18.485,18.485,18.485,18.485,18.485,18.485,18.485,18.485,18.485,18.485
2011-05-26 03:00:00,18.485,18.485,18.485,18.485,18.485,18.485,18.485,18.485,18.485,18.485,18.485,18.485
2011-05-26 04:00:00,18.551,18.551,18.551,18.551,18.551,18.551,18.551,18.551,18.551,18.551,18.551,18.551
2011-05-26 05:00:00,18.864,18.864,18.864,18.864,18.864,18.864,18.864,18.864,18.864,18.864,18.864,18.864
2011-05-26 06:00:00,18.046,18.046,18.046,18.046,18.046,18.046,18.046,18.046,18.046,18.046,18.046,18.046
2011-05-26 07:00:00,5.233,5.233,5.233,5.233,5.233,5.233,5.233,5.233,5.233,5.233,5.233,5.233
2011-05-26 08:00:00,4.507,4.507,4.507,4.507,4.507,4.507,4.507,4.507,4.507,4.507,4.507,4.507
2011-05-26 09:00:00,3.811,3.811,3.811,3.811,3.811,3.811,3.811,3.811,3.811,3.811,3.811,3.811
2011-05-26 10:00:00,3.762,3.762,3.762,3.762,3.762,3.762,3.762,3.762,3.762,3.762,3.762,3.762
2011-05-26 11:00:00,3.727,3.727,3.727,3.727,3.727,3.727,3.727,3.727,3.727,3.727,3.727,3.727
2011-05-26 12:00:00,3.738,3.738,3.738,3.738,3.738,3.738,3.738,3.738,3.738,3.738,3.738,3.738
2011-05-26 13:00:00,3.819,3.819,3.819,3.819,3.819,3.819,3.819,3.819,3.819,3.819,3.819,3.819
2011-05-26 14:00:00,4.487,4.487,4.487,4.487,4.487,4.487,4.487,4.487,4.487,4.487,4.487,4.487
2011-05-26 15:00:00,16.656,16.656,16.656,16.656,16.656,16.656,16.656,16.656,16.656,16.656,16.656,16.656
2011-05-26 16:00:00,18.523,18.523,18.523,18.523,18.523,18.523,18.523,18.523,18.523,18.523,18.523,18.523
2011-05-26 17:00:00,18.572,18.572,18.572,18.572,18.572,18.572,18.572,18.572,18.572,18.572,18.572,18.572
2011-05-26 18:00:00,18.572,18.572,18.572,18.572,18.572,18.572,18.572,18.572,18.572,18.572,18.572,18.572
2011-05-26 19:00:00,18.485,18.485,18.485,18.485,18.485,18.485,18.485,18.485,18.485,18.485,18.485,18.485
2011-05-26 20:00:00,18.485,18.485,18.485,18.485,18.485,18.485,18.485,18.485,18.485,18.485,18.485,18.485
2011-05-26 21:00:00,18.485,18.485,18.485,18.485,18.485,18.485,18.485,18.485,18.485,18.485,18.485,18.485
2011-05-26 22:00:00,18.485,18.485,18.485,18.485,18.485,18.485,18.485,18.485,18.485,18.485,18.485,18.485
2011-05-26 23:00:00,18.485,18.485,18.485,18.485,18.485,18.485,18.485,18.485,18.485,18.485,18.485,18.485
2011-05-27 00:00:00,19.623,19.623,19.623,19.623,19.623,19.623,19.623,19.623,19.623,19.623,19.623,19.623
2011-05-27 01:00:00,19.623,19.623,19.623,19.623,19.623,19.623,19.623,19.623,19.623,19.623,19.623,19.623
2011-05-27 02:00:00,19.623,19.623,19.623,19.623,19.623,19.623,19.623,19.623,19.623,19.623,19.623,19.623
2011-05-27 03:00:00,19.623,19.623,19.623,19.623,19.623,19.623,19.623,19.623,19.623,19.623,19.623,19.623
2011-05-27 04:00:00,19.623,19.623,19.623,19.623,19.623,19.623,19.623,19.623,19.623,19.623,19.623,19.623
2011-05-27 05:00:00,19.623,19.623,19.623,19.623,19.623,19.623,19.623,19.623,19.623,19.623,19.623,19.623
2011-05-27 06:00:00,18.591,18.591,18.591,18.591,18.591,18.591,18.591,18.591,18.591,18.591,18.591,18.591
2011-05-27 07:00:00,12.462,12.462,12.462,12.462,12.462,12.462,12.462,12.462,12.462,12.462,12.462,12.462
2011-05-27 08:00:00,8.334,8.334,8.334,8.334,8.334,8.334,8.334,8.334,8.334,8.334,8.334,8.334
2011-05-27 09:00:00,6.108,6.108,6.108,6.108,6.108,6.108,6.108,6.108,6.108,6.108,6.108,6.108
2011-05-27 10:00:00,6.147,6.147,6.147,6.147,6.147,6.147,6.147,6.147,6.147,6.147,6.147,6.147
2011-05-27 11:00:00,6.147,6.147,6.147,6.147,6.147,6.147,6.147,6.147,6.147,6.147,6.147,6.147
2011-05-27 12:00:00,6.174,6.174,6.174,6.174,6.174,6.174,6.174,6.174,6.174,6.174,6.174,6.174
2011-05-27 13:00:00,6.217,6.217,6.217,6.217,6.217,6.217,6.217,6.217,6.217,6.217,6.217,6.217
2011-05-27 14:00:00,10.007,10.007,10.007,10.007,10.007,10.007,10.007,10.007,10.007,10.007,10.007,10.007
2011-05-27 15:00:00,18.918,18.918,18.918,18.918,18.918,18.918,18.918,18.918,18.918,18.918,18.918,18.918
2011-05-27 16:00:00,19.623,19.623,19.623,19.623,19.623,19.623,19.623,19.623,19.623,19.623,19.623,19.623
2011-05-27 17:00:00,19.623,19.623,19.623,19.623,19.623,19.623,19.623,19.623,19.623,19.623,19.623,19.623
2011-05-27 18:00:00,19.623,19.623,19.623,19.623,19.623,19.623,19.623,19.623,19.623,19.623,19.623,19.623
2011-05-27 19:00:00,19.623,19.623,19.623,19.623,19.623,19.623,19.623,19.623,19.623,19.623,19.623,19.623
2011-05-27 20:00:00,19.623,19.623,19.623,19.623,19.623,19.623,19.623,19.623,19.623,19.623,19.623,19.623
2011-05-27 21:00:00,19.623,19.623,19.623,19.623,19.623,19.623,19.623,19.623,19.623,19.623,19.623,19.623
2011-05-27 22:00:00,19.623,19.623,19.623,19.623,19.623,19.623,19.623,19.623,19.623,19.623,19.623,19.623
2011-05-27 23:00:00,19.623,19.623,19.623,19.623,19.623,19.623,19.623,19.623,19.623,19.623,19.623,19.623
2011-05-28 00:00:00,17.02,17.02,17.02,17.02,17.02,17.02,17.02,17.02,17.02,17.02,17.02,17.02
2011-05-28 01:00:00,16.983,16.983,16.983,16.983,16.983,16.983,16.983,16.983,16.983,16.983,16.983,16.983
2011-05-28 02:00:00,17.08,17.08,17.08,17.08,17.08,17.08,17.08,17.08,17.08,17.08,17.08,17.08
2011-05-28 03:00:00,17.08,17.08,17.08,17.08,17.08,17.08,17.08,17.08,17.08,17.08,17.08,17.08
2011-05-28 04:00:00,16.983,16.983,16.983,16.983,16.983,16.983,16.983,16.983,16.983,16.983,16.983,16.983
2011-05-28 05:00:00,16.983,16.983,16.983,16.983,16.983,16.983,16.983,16.983,16.983,16.983,16.983,16.983
2011-05-28 06:00:00,16.983,16.983,16.983,16.983,16.983,16.983,16.983,16.983,16.983,16.983,16.983,16.983
2011-05-28 07:00:00,16.498,16.498,16.498,16.498,16.498,16.498,16.498,16.498,16.498,16.498,16.498,16.498
2011-05-28 08:00:00,3.871,3.871,3.871,3.871,3.871,3.871,3.871,3.871,3.871,3.871,3.871,3.871
2011-05-28 09:00:00,3.42,3.42,3.42,3.42,3.42,3.42,3.42,3.42,3.42,3.42,3.42,3.42
2011-05-28 10:00:00,3.417,3.417,3.417,3.417,3.417,3.417,3.417,3.417,3.417,3.417,3.417,3.417
2011-05-28 11:00:00,3.417,3.417,3.417,3.417,3.417,3.417,3.417,3.417,3.417,3.417,3.417,3.417
2011-05-28 12:00:00,3.417,3.417,3.417,3.417,3.417,3.417,3.417,3.417,3.417,3.417,3.417,3.417
2011-05-28 13:00:00,3.419,3.419,3.419,3.419,3.419,3.419,3.419,3.419,3.419,3.419,3.419,3.419
2011-05-28 14:00:00,5.454,5.454,5.454,5.454,5.454,5.454,5.454,5.454,5.454,5.454,5.454,5.454
2011-05-28 15:00:00,16.983,16.983,16.983,16.983,16.983,16.983,16.983,16.983,16.983,16.983,16.983,16.983
2011-05-28 16:00:00,16.983,16.983,16.983,16.983,16.983,16.983,16.983,16.983,16.983,16.983,16.983,16.983
2011-05-28 17:00:00,16.983,16.983,16.983,16.983,16.983,16.983,16.983,16.983,16.983,16.983,16.983,16.983
2011-05-28 18:00:00,16.983,16.983,16.983,16.983,16.983,16.983,16.983,16.983,16.983,16.983,16.983,16.983
2011-05-28 19:00:00,16.983,16.983,16.983,16.983,16.983,16.983,16.983,16.983,16.983,16.983,16.983,16.983
2011-05-28 20:00:00,16.983,16.983,16.983,16.983,16.983,16.983,16.983,16.983,16.983,16.983,16.983,16.983
2011-05-28 21:00:00,16.983,16.983,16.983,16.983,16.983,16.983,16.983,16.983,16.983,16.983,16.983,16.983
2011-05-28 22:00:00,16.983,16.983,16.983,16.983,16.983,16.983,16.983,16.983,16.983,16.983,16.983,16.983
2011-05-28 23:00:00,16.983,16.983,16.983,16.983,16.983,16.983,16.983,16.983,16.983,16.983,16.983,16.983
2011-05-29 00:00:00,18.526,18.526,18.526,18.526,18.526,18.526,18.526,18.526,18.526,18.526,18.526,18.526
2011-05-29 01:00:00,18.526,18.526,18.526,18.526,18.526,18.526,18.526,18.526,18.526,18.526,18.526,18.526
2011-05-29 02:00:00,18.526,18.526,18.526,18.526,18.526,18.526,18.526,18.526,18.526,18.526,18.526,18.526
2011-05-29 03:00:00,18.526,18.526,18.526,18.526,18.526,18.526,18.526,18.526,18.526,18.526,18.526,18.526
2011-05-29 04:00:00,18.526,18.526,18.526,18.526,18.526,18.526,18.526,18.526,18.526,18.526,18.526,18.526
2011-05-29 05:00:00,18.526,18.526,18.526,18.526,18.526,18.526,18.526,18.526,18.526,18.526,18.526,18.526
2011-05-29 06:00:00,18.526,18.526,18.526,18.526,18.526,18.526,18.526,18.526,18.526,18.526,18.526,18.526
2011-05-29 07:00:00,18.526,18.526,18.526,18.526,18.526,18.526,18.526,18.526,18.526,18.526,18.526,18.526
2011-05-29 08:00:00,4.625,4.625,4.625,4.625,4.625,4.625,4.625,4.625,4.625,4.625,4.625,4.625
2011-05-29 09:00:00,3.308,3.308,3.308,3.308,3.308,3.308,3.308,3.308,3.308,3.308,3.308,3.308
2011-05-29 10:00:00,3.308,3.308,3.308,3.308,3.308,3.308,3.308,3.308,3.308,3.308,3.308,3.308
2011-05-29 11:00:00,3.308,3.308,3.308,3.308,3.308,3.308,3.308,3.308,3.308,3.308,3.308,3.308
2011-05-29 12:00:00,3.308,3.308,3.308,3.308,3.308,3.308,3.308,3.308,3.308,3.308,3.308,3.308
2011-05-29 13:00:00,3.308,3.308,3.308,3.308,3.308,3.308,3.308,3.308,3.308,3.308,3.308,3.308
2011-05-29 14:00:00,3.669,3.669,3.669,3.669,3.669,3.669,3.669,3.669,3.669,3.669,3.669,3.669
2011-05-29 15:00:00,18.351,18.351,18.351,18.351,18.351,18.351,18.351,18.351,18.351,18.351,18.351,18.351
2011-05-29 16:00:00,18.526,18.526,18.526,18.526,18.526,18.526,18.526,18.526,18.526,18.526,18.526,18.526
2011-05-29 17:00:00,18.526,18.526,18.526,18.526,18.526,18.526,18.526,18.526,18.526,18.526,18.526,18.526
2011-05-29 18:00:00,18.526,18.526,18.526,18.526,18.526,18.526,18.526,18.526,18.526,18.526,18.526,18.526
2011-05-29 19:00:00,18.526,18.526,18.526,18.526,18.526,18.526,18.526,18.526,18.526,18.526,18.526,18.526
2011-05-29 20:00:00,18.526,18.526,18.526,18.526,18.526,18.526,18.526,18.526,18.526,18.526,18.526,18.526
2011-05-29 21:00:00,18.526,18.526,18.526,18.526,18.526,18.526,18.526,18.526,18.526,18.526,18.526,18.526
2011-05-29 22:00:00,18.526,18.526,18.526,18.526,18.526,18.526,18.526,18.526,18.526,18.526,18.526,18.526
2011-05-29 23:00:00,18.526,18.526,18.526,18.526,18.526,18.526,18.526,18.526,18.526,18.526,18.526,18.526
2011-05-30 00:00:00,11.783,11.783,11.783,11.783,11.783,11.783,11.783,11.783,11.783,11.783,11.783,11.783
2011-05-30 01:00:00,11.783,11.783,11.783,11.783,11.783,11.783,11.783,11.783,11.783,11.783,11.783,11.783
2011-05-30 02:00:00,11.783,11.783,11.783,11.783,11.783,11.783,11.783,11.783,11.783,11.783,11.783,11.783
2011-05-30 03:00:00,11.783,11.783,11.783,11.783,11.783,11.783,11.783,11.783,11.783,11.783,11.783,11.783
2011-05-30 04:00:00,11.783,11.783,11.783,11.783,11.783,11.783,11.783,11.783,11.783,11.783,11.783,11.783
2011-05-30 05:00:00,12.753,12.753,12.753,12.753,12.753,12.753,12.753,12.753,12.753,12.753,12.753,12.753
2011-05-30 06:00:00,5.918,5.918,5.918,5.918,5.918,5.918,5.918,5.918,5.918,5.918,5.918,5.918
2011-05-30 07:00:00,5.595,5.595,5.595,5.595,5.595,5.595,5.595,5.595,5.595,5.595,5.595,5.595
2011-05-30 08:00:00,5.081,5.081,5.081,5.081,5.081,5.081,5.081,5.081,5.081,5.081,5.081,5.081
2011-05-30 09:00:00,3.732,3.732,3.732,3.732,3.732,3.732,3.732,3.732,3.732,3.732,3.732,3.732
2011-05-30 10:00:00,3.732,3.732,3.732,3.732,3.732,3.732,3.732,3.732,3.732,3.732,3.732,3.732
2011-05-30 11:00:00,3.732,3.732,3.732,3.732,3.732,3.732,3.732,3.732,3.732,3.732,3.732,3.732
2011-05-30 12:00:00,3.747,3.747,3.747,3.747,3.747,3.747,3.747,3.747,3.747,3.747,3.747,3.747
2011-05-30 13:00:00,5.751,5.751,5.751,5.751,5.751,5.751,5.751,5.751,5.751,5.751,5.751,5.751
2011-05-30 14:00:00,6.118,6.118,6.118,6.118,6.118,6.118,6.118,6.118,6.118,6.118,6.118,6.118
2011-05-30 15:00:00,7.814,7.814,7.814,7.814,7.814,7.814,7.814,7.814,7.814,7.814,7.814,7.814
2011-05-30 16:00:00,11.596,11.596,11.596,11.596,11.596,11.596,11.596,11.596,11.596,11.596,11.596,11.596
2011-05-30 17:00:00,16.234,16.234,16.234,16.234,16.234,16.234,16.234,16.234,16.234,16.234,16.234,16.234
2011-05-30 18:00:00,16.234,16.234,16.234,16.234,16.234,16.234,16.234,16.234,16.234,16.234,16.234,16.234
2011-05-30 19:00:00,16.234,16.234,16.234,16.234,16.234,16.234,16.234,16.234,16.234,16.234,16.234,16.234
2011-05-30 20:00:00,16.234,16.234,16.234,16.234,16.234,16.234,16.234,16.234,16.234,16.234,16.234,16.234
2011-05-30 21:00:00,11.791,11.791,11.791,11.791,11.791,11.791,11.791,11.791,11.791,11.791,11.791,11.791
2011-05-30 22:00:00,11.783,11.783,11.783,11.783,11.783,11.783,11.783,11.783,11.783,11.783,11.783,11.783
2011-05-30 23:00:00,11.783,11.783,11.783,11.783,11.783,11.783,11.783,11.783,11.783,11.783,11.783,11.783
2011-05-31 00:00:00,20.822,20.822,20.822,20.822,20.822,20.822,20.822,20.822,20.822,20.822,20.822,20.822
2011-05-31 01:00:00,20.822,20.822,20.822,20.822,20.822,20.822,20.822,20.822,20.822,20.822,20.822,20.822
2011-05-31 02:00:00,20.822,20.822,20.822,20.822,20.822,20.822,20.822,20.822,20.822,20.822,20.822,20.822
2011-05-31 03:00:00,20.822,20.822,20.822,20.822,20.822,20.822,20.822,20.822,20.822,20.822,20.822,20.822
2011-05-31 04:00:00,20.822,20.822,20.822,20.822,20.822,20.822,20.822,20.822,20.822,20.822,20.822,20.822
2011-05-31 05:00:00,20.978,20.978,20.978,20.978,20.978,20.978,20.978,20.978,20.978,20.978,20.978,20.978
2011-05-31 06:00:00,20.143,20.143,20.143,20.143,20.143,20.143,20.143,20.143,20.143,20.143,20.143,20.143
2011-05-31 07:00:00,18.591,18.591,18.591,18.591,18.591,18.591,18.591,18.591,18.591,18.591,18.591,18.591
2011-05-31 08:00:00,18.308,18.308,18.308,18.308,18.308,18.308,18.308,18.308,18.308,18.308,18.308,18.308
2011-05-31 09:00:00,13.599,13.599,13.599,13.599,13.599,13.599,13.599,13.599,13.599,13.599,13.599,13.599
2011-05-31 10:00:00,13.599,13.599,13.599,13.599,13.599,13.599,13.599,13.599,13.599,13.599,13.599,13.599
2011-05-31 11:00:00,13.599,13.599,13.599,13.599,13.599,13.599,13.599,13.599,13.599,13.599,13.599,13.599
2011-05-31 12:00:00,13.599,13.599,13.599,13.599,13.599,13.599,13.599,13.599,13.599,13.599,13.599,13.599
2011-05-31 13:00:00,13.844,13.844,13.844,13.844,13.844,13.844,13.844,13.844,13.844,13.844,13.844,13.844
2011-05-31 14:00:00,17.295,17.295,17.295,17.295,17.295,17.295,17.295,17.295,17.295,17.295,17.295,17.295
2011-05-31 15:00:00,20.072,20.072,20.072,20.072,20.072,20.072,20.072,20.072,20.072,20.072,20.072,20.072
2011-05-31 16:00:00,20.822,20.822,20.822,20.822,20.822,20.822,20.822,20.822,20.822,20.822,20.822,20.822
2011-05-31 17:00:00,20.822,20.822,20.822,20.822,20.822,20.822,20.822,20.822,20.822,20.822,20.822,20.822
2011-05-31 18:00:00,20.822,20.822,20.822,20.822,20.822,20.822,20.822,20.822,20.822,20.822,20.822,20.822
2011-05-31 19:00:00,20.822,20.822,20.822,20.822,20.822,20.822,20.822,20.822,20.822,20.822,20.822,20.822
2011-05-31 20:00:00,20.822,20.822,20.822,20.822,20.822,20.822,20.822,20.822,20.822,20.822,20.822,20.822
2011-05-31 21:00:00,20.822,20.822,20.822,20.822,20.822,20.822,20.822,20.822,20.822,20.822,20.822,20.822
2011-05-31 22:00:00,20.822,20.822,20.822,20.822,20.822,20.822,20.822,20.822,20.822,20.822,20.822,20.822
2011-05-31 23:00:00,20.822,20.822,20.822,20.822,20.822,20.822,20.822,20.822,20.822,20.822,20.822,20.822
2011-06-01 00:00:00,21.521,21.521,21.521,21.521,21.521,21.521,21.521,21.521,21.521,21.521,21.521,21.521
2011-06-01 01:00:00,21.521,21.521,21.521,21.521,21.521,21.521,21.521,21.521,21.521,21.521,21.521,21.521
2011-06-01 02:00:00,21.521,21.521,21.521,21.521,21.521,21.521,21.521,21.521,21.521,21.521,21.521,21.521
2011-06-01 03:00:00,21.521,21.521,21.521,21.521,21.521,21.521,21.521,21.521,21.521,21.521,21.521,21.521
2011-06-01 04:00:00,21.521,21.521,21.521,21.521,21.521,21.521,21.521,21.521,21.521,21.521,21.521,21.521
2011-06-01 05:00:00,21.651,21.651,21.651,21.651,21.651,21.651,21.651,21.651,21.651,21.651,21.651,21.651
2011-06-01 06:00:00,19.982,19.982,19.982,19.982,19.982,19.982,19.982,19.982,19.982,19.982,19.982,19.982
2011-06-01 07:00:00,14.775,14.775,14.775,14.775,14.775,14.775,14.775,14.775,14.775,14.775,14.775,14.775
2011-06-01 08:00:00,14.864,14.864,14.864,14.864,14.864,14.864,14.864,14.864,14.864,14.864,14.864,14.864
2011-06-01 09:00:00,14.864,14.864,14.864,14.864,14.864,14.864,14.864,14.864,14.864,14.864,14.864,14.864
2011-06-01 10:00:00,18.193,18.193,18.193,18.193,18.193,18.193,18.193,18.193,18.193,18.193,18.193,18.193
2011-06-01 11:00:00,18.394,18.394,18.394,18.394,18.394,18.394,18.394,18.394,18.394,18.394,18.394,18.394
2011-06-01 12:00:00,18.394,18.394,18.394,18.394,18.394,18.394,18.394,18.394,18.394,18.394,18.394,18.394
2011-06-01 13:00:00,18.394,18.394,18.394,18.394,18.394,18.394,18.394,18.394,18.394,18.394,18.394,18.394
2011-06-01 14:00:00,18.394,18.394,18.394,18.394,18.394,18.394,18.394,18.394,18.394,18.394,18.394,18.394
2011-06-01 15:00:00,19.95,19.95,19.95,19.95,19.95,19.95,19.95,19.95,19.95,19.95,19.95,19.95
2011-06-01 16:00:00,21.521,21.521,21.521,21.521,21.521,21.521,21.521,21.521,21.521,21.521,21.521,21.521
2011-06-01 17:00:00,22.206,22.206,22.206,22.206,22.206,22.206,22.206,22.206,22.206,22.206,22.206,22.206
2011-06-01 18:00:00,22.206,22.206,22.206,22.206,22.206,22.206,22.206,22.206,22.206,22.206,22.206,22.206
2011-06-01 19:00:00,21.521,21.521,21.521,21.521,21.521,21.521,21.521,21.521,21.521,21.521,21.521,21.521
2011-06-01 20:00:00,21.521,21.521,21.521,21.521,21.521,21.521,21.521,21.521,21.521,21.521,21.521,21.521
2011-06-01 21:00:00,21.521,21.521,21.521,21.521,21.521,21.521,21.521,21.521,21.521,21.521,21.521,21.521
2011-06-01 22:00:00,21.521,21.521,21.521,21.521,21.521,21.521,21.521,21.521,21.521,21.521,21.521,21.521
2011-06-01 23:00:00,21.521,21.521,21.521,21.521,21.521,21.521,21.521,21.521,21.521,21.521,21.521,21.521
2011-06-02 00:00:00,23.167,23.167,23.167,23.167,23.167,23.167,23.167,23.167,23.167,23.167,23.167,23.167
2011-06-02 01:00:00,23.167,23.167,23.167,23.167,23.167,23.167,23.167,23.167,23.167,23.167,23.167,23.167
2011-06-02 02:00:00,23.167,23.167,23.167,23.167,23.167,23.167,23.167,23.167,23.167,23.167,23.167,23.167
2011-06-02 03:00:00,23.167,23.167,23.167,23.167,23.167,23.167,23.167,23.167,23.167,23.167,23.167,23.167
2011-06-02 04:00:00,23.167,23.167,23.167,23.167,23.167,23.167,23.167,23.167,23.167,23.167,23.167,23.167
2011-06-02 05:00:00,23.241,23.241,23.241,23.241,23.241,23.241,23.241,23.241,23.241,23.241,23.241,23.241
2011-06-02 06:00:00,22.678,22.678,22.678,22.678,22.678,22.678,22.678,22.678,22.678,22.678,22.678,22.678
2011-06-02 07:00:00,18.367,18.367,18.367,18.367,18.367,18.367,18.367,18.367,18.367,18.367,18.367,18.367
2011-06-02 08:00:00,13.346,13.346,13.346,13.346,13.346,13.346,13.346,13.346,13.346,13.346,13.346,13.346
2011-06-02 09:00:00,13.346,13.346,13.346,13.346,13.346,13.346,13.346,13.346,13.346,13.346,13.346,13.346
2011-06-02 10:00:00,17.032,17.032,17.032,17.032,17.032,17.032,17.032,17.032,17.032,17.032,17.032,17.032
2011-06-02 11:00:00,17.032,17.032,17.032,17.032,17.032,17.032,17.032,17.032,17.032,17.032,17.032,17.032
2011-06-02 12:00:00,17.032,17.032,17.032,17.032,17.032,17.032,17.032,17.032,17.032,17.032,17.032,17.032
2011-06-02 13:00:00,17.032,17.032,17.032,17.032,17.032,17.032,17.032,17.032,17.032,17.032,17.032,17.032
2011-06-02 14:00:00,17.986,17.986,17.986,17.986,17.986,17.986,17.986,17.986,17.986,17.986,17.986,17.986
2011-06-02 15:00:00,20.691,20.691,20.691,20.691,20.691,20.691,20.691,20.691,20.691,20.691,20.691,20.691
2011-06-02 16:00:00,23.167,23.167,23.167,23.167,23.167,23.167,23.167,23.167,23.167,23.167,23.167,23.167
2011-06-02 17:00:00,23.167,23.167,23.167,23.167,23.167,23.167,23.167,23.167,23.167,23.167,23.167,23.167
2011-06-02 18:00:00,23.17,23.17,23.17,23.17,23.17,23.17,23.17,23.17,23.17,23.17,23.17,23.17
2011-06-02 19:00:00,23.167,23.167,23.167,23.167,23.167,23.167,23.167,23.167,23.167,23.167,23.167,23.167
2011-06-02 20:00:00,23.167,23.167,23.167,23.167,23.167,23.167,23.167,23.167,23.167,23.167,23.167,23.167
2011-06-02 21:00:00,23.167,23.167,23.167,23.167,23.167,23.167,23.167,23.167,23.167,23.167,23.167,23.167
2011-06-02 22:00:00,23.167,23.167,23.167,23.167,23.167,23.167,23.167,23.167,23.167,23.167,23.167,23.167
2011-06-02 23:00:00,23.167,23.167,23.167,23.167,23.167,23.167,23.167,23.167,23.167,23.167,23.167,23.167
2011-06-03 00:00:00,18.693,18.693,18.693,18.693,18.693,18.693,18.693,18.693,18.693,18.693,18.693,18.693
2011-06-03 01:00:00,18.693,18.693,18.693,18.693,18.693,18.693,18.693,18.693,18.693,18.693,18.693,18.693
2011-06-03 02:00:00,18.693,18.693,18.693,18.693,18.693,18.693,18.693,18.693,18.693,18.693,18.693,18.693
2011-06-03 03:00:00,18.693,18.693,18.693,18.693,18.693,18.693,18.693,18.693,18.693,18.693,18.693,18.693
2011-06-03 04:00:00,18.693,18.693,18.693,18.693,18.693,18.693,18.693,18.693,18.693,18.693,18.693,18.693
2011-06-03 05:00:00,18.693,18.693,18.693,18.693,18.693,18.693,18.693,18.693,18.693,18.693,18.693,18.693
2011-06-03 06:00:00,17.829,17.829,17.829,17.829,17.829,17.829,17.829,17.829,17.829,17.829,17.829,17.829
2011-06-03 07:00:00,15.31,15.31,15.31,15.31,15.31,15.31,15.31,15.31,15.31,15.31,15.31,15.31
2011-06-03 08:00:00,6.872,6.872,6.872,6.872,6.872,6.872,6.872,6.872,6.872,6.872,6.872,6.872
2011-06-03 09:00:00,5.723,5.723,5.723,5.723,5.723,5.723,5.723,5.723,5.723,5.723,5.723,5.723
2011-06-03 10:00:00,5.723,5.723,5.723,5.723,5.723,5.723,5.723,5.723,5.723,5.723,5.723,5.723
2011-06-03 11:00:00,5.723,5.723,5.723,5.723,5.723,5.723,5.723,5.723,5.723,5.723,5.723,5.723
2011-06-03 12:00:00,5.723,5.723,5.723,5.723,5.723,5.723,5.723,5.723,5.723,5.723,5.723,5.723
2011-06-03 13:00:00,15.059,15.059,15.059,15.059,15.059,15.059,15.059,15.059,15.059,15.059,15.059,15.059
2011-06-03 14:00:00,17.199,17.199,17.199,17.199,17.199,17.199,17.199,17.199,17.199,17.199,17.199,17.199
2011-06-03 15:00:00,18.157,18.157,18.157,18.157,18.157,18.157,18.157,18.157,18.157,18.157,18.157,18.157
2011-06-03 16:00:00,18.467,18.467,18.467,18.467,18.467,18.467,18.467,18.467,18.467,18.467,18.467,18.467
2011-06-03 17:00:00,18.693,18.693,18.693,18.693,18.693,18.693,18.693,18.693,18.693,18.693,18.693,18.693
2011-06-03 18:00:00,18.693,18.693,18.693,18.693,18.693,18.693,18.693,18.693,18.693,18.693,18.693,18.693
2011-06-03 19:00:00,18.693,18.693,18.693,18.693,18.693,18.693,18.693,18.693,18.693,18.693,18.693,18.693
2011-06-03 20:00:00,18.693,18.693,18.693,18.693,18.693,18.693,18.693,18.693,18.693,18.693,18.693,18.693
2011-06-03 21:00:00,18.693,18.693,18.693,18.693,18.693,18.693,18.693,18.693,18.693,18.693,18.693,18.693
2011-06-03 22:00:00,18.693,18.693,18.693,18.693,18.693,18.693,18.693,18.693,18.693,18.693,18.693,18.693
2011-06-03 23:00:00,18.693,18.693,18.693,18.693,18.693,18.693,18.693,18.693,18.693,18.693,18.693,18.693
2011-06-04 00:00:00,16.225,16.225,16.225,16.225,16.225,16.225,16.225,16.225,16.225,16.225,16.225,16.225
2011-06-04 01:00:00,16.225,16.225,16.225,16.225,16.225,16.225,16.225,16.225,16.225,16.225,16.225,16.225
2011-06-04 02:00:00,16.225,16.225,16.225,16.225,16.225,16.225,16.225,16.225,16.225,16.225,16.225,16.225
2011-06-04 03:00:00,16.225,16.225,16.225,16.225,16.225,16.225,16.225,16.225,16.225,16.225,16.225,16.225
2011-06-04 04:00:00,16.225,16.225,16.225,16.225,16.225,16.225,16.225,16.225,16.225,16.225,16.225,16.225
2011-06-04 05:00:00,16.225,16.225,16.225,16.225,16.225,16.225,16.225,16.225,16.225,16.225,16.225,16.225
2011-06-04 06:00:00,16.225,16.225,16.225,16.225,16.225,16.225,16.225,16.225,16.225,16.225,16.225,16.225
2011-06-04 07:00:00,15.392,15.392,15.392,15.392,15.392,15.392,15.392,15.392,15.392,15.392,15.392,15.392
2011-06-04 08:00:00,6.884,6.884,6.884,6.884,6.884,6.884,6.884,6.884,6.884,6.884,6.884,6.884
2011-06-04 09:00:00,3.54,3.54,3.54,3.54,3.54,3.54,3.54,3.54,3.54,3.54,3.54,3.54
2011-06-04 10:00:00,3.54,3.54,3.54,3.54,3.54,3.54,3.54,3.54,3.54,3.54,3.54,3.54
2011-06-04 11:00:00,3.54,3.54,3.54,3.54,3.54,3.54,3.54,3.54,3.54,3.54,3.54,3.54
2011-06-04 12:00:00,3.588,3.588,3.588,3.588,3.588,3.588,3.588,3.588,3.588,3.588,3.588,3.588
2011-06-04 13:00:00,4.849,4.849,4.849,4.849,4.849,4.849,4.849,4.849,4.849,4.849,4.849,4.849
2011-06-04 14:00:00,13.285,13.285,13.285,13.285,13.285,13.285,13.285,13.285,13.285,13.285,13.285,13.285
2011-06-04 15:00:00,15.781,15.781,15.781,15.781,15.781,15.781,15.781,15.781,15.781,15.781,15.781,15.781
2011-06-04 16:00:00,16.225,16.225,16.225,16.225,16.225,16.225,16.225,16.225,16.225,16.225,16.225,16.225
2011-06-04 17:00:00,16.225,16.225,16.225,16.225,16.225,16.225,16.225,16.225,16.225,16.225,16.225,16.225
2011-06-04 18:00:00,16.225,16.225,16.225,16.225,16.225,16.225,16.225,16.225,16.225,16.225,16.225,16.225
2011-06-04 19:00:00,16.225,16.225,16.225,16.225,16.225,16.225,16.225,16.225,16.225,16.225,16.225,16.225
2011-06-04 20:00:00,16.225,16.225,16.225,16.225,16.225,16.225,16.225,16.225,16.225,16.225,16.225,16.225
2011-06-04 21:00:00,16.225,16.225,16.225,16.225,16.225,16.225,16.225,16.225,16.225,16.225,16.225,16.225
2011-06-04 22:00:00,16.225,16.225,16.225,16.225,16.225,16.225,16.225,16.225,16.225,16.225,16.225,16.225
2011-06-04 23:00:00,16.225,16.225,16.225,16.225,16.225,16.225,16.225,16.225,16.225,16.225,16.225,16.225
2011-06-05 00:00:00,19.267,19.267,19.267,19.267,19.267,19.267,19.267,19.267,19.267,19.267,19.267,19.267
2011-06-05 01:00:00,19.267,19.267,19.267,19.267,19.267,19.267,19.267,19.267,19.267,19.267,19.267,19.267
2011-06-05 02:00:00,19.267,19.267,19.267,19.267,19.267,19.267,19.267,19.267,19.267,19.267,19.267,19.267
2011-06-05 03:00:00,19.267,19.267,19.267,19.267,19.267,19.267,19.267,19.267,19.267,19.267,19.267,19.267
2011-06-05 04:00:00,19.267,19.267,19.267,19.267,19.267,19.267,19.267,19.267,19.267,19.267,19.267,19.267
2011-06-05 05:00:00,19.267,19.267,19.267,19.267,19.267,19.267,19.267,19.267,19.267,19.267,19.267,19.267
2011-06-05 06:00:00,19.267,19.267,19.267,19.267,19.267,19.267,19.267,19.267,19.267,19.267,19.267,19.267
2011-06-05 07:00:00,19.118,19.118,19.118,19.118,19.118,19.118,19.118,19.118,19.118,19.118,19.118,19.118
2011-06-05 08:00:00,11.836,11.836,11.836,11.836,11.836,11.836,11.836,11.836,11.836,11.836,11.836,11.836
2011-06-05 09:00:00,4.452,4.452,4.452,4.452,4.452,4.452,4.452,4.452,4.452,4.452,4.452,4.452
2011-06-05 10:00:00,4.452,4.452,4.452,4.452,4.452,4.452,4.452,4.452,4.452,4.452,4.452,4.452
2011-06-05 11:00:00,4.452,4.452,4.452,4.452,4.452,4.452,4.452,4.452,4.452,4.452,4.452,4.452
2011-06-05 12:00:00,4.452,4.452,4.452,4.452,4.452,4.452,4.452,4.452,4.452,4.452,4.452,4.452
2011-06-05 13:00:00,4.47,4.47,4.47,4.47,4.47,4.47,4.47,4.47,4.47,4.47,4.47,4.47
2011-06-05 14:00:00,17.859,17.859,17.859,17.859,17.859,17.859,17.859,17.859,17.859,17.859,17.859,17.859
2011-06-05 15:00:00,19.118,19.118,19.118,19.118,19.118,19.118,19.118,19.118,19.118,19.118,19.118,19.118
2011-06-05 16:00:00,19.267,19.267,19.267,19.267,19.267,19.267,19.267,19.267,19.267,19.267,19.267,19.267
2011-06-05 17:00:00,19.267,19.267,19.267,19.267,19.267,19.267,19.267,19.267,19.267,19.267,19.267,19.267
2011-06-05 18:00:00,19.267,19.267,19.267,19.267,19.267,19.267,19.267,19.267,19.267,19.267,19.267,19.267
2011-06-05 19:00:00,19.267,19.267,19.267,19.267,19.267,19.267,19.267,19.267,19.267,19.267,19.267,19.267
2011-06-05 20:00:00,19.267,19.267,19.267,19.267,19.267,19.267,19.267,19.267,19.267,19.267,19.267,19.267
2011-06-05 21:00:00,19.267,19.267,19.267,19.267,19.267,19.267,19.267,19.267,19.267,19.267,19.267,19.267
2011-06-05 22:00:00,19.267,19.267,19.267,19.267,19.267,19.267,19.267,19.267,19.267,19.267,19.267,19.267
2011-06-05 23:00:00,19.267,19.267,19.267,19.267,19.267,19.267,19.267,19.267,19.267,19.267,19.267,19.267
2011-06-06 00:00:00,19.663,19.663,19.663,19.663,19.663,19.663,19.663,19.663,19.663,19.663,19.663,19.663
2011-06-06 01:00:00,19.663,19.663,19.663,19.663,19.663,19.663,19.663,19.663,19.663,19.663,19.663,19.663
2011-06-06 02:00:00,19.663,19.663,19.663,19.663,19.663,19.663,19.663,19.663,19.663,19.663,19.663,19.663
2011-06-06 03:00:00,19.663,19.663,19.663,19.663,19.663,19.663,19.663,19.663,19.663,19.663,19.663,19.663
2011-06-06 04:00:00,19.663,19.663,19.663,19.663,19.663,19.663,19.663,19.663,19.663,19.663,19.663,19.663
2011-06-06 05:00:00,19.663,19.663,19.663,19.663,19.663,19.663,19.663,19.663,19.663,19.663,19.663,19.663
2011-06-06 06:00:00,15.637,15.637,15.637,15.637,15.637,15.637,15.637,15.637,15.637,15.637,15.637,15.637
2011-06-06 07:00:00,14.963,14.963,14.963,14.963,14.963,14.963,14.963,14.963,14.963,14.963,14.963,14.963
2011-06-06 08:00:00,14.829,14.829,14.829,14.829,14.829,14.829,14.829,14.829,14.829,14.829,14.829,14.829
2011-06-06 09:00:00,12.967,12.967,12.967,12.967,12.967,12.967,12.967,12.967,12.967,12.967,12.967,12.967
2011-06-06 10:00:00,11.621,11.621,11.621,11.621,11.621,11.621,11.621,11.621,11.621,11.621,11.621,11.621
2011-06-06 11:00:00,10.688,10.688,10.688,10.688,10.688,10.688,10.688,10.688,10.688,10.688,10.688,10.688
2011-06-06 12:00:00,10.688,10.688,10.688,10.688,10.688,10.688,10.688,10.688,10.688,10.688,10.688,10.688
2011-06-06 13:00:00,10.688,10.688,10.688,10.688,10.688,10.688,10.688,10.688,10.688,10.688,10.688,10.688
2011-06-06 14:00:00,12.997,12.997,12.997,12.997,12.997,12.997,12.997,12.997,12.997,12.997,12.997,12.997
2011-06-06 15:00:00,14.283,14.283,14.283,14.283,14.283,14.283,14.283,14.283,14.283,14.283,14.283,14.283
2011-06-06 16:00:00,15.493,15.493,15.493,15.493,15.493,15.493,15.493,15.493,15.493,15.493,15.493,15.493
2011-06-06 17:00:00,19.663,19.663,19.663,19.663,19.663,19.663,19.663,19.663,19.663,19.663,19.663,19.663
2011-06-06 18:00:00,22.695,22.695,22.695,22.695,22.695,22.695,22.695,22.695,22.695,22.695,22.695,22.695
2011-06-06 19:00:00,25.978,25.978,25.978,25.978,25.978,25.978,25.978,25.978,25.978,25.978,25.978,25.978
2011-06-06 20:00:00,27.09,27.09,27.09,27.09,27.09,27.09,27.09,27.09,27.09,27.09,27.09,27.09
2011-06-06 21:00:00,27.09,27.09,27.09,27.09,27.09,27.09,27.09,27.09,27.09,27.09,27.09,27.09
2011-06-06 22:00:00,27.09,27.09,27.09,27.09,27.09,27.09,27.09,27.09,27.09,27.09,27.09,27.09
2011-06-06 23:00:00,27.09,27.09,27.09,27.09,27.09,27.09,27.09,27.09,27.09,27.09,27.09,27.09
2011-06-07 00:00:00,25.321,25.321,25.321,25.321,25.321,25.321,25.321,25.321,25.321,25.321,25.321,25.321
2011-06-07 01:00:00,25.321,25.321,25.321,25.321,25.321,25.321,25.321,25.321,25.321,25.321,25.321,25.321
2011-06-07 02:00:00,25.321,25.321,25.321,25.321,25.321,25.321,25.321,25.321,25.321,25.321,25.321,25.321
2011-06-07 03:00:00,25.321,25.321,25.321,25.321,25.321,25.321,25.321,25.321,25.321,25.321,25.321,25.321
2011-06-07 04:00:00,25.321,25.321,25.321,25.321,25.321,25.321,25.321,25.321,25.321,25.321,25.321,25.321
2011-06-07 05:00:00,25.321,25.321,25.321,25.321,25.321,25.321,25.321,25.321,25.321,25.321,25.321,25.321
2011-06-07 06:00:00,22.776,22.776,22.776,22.776,22.776,22.776,22.776,22.776,22.776,22.776,22.776,22.776
2011-06-07 07:00:00,17.395,17.395,17.395,17.395,17.395,17.395,17.395,17.395,17.395,17.395,17.395,17.395
2011-06-07 08:00:00,16.874,16.874,16.874,16.874,16.874,16.874,16.874,16.874,16.874,16.874,16.874,16.874
2011-06-07 09:00:00,16.03,16.03,16.03,16.03,16.03,16.03,16.03,16.03,16.03,16.03,16.03,16.03
2011-06-07 10:00:00,15.744,15.744,15.744,15.744,15.744,15.744,15.744,15.744,15.744,15.744,15.744,15.744
2011-06-07 11:00:00,13.668,13.668,13.668,13.668,13.668,13.668,13.668,13.668,13.668,13.668,13.668,13.668
2011-06-07 12:00:00,13.668,13.668,13.668,13.668,13.668,13.668,13.668,13.668,13.668,13.668,13.668,13.668
2011-06-07 13:00:00,13.668,13.668,13.668,13.668,13.668,13.668,13.668,13.668,13.668,13.668,13.668,13.668
2011-06-07 14:00:00,16.616,16.616,16.616,16.616,16.616,16.616,16.616,16.616,16.616,16.616,16.616,16.616
2011-06-07 15:00:00,18.725,18.725,18.725,18.725,18.725,18.725,18.725,18.725,18.725,18.725,18.725,18.725
2011-06-07 16:00:00,21.169,21.169,21.169,21.169,21.169,21.169,21.169,21.169,21.169,21.169,21.169,21.169
2011-06-07 17:00:00,25.321,25.321,25.321,25.321,25.321,25.321,25.321,25.321,25.321,25.321,25.321,25.321
2011-06-07 18:00:00,25.321,25.321,25.321,25.321,25.321,25.321,25.321,25.321,25.321,25.321,25.321,25.321
2011-06-07 19:00:00,25.321,25.321,25.321,25.321,25.321,25.321,25.321,25.321,25.321,25.321,25.321,25.321
2011-06-07 20:00:00,25.321,25.321,25.321,25.321,25.321,25.321,25.321,25.321,25.321,25.321,25.321,25.321
2011-06-07 21:00:00,25.321,25.321,25.321,25.321,25.321,25.321,25.321,25.321,25.321,25.321,25.321,25.321
2011-06-07 22:00:00,25.321,25.321,25.321,25.321,25.321,25.321,25.321,25.321,25.321,25.321,25.321,25.321
2011-06-07 23:00:00,25.321,25.321,25.321,25.321,25.321,25.321,25.321,25.321,25.321,25.321,25.321,25.321
2011-06-08 00:00:00,22.152,22.152,22.152,22.152,22.152,22.152,22.152,22.152,22.152,22.152,22.152,22.152
2011-06-08 01:00:00,22.152,22.152,22.152,22.152,22.152,22.152,22.152,22.152,22.152,22.152,22.152,22.152
2011-06-08 02:00:00,22.152,22.152,22.152,22.152,22.152,22.152,22.152,22.152,22.152,22.152,22.152,22.152
2011-06-08 03:00:00,22.152,22.152,22.152,22.152,22.152,22.152,22.152,22.152,22.152,22.152,22.152,22.152
2011-06-08 04:00:00,22.248,22.248,22.248,22.248,22.248,22.248,22.248,22.248,22.248,22.248,22.248,22.248
2011-06-08 05:00:00,23.09,23.09,23.09,23.09,23.09,23.09,23.09,23.09,23.09,23.09,23.09,23.09
2011-06-08 06:00:00,22.993,22.993,22.993,22.993,22.993,22.993,22.993,22.993,22.993,22.993,22.993,22.993
2011-06-08 07:00:00,21.939,21.939,21.939,21.939,21.939,21.939,21.939,21.939,21.939,21.939,21.939,21.939
2011-06-08 08:00:00,20.888,20.888,20.888,20.888,20.888,20.888,20.888,20.888,20.888,20.888,20.888,20.888
2011-06-08 09:00:00,19.943,19.943,19.943,19.943,19.943,19.943,19.943,19.943,19.943,19.943,19.943,19.943
2011-06-08 10:00:00,19.808,19.808,19.808,19.808,19.808,19.808,19.808,19.808,19.808,19.808,19.808,19.808
2011-06-08 11:00:00,18.426,18.426,18.426,18.426,18.426,18.426,18.426,18.426,18.426,18.426,18.426,18.426
2011-06-08 12:00:00,16.225,16.225,16.225,16.225,16.225,16.225,16.225,16.225,16.225,16.225,16.225,16.225
2011-06-08 13:00:00,16.225,16.225,16.225,16.225,16.225,16.225,16.225,16.225,16.225,16.225,16.225,16.225
2011-06-08 14:00:00,16.225,16.225,16.225,16.225,16.225,16.225,16.225,16.225,16.225,16.225,16.225,16.225
2011-06-08 15:00:00,19.611,19.611,19.611,19.611,19.611,19.611,19.611,19.611,19.611,19.611,19.611,19.611
2011-06-08 16:00:00,22.152,22.152,22.152,22.152,22.152,22.152,22.152,22.152,22.152,22.152,22.152,22.152
2011-06-08 17:00:00,22.152,22.152,22.152,22.152,22.152,22.152,22.152,22.152,22.152,22.152,22.152,22.152
2011-06-08 18:00:00,22.152,22.152,22.152,22.152,22.152,22.152,22.152,22.152,22.152,22.152,22.152,22.152
2011-06-08 19:00:00,22.152,22.152,22.152,22.152,22.152,22.152,22.152,22.152,22.152,22.152,22.152,22.152
2011-06-08 20:00:00,22.152,22.152,22.152,22.152,22.152,22.152,22.152,22.152,22.152,22.152,22.152,22.152
2011-06-08 21:00:00,22.152,22.152,22.152,22.152,22.152,22.152,22.152,22.152,22.152,22.152,22.152,22.152
2011-06-08 22:00:00,22.152,22.152,22.152,22.152,22.152,22.152,22.152,22.152,22.152,22.152,22.152,22.152
2011-06-08 23:00:00,22.152,22.152,22.152,22.152,22.152,22.152,22.152,22.152,22.152,22.152,22.152,22.152
2011-06-09 00:00:00,24.362,24.362,24.362,24.362,24.362,24.362,24.362,24.362,24.362,24.362,24.362,24.362
2011-06-09 01:00:00,24.308,24.308,24.308,24.308,24.308,24.308,24.308,24.308,24.308,24.308,24.308,24.308
2011-06-09 02:00:00,24.308,24.308,24.308,24.308,24.308,24.308,24.308,24.308,24.308,24.308,24.308,24.308
2011-06-09 03:00:00,24.308,24.308,24.308,24.308,24.308,24.308,24.308,24.308,24.308,24.308,24.308,24.308
2011-06-09 04:00:00,24.308,24.308,24.308,24.308,24.308,24.308,24.308,24.308,24.308,24.308,24.308,24.308
2011-06-09 05:00:00,24.37,24.37,24.37,24.37,24.37,24.37,24.37,24.37,24.37,24.37,24.37,24.37
2011-06-09 06:00:00,23.137,23.137,23.137,23.137,23.137,23.137,23.137,23.137,23.137,23.137,23.137,23.137
2011-06-09 07:00:00,18.965,18.965,18.965,18.965,18.965,18.965,18.965,18.965,18.965,18.965,18.965,18.965
2011-06-09 08:00:00,18.306,18.306,18.306,18.306,18.306,18.306,18.306,18.306,18.306,18.306,18.306,18.306
2011-06-09 09:00:00,13.446,13.446,13.446,13.446,13.446,13.446,13.446,13.446,13.446,13.446,13.446,13.446
2011-06-09 10:00:00,13.446,13.446,13.446,13.446,13.446,13.446,13.446,13.446,13.446,13.446,13.446,13.446
2011-06-09 11:00:00,13.446,13.446,13.446,13.446,13.446,13.446,13.446,13.446,13.446,13.446,13.446,13.446
2011-06-09 12:00:00,17.986,17.986,17.986,17.986,17.986,17.986,17.986,17.986,17.986,17.986,17.986,17.986
2011-06-09 13:00:00,18.136,18.136,18.136,18.136,18.136,18.136,18.136,18.136,18.136,18.136,18.136,18.136
2011-06-09 14:00:00,18.941,18.941,18.941,18.941,18.941,18.941,18.941,18.941,18.941,18.941,18.941,18.941
2011-06-09 15:00:00,22.12,22.12,22.12,22.12,22.12,22.12,22.12,22.12,22.12,22.12,22.12,22.12
2011-06-09 16:00:00,24.07,24.07,24.07,24.07,24.07,24.07,24.07,24.07,24.07,24.07,24.07,24.07
2011-06-09 17:00:00,24.308,24.308,24.308,24.308,24.308,24.308,24.308,24.308,24.308,24.308,24.308,24.308
2011-06-09 18:00:00,24.308,24.308,24.308,24.308,24.308,24.308,24.308,24.308,24.308,24.308,24.308,24.308
2011-06-09 19:00:00,24.308,24.308,24.308,24.308,24.308,24.308,24.308,24.308,24.308,24.308,24.308,24.308
2011-06-09 20:00:00,24.387,24.387,24.387,24.387,24.387,24.387,24.387,24.387,24.387,24.387,24.387,24.387
2011-06-09 21:00:00,24.375,24.375,24.375,24.375,24.375,24.375,24.375,24.375,24.375,24.375,24.375,24.375
2011-06-09 22:00:00,24.387,24.387,24.387,24.387,24.387,24.387,24.387,24.387,24.387,24.387,24.387,24.387
2011-06-09 23:00:00,24.387,24.387,24.387,24.387,24.387,24.387,24.387,24.387,24.387,24.387,24.387,24.387
2011-06-10 00:00:00,25.053,25.053,25.053,25.053,25.053,25.053,25.053,25.053,25.053,25.053,25.053,25.053
2011-06-10 01:00:00,25.053,25.053,25.053,25.053,25.053,25.053,25.053,25.053,25.053,25.053,25.053,25.053
2011-06-10 02:00:00,25.053,25.053,25.053,25.053,25.053,25.053,25.053,25.053,25.053,25.053,25.053,25.053
2011-06-10 03:00:00,25.053,25.053,25.053,25.053,25.053,25.053,25.053,25.053,25.053,25.053,25.053,25.053
2011-06-10 04:00:00,25.053,25.053,25.053,25.053,25.053,25.053,25.053,25.053,25.053,25.053,25.053,25.053
2011-06-10 05:00:00,25.053,25.053,25.053,25.053,25.053,25.053,25.053,25.053,25.053,25.053,25.053,25.053
2011-06-10 06:00:00,18.962,18.962,18.962,18.962,18.962,18.962,18.962,18.962,18.962,18.962,18.962,18.962
2011-06-10 07:00:00,17.537,17.537,17.537,17.537,17.537,17.537,17.537,17.537,17.537,17.537,17.537,17.537
2011-06-10 08:00:00,14.728,14.728,14.728,14.728,14.728,14.728,14.728,14.728,14.728,14.728,14.728,14.728
2011-06-10 09:00:00,12.287,12.287,12.287,12.287,12.287,12.287,12.287,12.287,12.287,12.287,12.287,12.287
2011-06-10 10:00:00,12.717,12.717,12.717,12.717,12.717,12.717,12.717,12.717,12.717,12.717,12.717,12.717
2011-06-10 11:00:00,11.761,11.761,11.761,11.761,11.761,11.761,11.761,11.761,11.761,11.761,11.761,11.761
2011-06-10 12:00:00,11.761,11.761,11.761,11.761,11.761,11.761,11.761,11.761,11.761,11.761,11.761,11.761
2011-06-10 13:00:00,11.761,11.761,11.761,11.761,11.761,11.761,11.761,11.761,11.761,11.761,11.761,11.761
2011-06-10 14:00:00,13.78,13.78,13.78,13.78,13.78,13.78,13.78,13.78,13.78,13.78,13.78,13.78
2011-06-10 15:00:00,21.517,21.517,21.517,21.517,21.517,21.517,21.517,21.517,21.517,21.517,21.517,21.517
2011-06-10 16:00:00,25.022,25.022,25.022,25.022,25.022,25.022,25.022,25.022,25.022,25.022,25.022,25.022
2011-06-10 17:00:00,25.053,25.053,25.053,25.053,25.053,25.053,25.053,25.053,25.053,25.053,25.053,25.053
2011-06-10 18:00:00,25.053,25.053,25.053,25.053,25.053,25.053,25.053,25.053,25.053,25.053,25.053,25.053
2011-06-10 19:00:00,25.053,25.053,25.053,25.053,25.053,25.053,25.053,25.053,25.053,25.053,25.053,25.053
2011-06-10 20:00:00,25.168,25.168,25.168,25.168,25.168,25.168,25.168,25.168,25.168,25.168,25.168,25.168
2011-06-10 21:00:00,25.168,25.168,25.168,25.168,25.168,25.168,25.168,25.168,25.168,25.168,25.168,25.168
2011-06-10 22:00:00,25.211,25.211,25.211,25.211,25.211,25.211,25.211,25.211,25.211,25.211,25.211,25.211
2011-06-10 23:00:00,25.211,25.211,25.211,25.211,25.211,25.211,25.211,25.211,25.211,25.211,25.211,25.211
2011-06-11 00:00:00,18.831,18.831,18.831,18.831,18.831,18.831,18.831,18.831,18.831,18.831,18.831,18.831
2011-06-11 01:00:00,18.831,18.831,18.831,18.831,18.831,18.831,18.831,18.831,18.831,18.831,18.831,18.831
2011-06-11 02:00:00,18.831,18.831,18.831,18.831,18.831,18.831,18.831,18.831,18.831,18.831,18.831,18.831
2011-06-11 03:00:00,18.831,18.831,18.831,18.831,18.831,18.831,18.831,18.831,18.831,18.831,18.831,18.831
2011-06-11 04:00:00,18.831,18.831,18.831,18.831,18.831,18.831,18.831,18.831,18.831,18.831,18.831,18.831
2011-06-11 05:00:00,18.831,18.831,18.831,18.831,18.831,18.831,18.831,18.831,18.831,18.831,18.831,18.831
2011-06-11 06:00:00,18.831,18.831,18.831,18.831,18.831,18.831,18.831,18.831,18.831,18.831,18.831,18.831
2011-06-11 07:00:00,18.241,18.241,18.241,18.241,18.241,18.241,18.241,18.241,18.241,18.241,18.241,18.241
2011-06-11 08:00:00,14.49,14.49,14.49,14.49,14.49,14.49,14.49,14.49,14.49,14.49,14.49,14.49
2011-06-11 09:00:00,11.867,11.867,11.867,11.867,11.867,11.867,11.867,11.867,11.867,11.867,11.867,11.867
2011-06-11 10:00:00,11.57,11.57,11.57,11.57,11.57,11.57,11.57,11.57,11.57,11.57,11.57,11.57
2011-06-11 11:00:00,11.546,11.546,11.546,11.546,11.546,11.546,11.546,11.546,11.546,11.546,11.546,11.546
2011-06-11 12:00:00,11.546,11.546,11.546,11.546,11.546,11.546,11.546,11.546,11.546,11.546,11.546,11.546
2011-06-11 13:00:00,11.546,11.546,11.546,11.546,11.546,11.546,11.546,11.546,11.546,11.546,11.546,11.546
2011-06-11 14:00:00,15.95,15.95,15.95,15.95,15.95,15.95,15.95,15.95,15.95,15.95,15.95,15.95
2011-06-11 15:00:00,18.831,18.831,18.831,18.831,18.831,18.831,18.831,18.831,18.831,18.831,18.831,18.831
2011-06-11 16:00:00,18.831,18.831,18.831,18.831,18.831,18.831,18.831,18.831,18.831,18.831,18.831,18.831
2011-06-11 17:00:00,18.831,18.831,18.831,18.831,18.831,18.831,18.831,18.831,18.831,18.831,18.831,18.831
2011-06-11 18:00:00,18.831,18.831,18.831,18.831,18.831,18.831,18.831,18.831,18.831,18.831,18.831,18.831
2011-06-11 19:00:00,18.831,18.831,18.831,18.831,18.831,18.831,18.831,18.831,18.831,18.831,18.831,18.831
2011-06-11 20:00:00,18.891,18.891,18.891,18.891,18.891,18.891,18.891,18.891,18.891,18.891,18.891,18.891
2011-06-11 21:00:00,18.831,18.831,18.831,18.831,18.831,18.831,18.831,18.831,18.831,18.831,18.831,18.831
2011-06-11 22:00:00,18.831,18.831,18.831,18.831,18.831,18.831,18.831,18.831,18.831,18.831,18.831,18.831
2011-06-11 23:00:00,18.831,18.831,18.831,18.831,18.831,18.831,18.831,18.831,18.831,18.831,18.831,18.831
2011-06-12 00:00:00,19.766,19.766,19.766,19.766,19.766,19.766,19.766,19.766,19.766,19.766,19.766,19.766
2011-06-12 01:00:00,19.675,19.675,19.675,19.675,19.675,19.675,19.675,19.675,19.675,19.675,19.675,19.675
2011-06-12 02:00:00,19.649,19.649,19.649,19.649,19.649,19.649,19.649,19.649,19.649,19.649,19.649,19.649
2011-06-12 03:00:00,19.675,19.675,19.675,19.675,19.675,19.675,19.675,19.675,19.675,19.675,19.675,19.675
2011-06-12 04:00:00,19.381,19.381,19.381,19.381,19.381,19.381,19.381,19.381,19.381,19.381,19.381,19.381
2011-06-12 05:00:00,19.873,19.873,19.873,19.873,19.873,19.873,19.873,19.873,19.873,19.873,19.873,19.873
2011-06-12 06:00:00,19.381,19.381,19.381,19.381,19.381,19.381,19.381,19.381,19.381,19.381,19.381,19.381
2011-06-12 07:00:00,19.252,19.252,19.252,19.252,19.252,19.252,19.252,19.252,19.252,19.252,19.252,19.252
2011-06-12 08:00:00,17.201,17.201,17.201,17.201,17.201,17.201,17.201,17.201,17.201,17.201,17.201,17.201
2011-06-12 09:00:00,10.059,10.059,10.059,10.059,10.059,10.059,10.059,10.059,10.059,10.059,10.059,10.059
2011-06-12 10:00:00,9.981,9.981,9.981,9.981,9.981,9.981,9.981,9.981,9.981,9.981,9.981,9.981
2011-06-12 11:00:00,9.981,9.981,9.981,9.981,9.981,9.981,9.981,9.981,9.981,9.981,9.981,9.981
2011-06-12 12:00:00,9.981,9.981,9.981,9.981,9.981,9.981,9.981,9.981,9.981,9.981,9.981,9.981
2011-06-12 13:00:00,10.633,10.633,10.633,10.633,10.633,10.633,10.633,10.633,10.633,10.633,10.633,10.633
2011-06-12 14:00:00,17.201,17.201,17.201,17.201,17.201,17.201,17.201,17.201,17.201,17.201,17.201,17.201
2011-06-12 15:00:00,18.673,18.673,18.673,18.673,18.673,18.673,18.673,18.673,18.673,18.673,18.673,18.673
2011-06-12 16:00:00,19.281,19.281,19.281,19.281,19.281,19.281,19.281,19.281,19.281,19.281,19.281,19.281
2011-06-12 17:00:00,19.381,19.381,19.381,19.381,19.381,19.381,19.381,19.381,19.381,19.381,19.381,19.381
2011-06-12 18:00:00,19.381,19.381,19.381,19.381,19.381,19.381,19.381,19.381,19.381,19.381,19.381,19.381
2011-06-12 19:00:00,19.381,19.381,19.381,19.381,19.381,19.381,19.381,19.381,19.381,19.381,19.381,19.381
2011-06-12 20:00:00,19.527,19.527,19.527,19.527,19.527,19.527,19.527,19.527,19.527,19.527,19.527,19.527
2011-06-12 21:00:00,19.527,19.527,19.527,19.527,19.527,19.527,19.527,19.527,19.527,19.527,19.527,19.527
2011-06-12 22:00:00,19.527,19.527,19.527,19.527,19.527,19.527,19.527,19.527,19.527,19.527,19.527,19.527
2011-06-12 23:00:00,19.527,19.527,19.527,19.527,19.527,19.527,19.527,19.527,19.527,19.527,19.527,19.527
2011-06-13 00:00:00,23.723,23.723,23.723,23.723,23.723,23.723,23.723,23.723,23.723,23.723,23.723,23.723
2011-06-13 01:00:00,23.723,23.723,23.723,23.723,23.723,23.723,23.723,23.723,23.723,23.723,23.723,23.723
2011-06-13 02:00:00,23.723,23.723,23.723,23.723,23.723,23.723,23.723,23.723,23.723,23.723,23.723,23.723
2011-06-13 03:00:00,23.723,23.723,23.723,23.723,23.723,23.723,23.723,23.723,23.723,23.723,23.723,23.723
2011-06-13 04:00:00,23.723,23.723,23.723,23.723,23.723,23.723,23.723,23.723,23.723,23.723,23.723,23.723
2011-06-13 05:00:00,23.723,23.723,23.723,23.723,23.723,23.723,23.723,23.723,23.723,23.723,23.723,23.723
2011-06-13 06:00:00,22.334,22.334,22.334,22.334,22.334,22.334,22.334,22.334,22.334,22.334,22.334,22.334
2011-06-13 07:00:00,19.093,19.093,19.093,19.093,19.093,19.093,19.093,19.093,19.093,19.093,19.093,19.093
2011-06-13 08:00:00,13.195,13.195,13.195,13.195,13.195,13.195,13.195,13.195,13.195,13.195,13.195,13.195
2011-06-13 09:00:00,13.013,13.013,13.013,13.013,13.013,13.013,13.013,13.013,13.013,13.013,13.013,13.013
2011-06-13 10:00:00,13.013,13.013,13.013,13.013,13.013,13.013,13.013,13.013,13.013,13.013,13.013,13.013
2011-06-13 11:00:00,13.013,13.013,13.013,13.013,13.013,13.013,13.013,13.013,13.013,13.013,13.013,13.013
2011-06-13 12:00:00,16.841,16.841,16.841,16.841,16.841,16.841,16.841,16.841,16.841,16.841,16.841,16.841
2011-06-13 13:00:00,18.323,18.323,18.323,18.323,18.323,18.323,18.323,18.323,18.323,18.323,18.323,18.323
2011-06-13 14:00:00,19.033,19.033,19.033,19.033,19.033,19.033,19.033,19.033,19.033,19.033,19.033,19.033
2011-06-13 15:00:00,22.037,22.037,22.037,22.037,22.037,22.037,22.037,22.037,22.037,22.037,22.037,22.037
2011-06-13 16:00:00,23.723,23.723,23.723,23.723,23.723,23.723,23.723,23.723,23.723,23.723,23.723,23.723
2011-06-13 17:00:00,23.723,23.723,23.723,23.723,23.723,23.723,23.723,23.723,23.723,23.723,23.723,23.723
2011-06-13 18:00:00,23.723,23.723,23.723,23.723,23.723,23.723,23.723,23.723,23.723,23.723,23.723,23.723
2011-06-13 19:00:00,23.723,23.723,23.723,23.723,23.723,23.723,23.723,23.723,23.723,23.723,23.723,23.723
2011-06-13 20:00:00,23.723,23.723,23.723,23.723,23.723,23.723,23.723,23.723,23.723,23.723,23.723,23.723
2011-06-13 21:00:00,23.723,23.723,23.723,23.723,23.723,23.723,23.723,23.723,23.723,23.723,23.723,23.723
2011-06-13 22:00:00,23.723,23.723,23.723,23.723,23.723,23.723,23.723,23.723,23.723,23.723,23.723,23.723
2011-06-13 23:00:00,23.723,23.723,23.723,23.723,23.723,23.723,23.723,23.723,23.723,23.723,23.723,23.723
2011-06-14 00:00:00,25.446,25.446,25.446,25.446,25.446,25.446,25.446,25.446,25.446,25.446,25.446,25.446
2011-06-14 01:00:00,23.908,23.908,23.908,23.908,23.908,23.908,23.908,23.908,23.908,23.908,23.908,23.908
2011-06-14 02:00:00,24.907,24.907,24.907,24.907,24.907,24.907,24.907,24.907,24.907,24.907,24.907,24.907
2011-06-14 03:00:00,26.263,26.263,26.263,26.263,26.263,26.263,26.263,26.263,26.263,26.263,26.263,26.263
2011-06-14 04:00:00,23.483,23.483,23.483,23.483,23.483,23.483,23.483,23.483,23.483,23.483,23.483,23.483
2011-06-14 05:00:00,37.861,37.861,37.861,37.861,37.861,37.861,37.861,37.861,37.861,37.861,37.861,37.861
2011-06-14 06:00:00,22.103,22.103,22.103,22.103,22.103,22.103,22.103,22.103,22.103,22.103,22.103,22.103
2011-06-14 07:00:00,18.654,18.654,18.654,18.654,18.654,18.654,18.654,18.654,18.654,18.654,18.654,18.654
2011-06-14 08:00:00,17.638,17.638,17.638,17.638,17.638,17.638,17.638,17.638,17.638,17.638,17.638,17.638
2011-06-14 09:00:00,16.809,16.809,16.809,16.809,16.809,16.809,16.809,16.809,16.809,16.809,16.809,16.809
2011-06-14 10:00:00,16.786,16.786,16.786,16.786,16.786,16.786,16.786,16.786,16.786,16.786,16.786,16.786
2011-06-14 11:00:00,16.554,16.554,16.554,16.554,16.554,16.554,16.554,16.554,16.554,16.554,16.554,16.554
2011-06-14 12:00:00,15.027,15.027,15.027,15.027,15.027,15.027,15.027,15.027,15.027,15.027,15.027,15.027
2011-06-14 13:00:00,13.855,13.855,13.855,13.855,13.855,13.855,13.855,13.855,13.855,13.855,13.855,13.855
2011-06-14 14:00:00,13.855,13.855,13.855,13.855,13.855,13.855,13.855,13.855,13.855,13.855,13.855,13.855
2011-06-14 15:00:00,15.101,15.101,15.101,15.101,15.101,15.101,15.101,15.101,15.101,15.101,15.101,15.101
2011-06-14 16:00:00,18.635,18.635,18.635,18.635,18.635,18.635,18.635,18.635,18.635,18.635,18.635,18.635
2011-06-14 17:00:00,23.313,23.313,23.313,23.313,23.313,23.313,23.313,23.313,23.313,23.313,23.313,23.313
2011-06-14 18:00:00,23.313,23.313,23.313,23.313,23.313,23.313,23.313,23.313,23.313,23.313,23.313,23.313
2011-06-14 19:00:00,23.313,23.313,23.313,23.313,23.313,23.313,23.313,23.313,23.313,23.313,23.313,23.313
2011-06-14 20:00:00,23.313,23.313,23.313,23.313,23.313,23.313,23.313,23.313,23.313,23.313,23.313,23.313
2011-06-14 21:00:00,23.313,23.313,23.313,23.313,23.313,23.313,23.313,23.313,23.313,23.313,23.313,23.313
2011-06-14 22:00:00,23.313,23.313,23.313,23.313,23.313,23.313,23.313,23.313,23.313,23.313,23.313,23.313
2011-06-14 23:00:00,23.313,23.313,23.313,23.313,23.313,23.313,23.313,23.313,23.313,23.313,23.313,23.313
2011-06-15 00:00:00,40.888,40.888,40.888,40.888,40.888,40.888,40.888,40.888,40.888,40.888,40.888,40.888
2011-06-15 01:00:00,40.888,40.888,40.888,40.888,40.888,40.888,40.888,40.888,40.888,40.888,40.888,40.888
2011-06-15 02:00:00,40.888,40.888,40.888,40.888,40.888,40.888,40.888,40.888,40.888,40.888,40.888,40.888
2011-06-15 03:00:00,40.888,40.888,40.888,40.888,40.888,40.888,40.888,40.888,40.888,40.888,40.888,40.888
2011-06-15 04:00:00,40.888,40.888,40.888,40.888,40.888,40.888,40.888,40.888,40.888,40.888,40.888,40.888
2011-06-15 05:00:00,40.888,40.888,40.888,40.888,40.888,40.888,40.888,40.888,40.888,40.888,40.888,40.888
2011-06-15 06:00:00,22.741,22.741,22.741,22.741,22.741,22.741,22.741,22.741,22.741,22.741,22.741,22.741
2011-06-15 07:00:00,18.119,18.119,18.119,18.119,18.119,18.119,18.119,18.119,18.119,18.119,18.119,18.119
2011-06-15 08:00:00,17.533,17.533,17.533,17.533,17.533,17.533,17.533,17.533,17.533,17.533,17.533,17.533
2011-06-15 09:00:00,16.942,16.942,16.942,16.942,16.942,16.942,16.942,16.942,16.942,16.942,16.942,16.942
2011-06-15 10:00:00,18.537,18.537,18.537,18.537,18.537,18.537,18.537,18.537,18.537,18.537,18.537,18.537
2011-06-15 11:00:00,17.762,17.762,17.762,17.762,17.762,17.762,17.762,17.762,17.762,17.762,17.762,17.762
2011-06-15 12:00:00,17.762,17.762,17.762,17.762,17.762,17.762,17.762,17.762,17.762,17.762,17.762,17.762
2011-06-15 13:00:00,18.444,18.444,18.444,18.444,18.444,18.444,18.444,18.444,18.444,18.444,18.444,18.444
2011-06-15 14:00:00,18.444,18.444,18.444,18.444,18.444,18.444,18.444,18.444,18.444,18.444,18.444,18.444
2011-06-15 15:00:00,21.948,21.948,21.948,21.948,21.948,21.948,21.948,21.948,21.948,21.948,21.948,21.948
2011-06-15 16:00:00,40.888,40.888,40.888,40.888,40.888,40.888,40.888,40.888,40.888,40.888,40.888,40.888
2011-06-15 17:00:00,40.888,40.888,40.888,40.888,40.888,40.888,40.888,40.888,40.888,40.888,40.888,40.888
2011-06-15 18:00:00,42.385,42.385,42.385,42.385,42.385,42.385,42.385,42.385,42.385,42.385,42.385,42.385
2011-06-15 19:00:00,42.385,42.385,42.385,42.385,42.385,42.385,42.385,42.385,42.385,42.385,42.385,42.385
2011-06-15 20:00:00,42.385,42.385,42.385,42.385,42.385,42.385,42.385,42.385,42.385,42.385,42.385,42.385
2011-06-15 21:00:00,42.385,42.385,42.385,42.385,42.385,42.385,42.385,42.385,42.385,42.385,42.385,42.385
2011-06-15 22:00:00,42.385,42.385,42.385,42.385,42.385,42.385,42.385,42.385,42.385,42.385,42.385,42.385
2011-06-15 23:00:00,42.385,42.385,42.385,42.385,42.385,42.385,42.385,42.385,42.385,42.385,42.385,42.385
2011-06-16 00:00:00,25.632,25.632,25.632,25.632,25.632,25.632,25.632,25.632,25.632,25.632,25.632,25.632
2011-06-16 01:00:00,25.632,25.632,25.632,25.632,25.632,25.632,25.632,25.632,25.632,25.632,25.632,25.632
2011-06-16 02:00:00,25.632,25.632,25.632,25.632,25.632,25.632,25.632,25.632,25.632,25.632,25.632,25.632
2011-06-16 03:00:00,25.632,25.632,25.632,25.632,25.632,25.632,25.632,25.632,25.632,25.632,25.632,25.632
2011-06-16 04:00:00,25.632,25.632,25.632,25.632,25.632,25.632,25.632,25.632,25.632,25.632,25.632,25.632
2011-06-16 05:00:00,26.03,26.03,26.03,26.03,26.03,26.03,26.03,26.03,26.03,26.03,26.03,26.03
2011-06-16 06:00:00,23.38,23.38,23.38,23.38,23.38,23.38,23.38,23.38,23.38,23.38,23.38,23.38
2011-06-16 07:00:00,21.59,21.59,21.59,21.59,21.59,21.59,21.59,21.59,21.59,21.59,21.59,21.59
2011-06-16 08:00:00,21.523,21.523,21.523,21.523,21.523,21.523,21.523,21.523,21.523,21.523,21.523,21.523
2011-06-16 09:00:00,20.74,20.74,20.74,20.74,20.74,20.74,20.74,20.74,20.74,20.74,20.74,20.74
2011-06-16 10:00:00,20.74,20.74,20.74,20.74,20.74,20.74,20.74,20.74,20.74,20.74,20.74,20.74
2011-06-16 11:00:00,20.74,20.74,20.74,20.74,20.74,20.74,20.74,20.74,20.74,20.74,20.74,20.74
2011-06-16 12:00:00,20.74,20.74,20.74,20.74,20.74,20.74,20.74,20.74,20.74,20.74,20.74,20.74
2011-06-16 13:00:00,20.74,20.74,20.74,20.74,20.74,20.74,20.74,20.74,20.74,20.74,20.74,20.74
2011-06-16 14:00:00,20.878,20.878,20.878,20.878,20.878,20.878,20.878,20.878,20.878,20.878,20.878,20.878
2011-06-16 15:00:00,22.12,22.12,22.12,22.12,22.12,22.12,22.12,22.12,22.12,22.12,22.12,22.12
2011-06-16 16:00:00,25.632,25.632,25.632,25.632,25.632,25.632,25.632,25.632,25.632,25.632,25.632,25.632
2011-06-16 17:00:00,25.632,25.632,25.632,25.632,25.632,25.632,25.632,25.632,25.632,25.632,25.632,25.632
2011-06-16 18:00:00,25.632,25.632,25.632,25.632,25.632,25.632,25.632,25.632,25.632,25.632,25.632,25.632
2011-06-16 19:00:00,25.632,25.632,25.632,25.632,25.632,25.632,25.632,25.632,25.632,25.632,25.632,25.632
2011-06-16 20:00:00,25.632,25.632,25.632,25.632,25.632,25.632,25.632,25.632,25.632,25.632,25.632,25.632
2011-06-16 21:00:00,25.632,25.632,25.632,25.632,25.632,25.632,25.632,25.632,25.632,25.632,25.632,25.632
2011-06-16 22:00:00,25.632,25.632,25.632,25.632,25.632,25.632,25.632,25.632,25.632,25.632,25.632,25.632
2011-06-16 23:00:00,25.632,25.632,25.632,25.632,25.632,25.632,25.632,25.632,25.632,25.632,25.632,25.632
2011-06-17 00:00:00,19.024,19.024,19.024,19.024,19.024,19.024,19.024,19.024,19.024,19.024,19.024,19.024
2011-06-17 01:00:00,19.024,19.024,19.024,19.024,19.024,19.024,19.024,19.024,19.024,19.024,19.024,19.024
2011-06-17 02:00:00,19.024,19.024,19.024,19.024,19.024,19.024,19.024,19.024,19.024,19.024,19.024,19.024
2011-06-17 03:00:00,19.024,19.024,19.024,19.024,19.024,19.024,19.024,19.024,19.024,19.024,19.024,19.024
2011-06-17 04:00:00,19.024,19.024,19.024,19.024,19.024,19.024,19.024,19.024,19.024,19.024,19.024,19.024
2011-06-17 05:00:00,19.024,19.024,19.024,19.024,19.024,19.024,19.024,19.024,19.024,19.024,19.024,19.024
2011-06-17 06:00:00,18.183,18.183,18.183,18.183,18.183,18.183,18.183,18.183,18.183,18.183,18.183,18.183
2011-06-17 07:00:00,13.187,13.187,13.187,13.187,13.187,13.187,13.187,13.187,13.187,13.187,13.187,13.187
2011-06-17 08:00:00,4.376,4.376,4.376,4.376,4.376,4.376,4.376,4.376,4.376,4.376,4.376,4.376
2011-06-17 09:00:00,4.154,4.154,4.154,4.154,4.154,4.154,4.154,4.154,4.154,4.154,4.154,4.154
2011-06-17 10:00:00,4.154,4.154,4.154,4.154,4.154,4.154,4.154,4.154,4.154,4.154,4.154,4.154
2011-06-17 11:00:00,4.257,4.257,4.257,4.257,4.257,4.257,4.257,4.257,4.257,4.257,4.257,4.257
2011-06-17 12:00:00,4.905,4.905,4.905,4.905,4.905,4.905,4.905,4.905,4.905,4.905,4.905,4.905
2011-06-17 13:00:00,10.201,10.201,10.201,10.201,10.201,10.201,10.201,10.201,10.201,10.201,10.201,10.201
2011-06-17 14:00:00,11.867,11.867,11.867,11.867,11.867,11.867,11.867,11.867,11.867,11.867,11.867,11.867
2011-06-17 15:00:00,18.001,18.001,18.001,18.001,18.001,18.001,18.001,18.001,18.001,18.001,18.001,18.001
2011-06-17 16:00:00,18.783,18.783,18.783,18.783,18.783,18.783,18.783,18.783,18.783,18.783,18.783,18.783
2011-06-17 17:00:00,19.024,19.024,19.024,19.024,19.024,19.024,19.024,19.024,19.024,19.024,19.024,19.024
2011-06-17 18:00:00,19.024,19.024,19.024,19.024,19.024,19.024,19.024,19.024,19.024,19.024,19.024,19.024
2011-06-17 19:00:00,19.024,19.024,19.024,19.024,19.024,19.024,19.024,19.024,19.024,19.024,19.024,19.024
2011-06-17 20:00:00,19.024,19.024,19.024,19.024,19.024,19.024,19.024,19.024,19.024,19.024,19.024,19.024
2011-06-17 21:00:00,19.024,19.024,19.024,19.024,19.024,19.024,19.024,19.024,19.024,19.024,19.024,19.024
2011-06-17 22:00:00,19.024,19.024,19.024,19.024,19.024,19.024,19.024,19.024,19.024,19.024,19.024,19.024
2011-06-17 23:00:00,19.024,19.024,19.024,19.024,19.024,19.024,19.024,19.024,19.024,19.024,19.024,19.024
2011-06-18 00:00:00,14.578,14.578,14.578,14.578,14.578,14.578,14.578,14.578,14.578,14.578,14.578,14.578
2011-06-18 01:00:00,14.578,14.578,14.578,14.578,14.578,14.578,14.578,14.578,14.578,14.578,14.578,14.578
2011-06-18 02:00:00,14.578,14.578,14.578,14.578,14.578,14.578,14.578,14.578,14.578,14.578,14.578,14.578
2011-06-18 03:00:00,14.578,14.578,14.578,14.578,14.578,14.578,14.578,14.578,14.578,14.578,14.578,14.578
2011-06-18 04:00:00,14.578,14.578,14.578,14.578,14.578,14.578,14.578,14.578,14.578,14.578,14.578,14.578
2011-06-18 05:00:00,14.578,14.578,14.578,14.578,14.578,14.578,14.578,14.578,14.578,14.578,14.578,14.578
2011-06-18 06:00:00,14.578,14.578,14.578,14.578,14.578,14.578,14.578,14.578,14.578,14.578,14.578,14.578
2011-06-18 07:00:00,14.529,14.529,14.529,14.529,14.529,14.529,14.529,14.529,14.529,14.529,14.529,14.529
2011-06-18 08:00:00,3.912,3.912,3.912,3.912,3.912,3.912,3.912,3.912,3.912,3.912,3.912,3.912
2011-06-18 09:00:00,3.525,3.525,3.525,3.525,3.525,3.525,3.525,3.525,3.525,3.525,3.525,3.525
2011-06-18 10:00:00,3.525,3.525,3.525,3.525,3.525,3.525,3.525,3.525,3.525,3.525,3.525,3.525
2011-06-18 11:00:00,3.525,3.525,3.525,3.525,3.525,3.525,3.525,3.525,3.525,3.525,3.525,3.525
2011-06-18 12:00:00,3.525,3.525,3.525,3.525,3.525,3.525,3.525,3.525,3.525,3.525,3.525,3.525
2011-06-18 13:00:00,3.54,3.54,3.54,3.54,3.54,3.54,3.54,3.54,3.54,3.54,3.54,3.54
2011-06-18 14:00:00,3.622,3.622,3.622,3.622,3.622,3.622,3.622,3.622,3.622,3.622,3.622,3.622
2011-06-18 15:00:00,14.529,14.529,14.529,14.529,14.529,14.529,14.529,14.529,14.529,14.529,14.529,14.529
2011-06-18 16:00:00,14.578,14.578,14.578,14.578,14.578,14.578,14.578,14.578,14.578,14.578,14.578,14.578
2011-06-18 17:00:00,14.578,14.578,14.578,14.578,14.578,14.578,14.578,14.578,14.578,14.578,14.578,14.578
2011-06-18 18:00:00,14.578,14.578,14.578,14.578,14.578,14.578,14.578,14.578,14.578,14.578,14.578,14.578
2011-06-18 19:00:00,14.578,14.578,14.578,14.578,14.578,14.578,14.578,14.578,14.578,14.578,14.578,14.578
2011-06-18 20:00:00,14.578,14.578,14.578,14.578,14.578,14.578,14.578,14.578,14.578,14.578,14.578,14.578
2011-06-18 21:00:00,14.578,14.578,14.578,14.578,14.578,14.578,14.578,14.578,14.578,14.578,14.578,14.578
2011-06-18 22:00:00,14.578,14.578,14.578,14.578,14.578,14.578,14.578,14.578,14.578,14.578,14.578,14.578
2011-06-18 23:00:00,14.578,14.578,14.578,14.578,14.578,14.578,14.578,14.578,14.578,14.578,14.578,14.578
2011-06-19 00:00:00,19.952,19.952,19.952,19.952,19.952,19.952,19.952,19.952,19.952,19.952,19.952,19.952
2011-06-19 01:00:00,19.952,19.952,19.952,19.952,19.952,19.952,19.952,19.952,19.952,19.952,19.952,19.952
2011-06-19 02:00:00,19.952,19.952,19.952,19.952,19.952,19.952,19.952,19.952,19.952,19.952,19.952,19.952
2011-06-19 03:00:00,19.952,19.952,19.952,19.952,19.952,19.952,19.952,19.952,19.952,19.952,19.952,19.952
2011-06-19 04:00:00,19.952,19.952,19.952,19.952,19.952,19.952,19.952,19.952,19.952,19.952,19.952,19.952
2011-06-19 05:00:00,19.952,19.952,19.952,19.952,19.952,19.952,19.952,19.952,19.952,19.952,19.952,19.952
2011-06-19 06:00:00,19.952,19.952,19.952,19.952,19.952,19.952,19.952,19.952,19.952,19.952,19.952,19.952
2011-06-19 07:00:00,18.836,18.836,18.836,18.836,18.836,18.836,18.836,18.836,18.836,18.836,18.836,18.836
2011-06-19 08:00:00,3.953,3.953,3.953,3.953,3.953,3.953,3.953,3.953,3.953,3.953,3.953,3.953
2011-06-19 09:00:00,3.717,3.717,3.717,3.717,3.717,3.717,3.717,3.717,3.717,3.717,3.717,3.717
2011-06-19 10:00:00,3.717,3.717,3.717,3.717,3.717,3.717,3.717,3.717,3.717,3.717,3.717,3.717
2011-06-19 11:00:00,3.717,3.717,3.717,3.717,3.717,3.717,3.717,3.717,3.717,3.717,3.717,3.717
2011-06-19 12:00:00,3.717,3.717,3.717,3.717,3.717,3.717,3.717,3.717,3.717,3.717,3.717,3.717
2011-06-19 13:00:00,3.912,3.912,3.912,3.912,3.912,3.912,3.912,3.912,3.912,3.912,3.912,3.912
2011-06-19 14:00:00,7.593,7.593,7.593,7.593,7.593,7.593,7.593,7.593,7.593,7.593,7.593,7.593
2011-06-19 15:00:00,19.267,19.267,19.267,19.267,19.267,19.267,19.267,19.267,19.267,19.267,19.267,19.267
2011-06-19 16:00:00,19.952,19.952,19.952,19.952,19.952,19.952,19.952,19.952,19.952,19.952,19.952,19.952
2011-06-19 17:00:00,19.952,19.952,19.952,19.952,19.952,19.952,19.952,19.952,19.952,19.952,19.952,19.952
2011-06-19 18:00:00,20.04,20.04,20.04,20.04,20.04,20.04,20.04,20.04,20.04,20.04,20.04,20.04
2011-06-19 19:00:00,20.19,20.19,20.19,20.19,20.19,20.19,20.19,20.19,20.19,20.19,20.19,20.19
2011-06-19 20:00:00,21.685,21.685,21.685,21.685,21.685,21.685,21.685,21.685,21.685,21.685,21.685,21.685
2011-06-19 21:00:00,21.894,21.894,21.894,21.894,21.894,21.894,21.894,21.894,21.894,21.894,21.894,21.894
2011-06-19 22:00:00,20.918,20.918,20.918,20.918,20.918,20.918,20.918,20.918,20.918,20.918,20.918,20.918
2011-06-19 23:00:00,20.039,20.039,20.039,20.039,20.039,20.039,20.039,20.039,20.039,20.039,20.039,20.039
2011-06-20 00:00:00,21.969,21.969,21.969,21.969,21.969,21.969,21.969,21.969,21.969,21.969,21.969,21.969
2011-06-20 01:00:00,21.969,21.969,21.969,21.969,21.969,21.969,21.969,21.969,21.969,21.969,21.969,21.969
2011-06-20 02:00:00,21.969,21.969,21.969,21.969,21.969,21.969,21.969,21.969,21.969,21.969,21.969,21.969
2011-06-20 03:00:00,21.969,21.969,21.969,21.969,21.969,21.969,21.969,21.969,21.969,21.969,21.969,21.969
2011-06-20 04:00:00,21.969,21.969,21.969,21.969,21.969,21.969,21.969,21.969,21.969,21.969,21.969,21.969
2011-06-20 05:00:00,22.817,22.817,22.817,22.817,22.817,22.817,22.817,22.817,22.817,22.817,22.817,22.817
2011-06-20 06:00:00,21.378,21.378,21.378,21.378,21.378,21.378,21.378,21.378,21.378,21.378,21.378,21.378
2011-06-20 07:00:00,19.623,19.623,19.623,19.623,19.623,19.623,19.623,19.623,19.623,19.623,19.623,19.623
2011-06-20 08:00:00,19.166,19.166,19.166,19.166,19.166,19.166,19.166,19.166,19.166,19.166,19.166,19.166
2011-06-20 09:00:00,18.485,18.485,18.485,18.485,18.485,18.485,18.485,18.485,18.485,18.485,18.485,18.485
2011-06-20 10:00:00,18.152,18.152,18.152,18.152,18.152,18.152,18.152,18.152,18.152,18.152,18.152,18.152
2011-06-20 11:00:00,18.063,18.063,18.063,18.063,18.063,18.063,18.063,18.063,18.063,18.063,18.063,18.063
2011-06-20 12:00:00,18.063,18.063,18.063,18.063,18.063,18.063,18.063,18.063,18.063,18.063,18.063,18.063
2011-06-20 13:00:00,18.063,18.063,18.063,18.063,18.063,18.063,18.063,18.063,18.063,18.063,18.063,18.063
2011-06-20 14:00:00,18.44,18.44,18.44,18.44,18.44,18.44,18.44,18.44,18.44,18.44,18.44,18.44
2011-06-20 15:00:00,19.501,19.501,19.501,19.501,19.501,19.501,19.501,19.501,19.501,19.501,19.501,19.501
2011-06-20 16:00:00,21.79,21.79,21.79,21.79,21.79,21.79,21.79,21.79,21.79,21.79,21.79,21.79
2011-06-20 17:00:00,21.79,21.79,21.79,21.79,21.79,21.79,21.79,21.79,21.79,21.79,21.79,21.79
2011-06-20 18:00:00,21.79,21.79,21.79,21.79,21.79,21.79,21.79,21.79,21.79,21.79,21.79,21.79
2011-06-20 19:00:00,21.79,21.79,21.79,21.79,21.79,21.79,21.79,21.79,21.79,21.79,21.79,21.79
2011-06-20 20:00:00,21.79,21.79,21.79,21.79,21.79,21.79,21.79,21.79,21.79,21.79,21.79,21.79
2011-06-20 21:00:00,21.79,21.79,21.79,21.79,21.79,21.79,21.79,21.79,21.79,21.79,21.79,21.79
2011-06-20 22:00:00,21.79,21.79,21.79,21.79,21.79,21.79,21.79,21.79,21.79,21.79,21.79,21.79
2011-06-20 23:00:00,21.79,21.79,21.79,21.79,21.79,21.79,21.79,21.79,21.79,21.79,21.79,21.79
2011-06-21 00:00:00,17.619,17.619,17.619,17.619,17.619,17.619,17.619,17.619,17.619,17.619,17.619,17.619
2011-06-21 01:00:00,17.619,17.619,17.619,17.619,17.619,17.619,17.619,17.619,17.619,17.619,17.619,17.619
2011-06-21 02:00:00,17.619,17.619,17.619,17.619,17.619,17.619,17.619,17.619,17.619,17.619,17.619,17.619
2011-06-21 03:00:00,17.619,17.619,17.619,17.619,17.619,17.619,17.619,17.619,17.619,17.619,17.619,17.619
2011-06-21 04:00:00,17.619,17.619,17.619,17.619,17.619,17.619,17.619,17.619,17.619,17.619,17.619,17.619
2011-06-21 05:00:00,17.619,17.619,17.619,17.619,17.619,17.619,17.619,17.619,17.619,17.619,17.619,17.619
2011-06-21 06:00:00,11.207,11.207,11.207,11.207,11.207,11.207,11.207,11.207,11.207,11.207,11.207,11.207
2011-06-21 07:00:00,5.001,5.001,5.001,5.001,5.001,5.001,5.001,5.001,5.001,5.001,5.001,5.001
2011-06-21 08:00:00,4.046,4.046,4.046,4.046,4.046,4.046,4.046,4.046,4.046,4.046,4.046,4.046
2011-06-21 09:00:00,3.438,3.438,3.438,3.438,3.438,3.438,3.438,3.438,3.438,3.438,3.438,3.438
2011-06-21 10:00:00,3.537,3.537,3.537,3.537,3.537,3.537,3.537,3.537,3.537,3.537,3.537,3.537
2011-06-21 11:00:00,3.328,3.328,3.328,3.328,3.328,3.328,3.328,3.328,3.328,3.328,3.328,3.328
2011-06-21 12:00:00,3.328,3.328,3.328,3.328,3.328,3.328,3.328,3.328,3.328,3.328,3.328,3.328
2011-06-21 13:00:00,3.328,3.328,3.328,3.328,3.328,3.328,3.328,3.328,3.328,3.328,3.328,3.328
2011-06-21 14:00:00,3.328,3.328,3.328,3.328,3.328,3.328,3.328,3.328,3.328,3.328,3.328,3.328
2011-06-21 15:00:00,4.775,4.775,4.775,4.775,4.775,4.775,4.775,4.775,4.775,4.775,4.775,4.775
2011-06-21 16:00:00,14.375,14.375,14.375,14.375,14.375,14.375,14.375,14.375,14.375,14.375,14.375,14.375
2011-06-21 17:00:00,17.619,17.619,17.619,17.619,17.619,17.619,17.619,17.619,17.619,17.619,17.619,17.619
2011-06-21 18:00:00,17.619,17.619,17.619,17.619,17.619,17.619,17.619,17.619,17.619,17.619,17.619,17.619
2011-06-21 19:00:00,17.619,17.619,17.619,17.619,17.619,17.619,17.619,17.619,17.619,17.619,17.619,17.619
2011-06-21 20:00:00,18.01,18.01,18.01,18.01,18.01,18.01,18.01,18.01,18.01,18.01,18.01,18.01
2011-06-21 21:00:00,17.83,17.83,17.83,17.83,17.83,17.83,17.83,17.83,17.83,17.83,17.83,17.83
2011-06-21 22:00:00,17.619,17.619,17.619,17.619,17.619,17.619,17.619,17.619,17.619,17.619,17.619,17.619
2011-06-21 23:00:00,17.619,17.619,17.619,17.619,17.619,17.619,17.619,17.619,17.619,17.619,17.619,17.619
2011-06-22 00:00:00,22.145,22.145,22.145,22.145,22.145,22.145,22.145,22.145,22.145,22.145,22.145,22.145
2011-06-22 01:00:00,22.145,22.145,22.145,22.145,22.145,22.145,22.145,22.145,22.145,22.145,22.145,22.145
2011-06-22 02:00:00,22.145,22.145,22.145,22.145,22.145,22.145,22.145,22.145,22.145,22.145,22.145,22.145
2011-06-22 03:00:00,22.145,22.145,22.145,22.145,22.145,22.145,22.145,22.145,22.145,22.145,22.145,22.145
2011-06-22 04:00:00,22.145,22.145,22.145,22.145,22.145,22.145,22.145,22.145,22.145,22.145,22.145,22.145
2011-06-22 05:00:00,22.145,22.145,22.145,22.145,22.145,22.145,22.145,22.145,22.145,22.145,22.145,22.145
2011-06-22 06:00:00,20.873,20.873,20.873,20.873,20.873,20.873,20.873,20.873,20.873,20.873,20.873,20.873
2011-06-22 07:00:00,18.086,18.086,18.086,18.086,18.086,18.086,18.086,18.086,18.086,18.086,18.086,18.086
2011-06-22 08:00:00,7.437,7.437,7.437,7.437,7.437,7.437,7.437,7.437,7.437,7.437,7.437,7.437
2011-06-22 09:00:00,7.437,7.437,7.437,7.437,7.437,7.437,7.437,7.437,7.437,7.437,7.437,7.437
2011-06-22 10:00:00,14.54,14.54,14.54,14.54,14.54,14.54,14.54,14.54,14.54,14.54,14.54,14.54
2011-06-22 11:00:00,14.655,14.655,14.655,14.655,14.655,14.655,14.655,14.655,14.655,14.655,14.655,14.655
2011-06-22 12:00:00,17.545,17.545,17.545,17.545,17.545,17.545,17.545,17.545,17.545,17.545,17.545,17.545
2011-06-22 13:00:00,18.066,18.066,18.066,18.066,18.066,18.066,18.066,18.066,18.066,18.066,18.066,18.066
2011-06-22 14:00:00,18.754,18.754,18.754,18.754,18.754,18.754,18.754,18.754,18.754,18.754,18.754,18.754
2011-06-22 15:00:00,21.758,21.758,21.758,21.758,21.758,21.758,21.758,21.758,21.758,21.758,21.758,21.758
2011-06-22 16:00:00,22.145,22.145,22.145,22.145,22.145,22.145,22.145,22.145,22.145,22.145,22.145,22.145
2011-06-22 17:00:00,22.825,22.825,22.825,22.825,22.825,22.825,22.825,22.825,22.825,22.825,22.825,22.825
2011-06-22 18:00:00,22.331,22.331,22.331,22.331,22.331,22.331,22.331,22.331,22.331,22.331,22.331,22.331
2011-06-22 19:00:00,22.145,22.145,22.145,22.145,22.145,22.145,22.145,22.145,22.145,22.145,22.145,22.145
2011-06-22 20:00:00,22.145,22.145,22.145,22.145,22.145,22.145,22.145,22.145,22.145,22.145,22.145,22.145
2011-06-22 21:00:00,22.145,22.145,22.145,22.145,22.145,22.145,22.145,22.145,22.145,22.145,22.145,22.145
2011-06-22 22:00:00,22.145,22.145,22.145,22.145,22.145,22.145,22.145,22.145,22.145,22.145,22.145,22.145
2011-06-22 23:00:00,22.145,22.145,22.145,22.145,22.145,22.145,22.145,22.145,22.145,22.145,22.145,22.145
2011-06-23 00:00:00,23.961,23.961,23.961,23.961,23.961,23.961,23.961,23.961,23.961,23.961,23.961,23.961
2011-06-23 01:00:00,23.961,23.961,23.961,23.961,23.961,23.961,23.961,23.961,23.961,23.961,23.961,23.961
2011-06-23 02:00:00,23.961,23.961,23.961,23.961,23.961,23.961,23.961,23.961,23.961,23.961,23.961,23.961
2011-06-23 03:00:00,23.961,23.961,23.961,23.961,23.961,23.961,23.961,23.961,23.961,23.961,23.961,23.961
2011-06-23 04:00:00,23.961,23.961,23.961,23.961,23.961,23.961,23.961,23.961,23.961,23.961,23.961,23.961
2011-06-23 05:00:00,23.961,23.961,23.961,23.961,23.961,23.961,23.961,23.961,23.961,23.961,23.961,23.961
2011-06-23 06:00:00,22.304,22.304,22.304,22.304,22.304,22.304,22.304,22.304,22.304,22.304,22.304,22.304
2011-06-23 07:00:00,18.044,18.044,18.044,18.044,18.044,18.044,18.044,18.044,18.044,18.044,18.044,18.044
2011-06-23 08:00:00,7.719,7.719,7.719,7.719,7.719,7.719,7.719,7.719,7.719,7.719,7.719,7.719
2011-06-23 09:00:00,7.629,7.629,7.629,7.629,7.629,7.629,7.629,7.629,7.629,7.629,7.629,7.629
2011-06-23 10:00:00,9.716,9.716,9.716,9.716,9.716,9.716,9.716,9.716,9.716,9.716,9.716,9.716
2011-06-23 11:00:00,7.629,7.629,7.629,7.629,7.629,7.629,7.629,7.629,7.629,7.629,7.629,7.629
2011-06-23 12:00:00,7.629,7.629,7.629,7.629,7.629,7.629,7.629,7.629,7.629,7.629,7.629,7.629
2011-06-23 13:00:00,7.629,7.629,7.629,7.629,7.629,7.629,7.629,7.629,7.629,7.629,7.629,7.629
2011-06-23 14:00:00,10.586,10.586,10.586,10.586,10.586,10.586,10.586,10.586,10.586,10.586,10.586,10.586
2011-06-23 15:00:00,18.548,18.548,18.548,18.548,18.548,18.548,18.548,18.548,18.548,18.548,18.548,18.548
2011-06-23 16:00:00,23.395,23.395,23.395,23.395,23.395,23.395,23.395,23.395,23.395,23.395,23.395,23.395
2011-06-23 17:00:00,23.961,23.961,23.961,23.961,23.961,23.961,23.961,23.961,23.961,23.961,23.961,23.961
2011-06-23 18:00:00,23.961,23.961,23.961,23.961,23.961,23.961,23.961,23.961,23.961,23.961,23.961,23.961
2011-06-23 19:00:00,23.961,23.961,23.961,23.961,23.961,23.961,23.961,23.961,23.961,23.961,23.961,23.961
2011-06-23 20:00:00,23.961,23.961,23.961,23.961,23.961,23.961,23.961,23.961,23.961,23.961,23.961,23.961
2011-06-23 21:00:00,23.961,23.961,23.961,23.961,23.961,23.961,23.961,23.961,23.961,23.961,23.961,23.961
2011-06-23 22:00:00,23.961,23.961,23.961,23.961,23.961,23.961,23.961,23.961,23.961,23.961,23.961,23.961
2011-06-23 23:00:00,23.961,23.961,23.961,23.961,23.961,23.961,23.961,23.961,23.961,23.961,23.961,23.961
2011-06-24 00:00:00,19.692,19.692,19.692,19.692,19.692,19.692,19.692,19.692,19.692,19.692,19.692,19.692
2011-06-24 01:00:00,19.692,19.692,19.692,19.692,19.692,19.692,19.692,19.692,19.692,19.692,19.692,19.692
2011-06-24 02:00:00,19.692,19.692,19.692,19.692,19.692,19.692,19.692,19.692,19.692,19.692,19.692,19.692
2011-06-24 03:00:00,19.692,19.692,19.692,19.692,19.692,19.692,19.692,19.692,19.692,19.692,19.692,19.692
2011-06-24 04:00:00,19.692,19.692,19.692,19.692,19.692,19.692,19.692,19.692,19.692,19.692,19.692,19.692
2011-06-24 05:00:00,20.071,20.071,20.071,20.071,20.071,20.071,20.071,20.071,20.071,20.071,20.071,20.071
2011-06-24 06:00:00,19.061,19.061,19.061,19.061,19.061,19.061,19.061,19.061,19.061,19.061,19.061,19.061
2011-06-24 07:00:00,18.239,18.239,18.239,18.239,18.239,18.239,18.239,18.239,18.239,18.239,18.239,18.239
2011-06-24 08:00:00,16.047,16.047,16.047,16.047,16.047,16.047,16.047,16.047,16.047,16.047,16.047,16.047
2011-06-24 09:00:00,14.105,14.105,14.105,14.105,14.105,14.105,14.105,14.105,14.105,14.105,14.105,14.105
2011-06-24 10:00:00,14.467,14.467,14.467,14.467,14.467,14.467,14.467,14.467,14.467,14.467,14.467,14.467
2011-06-24 11:00:00,13.651,13.651,13.651,13.651,13.651,13.651,13.651,13.651,13.651,13.651,13.651,13.651
2011-06-24 12:00:00,13.651,13.651,13.651,13.651,13.651,13.651,13.651,13.651,13.651,13.651,13.651,13.651
2011-06-24 13:00:00,13.651,13.651,13.651,13.651,13.651,13.651,13.651,13.651,13.651,13.651,13.651,13.651
2011-06-24 14:00:00,13.969,13.969,13.969,13.969,13.969,13.969,13.969,13.969,13.969,13.969,13.969,13.969
2011-06-24 15:00:00,18.521,18.521,18.521,18.521,18.521,18.521,18.521,18.521,18.521,18.521,18.521,18.521
2011-06-24 16:00:00,19.404,19.404,19.404,19.404,19.404,19.404,19.404,19.404,19.404,19.404,19.404,19.404
2011-06-24 17:00:00,19.692,19.692,19.692,19.692,19.692,19.692,19.692,19.692,19.692,19.692,19.692,19.692
2011-06-24 18:00:00,19.692,19.692,19.692,19.692,19.692,19.692,19.692,19.692,19.692,19.692,19.692,19.692
2011-06-24 19:00:00,19.692,19.692,19.692,19.692,19.692,19.692,19.692,19.692,19.692,19.692,19.692,19.692
2011-06-24 20:00:00,19.692,19.692,19.692,19.692,19.692,19.692,19.692,19.692,19.692,19.692,19.692,19.692
2011-06-24 21:00:00,19.692,19.692,19.692,19.692,19.692,19.692,19.692,19.692,19.692,19.692,19.692,19.692
2011-06-24 22:00:00,19.692,19.692,19.692,19.692,19.692,19.692,19.692,19.692,19.692,19.692,19.692,19.692
2011-06-24 23:00:00,19.692,19.692,19.692,19.692,19.692,19.692,19.692,19.692,19.692,19.692,19.692,19.692
2011-06-25 00:00:00,18.049,18.049,18.049,18.049,18.049,18.049,18.049,18.049,18.049,18.049,18.049,18.049
2011-06-25 01:00:00,18.049,18.049,18.049,18.049,18.049,18.049,18.049,18.049,18.049,18.049,18.049,18.049
2011-06-25 02:00:00,18.049,18.049,18.049,18.049,18.049,18.049,18.049,18.049,18.049,18.049,18.049,18.049
2011-06-25 03:00:00,18.049,18.049,18.049,18.049,18.049,18.049,18.049,18.049,18.049,18.049,18.049,18.049
2011-06-25 04:00:00,18.049,18.049,18.049,18.049,18.049,18.049,18.049,18.049,18.049,18.049,18.049,18.049
2011-06-25 05:00:00,18.154,18.154,18.154,18.154,18.154,18.154,18.154,18.154,18.154,18.154,18.154,18.154
2011-06-25 06:00:00,18.049,18.049,18.049,18.049,18.049,18.049,18.049,18.049,18.049,18.049,18.049,18.049
2011-06-25 07:00:00,17.635,17.635,17.635,17.635,17.635,17.635,17.635,17.635,17.635,17.635,17.635,17.635
2011-06-25 08:00:00,9.744,9.744,9.744,9.744,9.744,9.744,9.744,9.744,9.744,9.744,9.744,9.744
2011-06-25 09:00:00,4.227,4.227,4.227,4.227,4.227,4.227,4.227,4.227,4.227,4.227,4.227,4.227
2011-06-25 10:00:00,4.227,4.227,4.227,4.227,4.227,4.227,4.227,4.227,4.227,4.227,4.227,4.227
2011-06-25 11:00:00,4.227,4.227,4.227,4.227,4.227,4.227,4.227,4.227,4.227,4.227,4.227,4.227
2011-06-25 12:00:00,4.227,4.227,4.227,4.227,4.227,4.227,4.227,4.227,4.227,4.227,4.227,4.227
2011-06-25 13:00:00,4.227,4.227,4.227,4.227,4.227,4.227,4.227,4.227,4.227,4.227,4.227,4.227
2011-06-25 14:00:00,4.503,4.503,4.503,4.503,4.503,4.503,4.503,4.503,4.503,4.503,4.503,4.503
2011-06-25 15:00:00,17.853,17.853,17.853,17.853,17.853,17.853,17.853,17.853,17.853,17.853,17.853,17.853
2011-06-25 16:00:00,18.003,18.003,18.003,18.003,18.003,18.003,18.003,18.003,18.003,18.003,18.003,18.003
2011-06-25 17:00:00,18.049,18.049,18.049,18.049,18.049,18.049,18.049,18.049,18.049,18.049,18.049,18.049
2011-06-25 18:00:00,18.049,18.049,18.049,18.049,18.049,18.049,18.049,18.049,18.049,18.049,18.049,18.049
2011-06-25 19:00:00,18.049,18.049,18.049,18.049,18.049,18.049,18.049,18.049,18.049,18.049,18.049,18.049
2011-06-25 20:00:00,18.396,18.396,18.396,18.396,18.396,18.396,18.396,18.396,18.396,18.396,18.396,18.396
2011-06-25 21:00:00,18.421,18.421,18.421,18.421,18.421,18.421,18.421,18.421,18.421,18.421,18.421,18.421
2011-06-25 22:00:00,18.154,18.154,18.154,18.154,18.154,18.154,18.154,18.154,18.154,18.154,18.154,18.154
2011-06-25 23:00:00,18.154,18.154,18.154,18.154,18.154,18.154,18.154,18.154,18.154,18.154,18.154,18.154
2011-06-26 00:00:00,23.979,23.979,23.979,23.979,23.979,23.979,23.979,23.979,23.979,23.979,23.979,23.979
2011-06-26 01:00:00,23.979,23.979,23.979,23.979,23.979,23.979,23.979,23.979,23.979,23.979,23.979,23.979
2011-06-26 02:00:00,23.979,23.979,23.979,23.979,23.979,23.979,23.979,23.979,23.979,23.979,23.979,23.979
2011-06-26 03:00:00,23.979,23.979,23.979,23.979,23.979,23.979,23.979,23.979,23.979,23.979,23.979,23.979
2011-06-26 04:00:00,23.979,23.979,23.979,23.979,23.979,23.979,23.979,23.979,23.979,23.979,23.979,23.979
2011-06-26 05:00:00,23.979,23.979,23.979,23.979,23.979,23.979,23.979,23.979,23.979,23.979,23.979,23.979
2011-06-26 06:00:00,23.979,23.979,23.979,23.979,23.979,23.979,23.979,23.979,23.979,23.979,23.979,23.979
2011-06-26 07:00:00,23.979,23.979,23.979,23.979,23.979,23.979,23.979,23.979,23.979,23.979,23.979,23.979
2011-06-26 08:00:00,21.091,21.091,21.091,21.091,21.091,21.091,21.091,21.091,21.091,21.091,21.091,21.091
2011-06-26 09:00:00,18.5,18.5,18.5,18.5,18.5,18.5,18.5,18.5,18.5,18.5,18.5,18.5
2011-06-26 10:00:00,18.5,18.5,18.5,18.5,18.5,18.5,18.5,18.5,18.5,18.5,18.5,18.5
2011-06-26 11:00:00,18.5,18.5,18.5,18.5,18.5,18.5,18.5,18.5,18.5,18.5,18.5,18.5
2011-06-26 12:00:00,18.5,18.5,18.5,18.5,18.5,18.5,18.5,18.5,18.5,18.5,18.5,18.5
2011-06-26 13:00:00,18.5,18.5,18.5,18.5,18.5,18.5,18.5,18.5,18.5,18.5,18.5,18.5
2011-06-26 14:00:00,20.699,20.699,20.699,20.699,20.699,20.699,20.699,20.699,20.699,20.699,20.699,20.699
2011-06-26 15:00:00,23.714,23.714,23.714,23.714,23.714,23.714,23.714,23.714,23.714,23.714,23.714,23.714
2011-06-26 16:00:00,23.979,23.979,23.979,23.979,23.979,23.979,23.979,23.979,23.979,23.979,23.979,23.979
2011-06-26 17:00:00,23.979,23.979,23.979,23.979,23.979,23.979,23.979,23.979,23.979,23.979,23.979,23.979
2011-06-26 18:00:00,23.979,23.979,23.979,23.979,23.979,23.979,23.979,23.979,23.979,23.979,23.979,23.979
2011-06-26 19:00:00,23.979,23.979,23.979,23.979,23.979,23.979,23.979,23.979,23.979,23.979,23.979,23.979
2011-06-26 20:00:00,23.979,23.979,23.979,23.979,23.979,23.979,23.979,23.979,23.979,23.979,23.979,23.979
2011-06-26 21:00:00,23.979,23.979,23.979,23.979,23.979,23.979,23.979,23.979,23.979,23.979,23.979,23.979
2011-06-26 22:00:00,23.979,23.979,23.979,23.979,23.979,23.979,23.979,23.979,23.979,23.979,23.979,23.979
2011-06-26 23:00:00,23.979,23.979,23.979,23.979,23.979,23.979,23.979,23.979,23.979,23.979,23.979,23.979
2011-06-27 00:00:00,24.083,24.083,24.083,24.083,24.083,24.083,24.083,24.083,24.083,24.083,24.083,24.083
2011-06-27 01:00:00,24.083,24.083,24.083,24.083,24.083,24.083,24.083,24.083,24.083,24.083,24.083,24.083
2011-06-27 02:00:00,24.083,24.083,24.083,24.083,24.083,24.083,24.083,24.083,24.083,24.083,24.083,24.083
2011-06-27 03:00:00,24.083,24.083,24.083,24.083,24.083,24.083,24.083,24.083,24.083,24.083,24.083,24.083
2011-06-27 04:00:00,24.083,24.083,24.083,24.083,24.083,24.083,24.083,24.083,24.083,24.083,24.083,24.083
2011-06-27 05:00:00,24.626,24.626,24.626,24.626,24.626,24.626,24.626,24.626,24.626,24.626,24.626,24.626
2011-06-27 06:00:00,22.177,22.177,22.177,22.177,22.177,22.177,22.177,22.177,22.177,22.177,22.177,22.177
2011-06-27 07:00:00,16.401,16.401,16.401,16.401,16.401,16.401,16.401,16.401,16.401,16.401,16.401,16.401
2011-06-27 08:00:00,15.316,15.316,15.316,15.316,15.316,15.316,15.316,15.316,15.316,15.316,15.316,15.316
2011-06-27 09:00:00,14.414,14.414,14.414,14.414,14.414,14.414,14.414,14.414,14.414,14.414,14.414,14.414
2011-06-27 10:00:00,16.439,16.439,16.439,16.439,16.439,16.439,16.439,16.439,16.439,16.439,16.439,16.439
2011-06-27 11:00:00,14.309,14.309,14.309,14.309,14.309,14.309,14.309,14.309,14.309,14.309,14.309,14.309
2011-06-27 12:00:00,14.309,14.309,14.309,14.309,14.309,14.309,14.309,14.309,14.309,14.309,14.309,14.309
2011-06-27 13:00:00,14.309,14.309,14.309,14.309,14.309,14.309,14.309,14.309,14.309,14.309,14.309,14.309
2011-06-27 14:00:00,14.309,14.309,14.309,14.309,14.309,14.309,14.309,14.309,14.309,14.309,14.309,14.309
2011-06-27 15:00:00,17.665,17.665,17.665,17.665,17.665,17.665,17.665,17.665,17.665,17.665,17.665,17.665
2011-06-27 16:00:00,23.764,23.764,23.764,23.764,23.764,23.764,23.764,23.764,23.764,23.764,23.764,23.764
2011-06-27 17:00:00,24.083,24.083,24.083,24.083,24.083,24.083,24.083,24.083,24.083,24.083,24.083,24.083
2011-06-27 18:00:00,24.083,24.083,24.083,24.083,24.083,24.083,24.083,24.083,24.083,24.083,24.083,24.083
2011-06-27 19:00:00,24.083,24.083,24.083,24.083,24.083,24.083,24.083,24.083,24.083,24.083,24.083,24.083
2011-06-27 20:00:00,24.083,24.083,24.083,24.083,24.083,24.083,24.083,24.083,24.083,24.083,24.083,24.083
2011-06-27 21:00:00,24.083,24.083,24.083,24.083,24.083,24.083,24.083,24.083,24.083,24.083,24.083,24.083
2011-06-27 22:00:00,24.083,24.083,24.083,24.083,24.083,24.083,24.083,24.083,24.083,24.083,24.083,24.083
2011-06-27 23:00:00,24.083,24.083,24.083,24.083,24.083,24.083,24.083,24.083,24.083,24.083,24.083,24.083
2011-06-28 00:00:00,19.625,19.625,19.625,19.625,19.625,19.625,19.625,19.625,19.625,19.625,19.625,19.625
2011-06-28 01:00:00,19.625,19.625,19.625,19.625,19.625,19.625,19.625,19.625,19.625,19.625,19.625,19.625
2011-06-28 02:00:00,19.625,19.625,19.625,19.625,19.625,19.625,19.625,19.625,19.625,19.625,19.625,19.625
2011-06-28 03:00:00,19.625,19.625,19.625,19.625,19.625,19.625,19.625,19.625,19.625,19.625,19.625,19.625
2011-06-28 04:00:00,19.625,19.625,19.625,19.625,19.625,19.625,19.625,19.625,19.625,19.625,19.625,19.625
2011-06-28 05:00:00,19.625,19.625,19.625,19.625,19.625,19.625,19.625,19.625,19.625,19.625,19.625,19.625
2011-06-28 06:00:00,18.423,18.423,18.423,18.423,18.423,18.423,18.423,18.423,18.423,18.423,18.423,18.423
2011-06-28 07:00:00,16.322,16.322,16.322,16.322,16.322,16.322,16.322,16.322,16.322,16.322,16.322,16.322
2011-06-28 08:00:00,13.624,13.624,13.624,13.624,13.624,13.624,13.624,13.624,13.624,13.624,13.624,13.624
2011-06-28 09:00:00,11.757,11.757,11.757,11.757,11.757,11.757,11.757,11.757,11.757,11.757,11.757,11.757
2011-06-28 10:00:00,11.757,11.757,11.757,11.757,11.757,11.757,11.757,11.757,11.757,11.757,11.757,11.757
2011-06-28 11:00:00,11.757,11.757,11.757,11.757,11.757,11.757,11.757,11.757,11.757,11.757,11.757,11.757
2011-06-28 12:00:00,11.929,11.929,11.929,11.929,11.929,11.929,11.929,11.929,11.929,11.929,11.929,11.929
2011-06-28 13:00:00,12.016,12.016,12.016,12.016,12.016,12.016,12.016,12.016,12.016,12.016,12.016,12.016
2011-06-28 14:00:00,12.591,12.591,12.591,12.591,12.591,12.591,12.591,12.591,12.591,12.591,12.591,12.591
2011-06-28 15:00:00,17.489,17.489,17.489,17.489,17.489,17.489,17.489,17.489,17.489,17.489,17.489,17.489
2011-06-28 16:00:00,19.127,19.127,19.127,19.127,19.127,19.127,19.127,19.127,19.127,19.127,19.127,19.127
2011-06-28 17:00:00,19.625,19.625,19.625,19.625,19.625,19.625,19.625,19.625,19.625,19.625,19.625,19.625
2011-06-28 18:00:00,19.625,19.625,19.625,19.625,19.625,19.625,19.625,19.625,19.625,19.625,19.625,19.625
2011-06-28 19:00:00,19.625,19.625,19.625,19.625,19.625,19.625,19.625,19.625,19.625,19.625,19.625,19.625
2011-06-28 20:00:00,19.625,19.625,19.625,19.625,19.625,19.625,19.625,19.625,19.625,19.625,19.625,19.625
2011-06-28 21:00:00,19.625,19.625,19.625,19.625,19.625,19.625,19.625,19.625,19.625,19.625,19.625,19.625
2011-06-28 22:00:00,19.625,19.625,19.625,19.625,19.625,19.625,19.625,19.625,19.625,19.625,19.625,19.625
2011-06-28 23:00:00,19.625,19.625,19.625,19.625,19.625,19.625,19.625,19.625,19.625,19.625,19.625,19.625
2011-06-29 00:00:00,24.035,24.035,24.035,24.035,24.035,24.035,24.035,24.035,24.035,24.035,24.035,24.035
2011-06-29 01:00:00,24.035,24.035,24.035,24.035,24.035,24.035,24.035,24.035,24.035,24.035,24.035,24.035
2011-06-29 02:00:00,24.035,24.035,24.035,24.035,24.035,24.035,24.035,24.035,24.035,24.035,24.035,24.035
2011-06-29 03:00:00,24.035,24.035,24.035,24.035,24.035,24.035,24.035,24.035,24.035,24.035,24.035,24.035
2011-06-29 04:00:00,24.035,24.035,24.035,24.035,24.035,24.035,24.035,24.035,24.035,24.035,24.035,24.035
2011-06-29 05:00:00,24.302,24.302,24.302,24.302,24.302,24.302,24.302,24.302,24.302,24.302,24.302,24.302
2011-06-29 06:00:00,23.152,23.152,23.152,23.152,23.152,23.152,23.152,23.152,23.152,23.152,23.152,23.152
2011-06-29 07:00:00,21.502,21.502,21.502,21.502,21.502,21.502,21.502,21.502,21.502,21.502,21.502,21.502
2011-06-29 08:00:00,18.56,18.56,18.56,18.56,18.56,18.56,18.56,18.56,18.56,18.56,18.56,18.56
2011-06-29 09:00:00,16.626,16.626,16.626,16.626,16.626,16.626,16.626,16.626,16.626,16.626,16.626,16.626
2011-06-29 10:00:00,17.815,17.815,17.815,17.815,17.815,17.815,17.815,17.815,17.815,17.815,17.815,17.815
2011-06-29 11:00:00,17.061,17.061,17.061,17.061,17.061,17.061,17.061,17.061,17.061,17.061,17.061,17.061
2011-06-29 12:00:00,17.061,17.061,17.061,17.061,17.061,17.061,17.061,17.061,17.061,17.061,17.061,17.061
2011-06-29 13:00:00,17.066,17.066,17.066,17.066,17.066,17.066,17.066,17.066,17.066,17.066,17.066,17.066
2011-06-29 14:00:00,17.158,17.158,17.158,17.158,17.158,17.158,17.158,17.158,17.158,17.158,17.158,17.158
2011-06-29 15:00:00,19.876,19.876,19.876,19.876,19.876,19.876,19.876,19.876,19.876,19.876,19.876,19.876
2011-06-29 16:00:00,24.035,24.035,24.035,24.035,24.035,24.035,24.035,24.035,24.035,24.035,24.035,24.035
2011-06-29 17:00:00,24.035,24.035,24.035,24.035,24.035,24.035,24.035,24.035,24.035,24.035,24.035,24.035
2011-06-29 18:00:00,24.035,24.035,24.035,24.035,24.035,24.035,24.035,24.035,24.035,24.035,24.035,24.035
2011-06-29 19:00:00,24.035,24.035,24.035,24.035,24.035,24.035,24.035,24.035,24.035,24.035,24.035,24.035
2011-06-29 20:00:00,24.035,24.035,24.035,24.035,24.035,24.035,24.035,24.035,24.035,24.035,24.035,24.035
2011-06-29 21:00:00,24.035,24.035,24.035,24.035,24.035,24.035,24.035,24.035,24.035,24.035,24.035,24.035
2011-06-29 22:00:00,24.035,24.035,24.035,24.035,24.035,24.035,24.035,24.035,24.035,24.035,24.035,24.035
2011-06-29 23:00:00,24.035,24.035,24.035,24.035,24.035,24.035,24.035,24.035,24.035,24.035,24.035,24.035
2011-06-30 00:00:00,22.43,22.43,22.43,22.43,22.43,22.43,22.43,22.43,22.43,22.43,22.43,22.43
2011-06-30 01:00:00,22.43,22.43,22.43,22.43,22.43,22.43,22.43,22.43,22.43,22.43,22.43,22.43
2011-06-30 02:00:00,22.43,22.43,22.43,22.43,22.43,22.43,22.43,22.43,22.43,22.43,22.43,22.43
2011-06-30 03:00:00,22.43,22.43,22.43,22.43,22.43,22.43,22.43,22.43,22.43,22.43,22.43,22.43
2011-06-30 04:00:00,22.43,22.43,22.43,22.43,22.43,22.43,22.43,22.43,22.43,22.43,22.43,22.43
2011-06-30 05:00:00,22.43,22.43,22.43,22.43,22.43,22.43,22.43,22.43,22.43,22.43,22.43,22.43
2011-06-30 06:00:00,21.453,21.453,21.453,21.453,21.453,21.453,21.453,21.453,21.453,21.453,21.453,21.453
2011-06-30 07:00:00,20.16,20.16,20.16,20.16,20.16,20.16,20.16,20.16,20.16,20.16,20.16,20.16
2011-06-30 08:00:00,19.239,19.239,19.239,19.239,19.239,19.239,19.239,19.239,19.239,19.239,19.239,19.239
2011-06-30 09:00:00,18.1,18.1,18.1,18.1,18.1,18.1,18.1,18.1,18.1,18.1,18.1,18.1
2011-06-30 10:00:00,18.72,18.72,18.72,18.72,18.72,18.72,18.72,18.72,18.72,18.72,18.72,18.72
2011-06-30 11:00:00,18.518,18.518,18.518,18.518,18.518,18.518,18.518,18.518,18.518,18.518,18.518,18.518
2011-06-30 12:00:00,18.518,18.518,18.518,18.518,18.518,18.518,18.518,18.518,18.518,18.518,18.518,18.518
2011-06-30 13:00:00,18.518,18.518,18.518,18.518,18.518,18.518,18.518,18.518,18.518,18.518,18.518,18.518
2011-06-30 14:00:00,18.518,18.518,18.518,18.518,18.518,18.518,18.518,18.518,18.518,18.518,18.518,18.518
2011-06-30 15:00:00,19.747,19.747,19.747,19.747,19.747,19.747,19.747,19.747,19.747,19.747,19.747,19.747
2011-06-30 16:00:00,22.43,22.43,22.43,22.43,22.43,22.43,22.43,22.43,22.43,22.43,22.43,22.43
2011-06-30 17:00:00,22.43,22.43,22.43,22.43,22.43,22.43,22.43,22.43,22.43,22.43,22.43,22.43
2011-06-30 18:00:00,22.43,22.43,22.43,22.43,22.43,22.43,22.43,22.43,22.43,22.43,22.43,22.43
2011-06-30 19:00:00,22.43,22.43,22.43,22.43,22.43,22.43,22.43,22.43,22.43,22.43,22.43,22.43
2011-06-30 20:00:00,22.43,22.43,22.43,22.43,22.43,22.43,22.43,22.43,22.43,22.43,22.43,22.43
2011-06-30 21:00:00,22.43,22.43,22.43,22.43,22.43,22.43,22.43,22.43,22.43,22.43,22.43,22.43
2011-06-30 22:00:00,22.43,22.43,22.43,22.43,22.43,22.43,22.43,22.43,22.43,22.43,22.43,22.43
2011-06-30 23:00:00,22.43,22.43,22.43,22.43,22.43,22.43,22.43,22.43,22.43,22.43,22.43,22.43
2011-07-01 00:00:00,19.892,19.892,19.892,19.892,19.892,19.892,19.892,19.892,19.892,19.892,19.892,19.892
2011-07-01 01:00:00,19.892,19.892,19.892,19.892,19.892,19.892,19.892,19.892,19.892,19.892,19.892,19.892
2011-07-01 02:00:00,19.892,19.892,19.892,19.892,19.892,19.892,19.892,19.892,19.892,19.892,19.892,19.892
2011-07-01 03:00:00,19.892,19.892,19.892,19.892,19.892,19.892,19.892,19.892,19.892,19.892,19.892,19.892
2011-07-01 04:00:00,19.892,19.892,19.892,19.892,19.892,19.892,19.892,19.892,19.892,19.892,19.892,19.892
2011-07-01 05:00:00,20.468,20.468,20.468,20.468,20.468,20.468,20.468,20.468,20.468,20.468,20.468,20.468
2011-07-01 06:00:00,19.437,19.437,19.437,19.437,19.437,19.437,19.437,19.437,19.437,19.437,19.437,19.437
2011-07-01 07:00:00,18.158,18.158,18.158,18.158,18.158,18.158,18.158,18.158,18.158,18.158,18.158,18.158
2011-07-01 08:00:00,16.875,16.875,16.875,16.875,16.875,16.875,16.875,16.875,16.875,16.875,16.875,16.875
2011-07-01 09:00:00,16.393,16.393,16.393,16.393,16.393,16.393,16.393,16.393,16.393,16.393,16.393,16.393
2011-07-01 10:00:00,16.393,16.393,16.393,16.393,16.393,16.393,16.393,16.393,16.393,16.393,16.393,16.393
2011-07-01 11:00:00,16.393,16.393,16.393,16.393,16.393,16.393,16.393,16.393,16.393,16.393,16.393,16.393
2011-07-01 12:00:00,17.213,17.213,17.213,17.213,17.213,17.213,17.213,17.213,17.213,17.213,17.213,17.213
2011-07-01 13:00:00,17.716,17.716,17.716,17.716,17.716,17.716,17.716,17.716,17.716,17.716,17.716,17.716
2011-07-01 14:00:00,18.177,18.177,18.177,18.177,18.177,18.177,18.177,18.177,18.177,18.177,18.177,18.177
2011-07-01 15:00:00,19.246,19.246,19.246,19.246,19.246,19.246,19.246,19.246,19.246,19.246,19.246,19.246
2011-07-01 16:00:00,19.647,19.647,19.647,19.647,19.647,19.647,19.647,19.647,19.647,19.647,19.647,19.647
2011-07-01 17:00:00,19.892,19.892,19.892,19.892,19.892,19.892,19.892,19.892,19.892,19.892,19.892,19.892
2011-07-01 18:00:00,19.892,19.892,19.892,19.892,19.892,19.892,19.892,19.892,19.892,19.892,19.892,19.892
2011-07-01 19:00:00,19.892,19.892,19.892,19.892,19.892,19.892,19.892,19.892,19.892,19.892,19.892,19.892
2011-07-01 20:00:00,19.892,19.892,19.892,19.892,19.892,19.892,19.892,19.892,19.892,19.892,19.892,19.892
2011-07-01 21:00:00,19.892,19.892,19.892,19.892,19.892,19.892,19.892,19.892,19.892,19.892,19.892,19.892
2011-07-01 22:00:00,19.892,19.892,19.892,19.892,19.892,19.892,19.892,19.892,19.892,19.892,19.892,19.892
2011-07-01 23:00:00,19.892,19.892,19.892,19.892,19.892,19.892,19.892,19.892,19.892,19.892,19.892,19.892
2011-07-02 00:00:00,17.185,17.185,17.185,17.185,17.185,17.185,17.185,17.185,17.185,17.185,17.185,17.185
2011-07-02 01:00:00,17.185,17.185,17.185,17.185,17.185,17.185,17.185,17.185,17.185,17.185,17.185,17.185
2011-07-02 02:00:00,17.185,17.185,17.185,17.185,17.185,17.185,17.185,17.185,17.185,17.185,17.185,17.185
2011-07-02 03:00:00,17.185,17.185,17.185,17.185,17.185,17.185,17.185,17.185,17.185,17.185,17.185,17.185
2011-07-02 04:00:00,17.185,17.185,17.185,17.185,17.185,17.185,17.185,17.185,17.185,17.185,17.185,17.185
2011-07-02 05:00:00,17.185,17.185,17.185,17.185,17.185,17.185,17.185,17.185,17.185,17.185,17.185,17.185
2011-07-02 06:00:00,17.185,17.185,17.185,17.185,17.185,17.185,17.185,17.185,17.185,17.185,17.185,17.185
2011-07-02 07:00:00,16.943,16.943,16.943,16.943,16.943,16.943,16.943,16.943,16.943,16.943,16.943,16.943
2011-07-02 08:00:00,11.577,11.577,11.577,11.577,11.577,11.577,11.577,11.577,11.577,11.577,11.577,11.577
2011-07-02 09:00:00,6.801,6.801,6.801,6.801,6.801,6.801,6.801,6.801,6.801,6.801,6.801,6.801
2011-07-02 10:00:00,6.801,6.801,6.801,6.801,6.801,6.801,6.801,6.801,6.801,6.801,6.801,6.801
2011-07-02 11:00:00,6.801,6.801,6.801,6.801,6.801,6.801,6.801,6.801,6.801,6.801,6.801,6.801
2011-07-02 12:00:00,6.801,6.801,6.801,6.801,6.801,6.801,6.801,6.801,6.801,6.801,6.801,6.801
2011-07-02 13:00:00,7.168,7.168,7.168,7.168,7.168,7.168,7.168,7.168,7.168,7.168,7.168,7.168
2011-07-02 14:00:00,15.874,15.874,15.874,15.874,15.874,15.874,15.874,15.874,15.874,15.874,15.874,15.874
2011-07-02 15:00:00,17.185,17.185,17.185,17.185,17.185,17.185,17.185,17.185,17.185,17.185,17.185,17.185
2011-07-02 16:00:00,17.185,17.185,17.185,17.185,17.185,17.185,17.185,17.185,17.185,17.185,17.185,17.185
2011-07-02 17:00:00,17.185,17.185,17.185,17.185,17.185,17.185,17.185,17.185,17.185,17.185,17.185,17.185
2011-07-02 18:00:00,17.185,17.185,17.185,17.185,17.185,17.185,17.185,17.185,17.185,17.185,17.185,17.185
2011-07-02 19:00:00,17.185,17.185,17.185,17.185,17.185,17.185,17.185,17.185,17.185,17.185,17.185,17.185
2011-07-02 20:00:00,17.185,17.185,17.185,17.185,17.185,17.185,17.185,17.185,17.185,17.185,17.185,17.185
2011-07-02 21:00:00,17.185,17.185,17.185,17.185,17.185,17.185,17.185,17.185,17.185,17.185,17.185,17.185
2011-07-02 22:00:00,17.185,17.185,17.185,17.185,17.185,17.185,17.185,17.185,17.185,17.185,17.185,17.185
2011-07-02 23:00:00,17.185,17.185,17.185,17.185,17.185,17.185,17.185,17.185,17.185,17.185,17.185,17.185
2011-07-03 00:00:00,20.619,20.619,20.619,20.619,20.619,20.619,20.619,20.619,20.619,20.619,20.619,20.619
2011-07-03 01:00:00,20.619,20.619,20.619,20.619,20.619,20.619,20.619,20.619,20.619,20.619,20.619,20.619
2011-07-03 02:00:00,20.619,20.619,20.619,20.619,20.619,20.619,20.619,20.619,20.619,20.619,20.619,20.619
2011-07-03 03:00:00,20.619,20.619,20.619,20.619,20.619,20.619,20.619,20.619,20.619,20.619,20.619,20.619
2011-07-03 04:00:00,20.619,20.619,20.619,20.619,20.619,20.619,20.619,20.619,20.619,20.619,20.619,20.619
2011-07-03 05:00:00,20.619,20.619,20.619,20.619,20.619,20.619,20.619,20.619,20.619,20.619,20.619,20.619
2011-07-03 06:00:00,20.619,20.619,20.619,20.619,20.619,20.619,20.619,20.619,20.619,20.619,20.619,20.619
2011-07-03 07:00:00,20.619,20.619,20.619,20.619,20.619,20.619,20.619,20.619,20.619,20.619,20.619,20.619
2011-07-03 08:00:00,5.836,5.836,5.836,5.836,5.836,5.836,5.836,5.836,5.836,5.836,5.836,5.836
2011-07-03 09:00:00,5.669,5.669,5.669,5.669,5.669,5.669,5.669,5.669,5.669,5.669,5.669,5.669
2011-07-03 10:00:00,5.669,5.669,5.669,5.669,5.669,5.669,5.669,5.669,5.669,5.669,5.669,5.669
2011-07-03 11:00:00,5.669,5.669,5.669,5.669,5.669,5.669,5.669,5.669,5.669,5.669,5.669,5.669
2011-07-03 12:00:00,5.669,5.669,5.669,5.669,5.669,5.669,5.669,5.669,5.669,5.669,5.669,5.669
2011-07-03 13:00:00,5.669,5.669,5.669,5.669,5.669,5.669,5.669,5.669,5.669,5.669,5.669,5.669
2011-07-03 14:00:00,16.372,16.372,16.372,16.372,16.372,16.372,16.372,16.372,16.372,16.372,16.372,16.372
2011-07-03 15:00:00,20.619,20.619,20.619,20.619,20.619,20.619,20.619,20.619,20.619,20.619,20.619,20.619
2011-07-03 16:00:00,20.619,20.619,20.619,20.619,20.619,20.619,20.619,20.619,20.619,20.619,20.619,20.619
2011-07-03 17:00:00,20.619,20.619,20.619,20.619,20.619,20.619,20.619,20.619,20.619,20.619,20.619,20.619
2011-07-03 18:00:00,20.619,20.619,20.619,20.619,20.619,20.619,20.619,20.619,20.619,20.619,20.619,20.619
2011-07-03 19:00:00,20.619,20.619,20.619,20.619,20.619,20.619,20.619,20.619,20.619,20.619,20.619,20.619
2011-07-03 20:00:00,20.619,20.619,20.619,20.619,20.619,20.619,20.619,20.619,20.619,20.619,20.619,20.619
2011-07-03 21:00:00,20.619,20.619,20.619,20.619,20.619,20.619,20.619,20.619,20.619,20.619,20.619,20.619
2011-07-03 22:00:00,20.619,20.619,20.619,20.619,20.619,20.619,20.619,20.619,20.619,20.619,20.619,20.619
2011-07-03 23:00:00,20.619,20.619,20.619,20.619,20.619,20.619,20.619,20.619,20.619,20.619,20.619,20.619
2011-07-04 00:00:00,29.197,29.197,29.197,29.197,29.197,29.197,29.197,29.197,29.197,29.197,29.197,29.197
2011-07-04 01:00:00,29.197,29.197,29.197,29.197,29.197,29.197,29.197,29.197,29.197,29.197,29.197,29.197
2011-07-04 02:00:00,29.197,29.197,29.197,29.197,29.197,29.197,29.197,29.197,29.197,29.197,29.197,29.197
2011-07-04 03:00:00,29.197,29.197,29.197,29.197,29.197,29.197,29.197,29.197,29.197,29.197,29.197,29.197
2011-07-04 04:00:00,29.197,29.197,29.197,29.197,29.197,29.197,29.197,29.197,29.197,29.197,29.197,29.197
2011-07-04 05:00:00,29.197,29.197,29.197,29.197,29.197,29.197,29.197,29.197,29.197,29.197,29.197,29.197
2011-07-04 06:00:00,21.902,21.902,21.902,21.902,21.902,21.902,21.902,21.902,21.902,21.902,21.902,21.902
2011-07-04 07:00:00,18.291,18.291,18.291,18.291,18.291,18.291,18.291,18.291,18.291,18.291,18.291,18.291
2011-07-04 08:00:00,16.565,16.565,16.565,16.565,16.565,16.565,16.565,16.565,16.565,16.565,16.565,16.565
2011-07-04 09:00:00,16.532,16.532,16.532,16.532,16.532,16.532,16.532,16.532,16.532,16.532,16.532,16.532
2011-07-04 10:00:00,16.863,16.863,16.863,16.863,16.863,16.863,16.863,16.863,16.863,16.863,16.863,16.863
2011-07-04 11:00:00,16.863,16.863,16.863,16.863,16.863,16.863,16.863,16.863,16.863,16.863,16.863,16.863
2011-07-04 12:00:00,17.023,17.023,17.023,17.023,17.023,17.023,17.023,17.023,17.023,17.023,17.023,17.023
2011-07-04 13:00:00,18.545,18.545,18.545,18.545,18.545,18.545,18.545,18.545,18.545,18.545,18.545,18.545
2011-07-04 14:00:00,18.545,18.545,18.545,18.545,18.545,18.545,18.545,18.545,18.545,18.545,18.545,18.545
2011-07-04 15:00:00,22.749,22.749,22.749,22.749,22.749,22.749,22.749,22.749,22.749,22.749,22.749,22.749
2011-07-04 16:00:00,29.104,29.104,29.104,29.104,29.104,29.104,29.104,29.104,29.104,29.104,29.104,29.104
2011-07-04 17:00:00,29.197,29.197,29.197,29.197,29.197,29.197,29.197,29.197,29.197,29.197,29.197,29.197
2011-07-04 18:00:00,29.197,29.197,29.197,29.197,29.197,29.197,29.197,29.197,29.197,29.197,29.197,29.197
2011-07-04 19:00:00,29.197,29.197,29.197,29.197,29.197,29.197,29.197,29.197,29.197,29.197,29.197,29.197
2011-07-04 20:00:00,29.197,29.197,29.197,29.197,29.197,29.197,29.197,29.197,29.197,29.197,29.197,29.197
2011-07-04 21:00:00,29.197,29.197,29.197,29.197,29.197,29.197,29.197,29.197,29.197,29.197,29.197,29.197
2011-07-04 22:00:00,29.197,29.197,29.197,29.197,29.197,29.197,29.197,29.197,29.197,29.197,29.197,29.197
2011-07-04 23:00:00,29.197,29.197,29.197,29.197,29.197,29.197,29.197,29.197,29.197,29.197,29.197,29.197
2011-07-05 00:00:00,24.327,24.327,24.327,24.327,24.327,24.327,24.327,24.327,24.327,24.327,24.327,24.327
2011-07-05 01:00:00,24.327,24.327,24.327,24.327,24.327,24.327,24.327,24.327,24.327,24.327,24.327,24.327
2011-07-05 02:00:00,24.327,24.327,24.327,24.327,24.327,24.327,24.327,24.327,24.327,24.327,24.327,24.327
2011-07-05 03:00:00,24.327,24.327,24.327,24.327,24.327,24.327,24.327,24.327,24.327,24.327,24.327,24.327
2011-07-05 04:00:00,24.327,24.327,24.327,24.327,24.327,24.327,24.327,24.327,24.327,24.327,24.327,24.327
2011-07-05 05:00:00,24.327,24.327,24.327,24.327,24.327,24.327,24.327,24.327,24.327,24.327,24.327,24.327
2011-07-05 06:00:00,22.12,22.12,22.12,22.12,22.12,22.12,22.12,22.12,22.12,22.12,22.12,22.12
2011-07-05 07:00:00,21.682,21.682,21.682,21.682,21.682,21.682,21.682,21.682,21.682,21.682,21.682,21.682
2011-07-05 08:00:00,21.129,21.129,21.129,21.129,21.129,21.129,21.129,21.129,21.129,21.129,21.129,21.129
2011-07-05 09:00:00,20.588,20.588,20.588,20.588,20.588,20.588,20.588,20.588,20.588,20.588,20.588,20.588
2011-07-05 10:00:00,20.588,20.588,20.588,20.588,20.588,20.588,20.588,20.588,20.588,20.588,20.588,20.588
2011-07-05 11:00:00,20.588,20.588,20.588,20.588,20.588,20.588,20.588,20.588,20.588,20.588,20.588,20.588
2011-07-05 12:00:00,20.588,20.588,20.588,20.588,20.588,20.588,20.588,20.588,20.588,20.588,20.588,20.588
2011-07-05 13:00:00,20.627,20.627,20.627,20.627,20.627,20.627,20.627,20.627,20.627,20.627,20.627,20.627
2011-07-05 14:00:00,20.627,20.627,20.627,20.627,20.627,20.627,20.627,20.627,20.627,20.627,20.627,20.627
2011-07-05 15:00:00,22.917,22.917,22.917,22.917,22.917,22.917,22.917,22.917,22.917,22.917,22.917,22.917
2011-07-05 16:00:00,24.312,24.312,24.312,24.312,24.312,24.312,24.312,24.312,24.312,24.312,24.312,24.312
2011-07-05 17:00:00,24.327,24.327,24.327,24.327,24.327,24.327,24.327,24.327,24.327,24.327,24.327,24.327
2011-07-05 18:00:00,24.327,24.327,24.327,24.327,24.327,24.327,24.327,24.327,24.327,24.327,24.327,24.327
2011-07-05 19:00:00,24.327,24.327,24.327,24.327,24.327,24.327,24.327,24.327,24.327,24.327,24.327,24.327
2011-07-05 20:00:00,24.327,24.327,24.327,24.327,24.327,24.327,24.327,24.327,24.327,24.327,24.327,24.327
2011-07-05 21:00:00,24.327,24.327,24.327,24.327,24.327,24.327,24.327,24.327,24.327,24.327,24.327,24.327
2011-07-05 22:00:00,24.327,24.327,24.327,24.327,24.327,24.327,24.327,24.327,24.327,24.327,24.327,24.327
2011-07-05 23:00:00,24.327,24.327,24.327,24.327,24.327,24.327,24.327,24.327,24.327,24.327,24.327,24.327
2011-07-06 00:00:00,23.614,23.614,23.614,23.614,23.614,23.614,23.614,23.614,23.614,23.614,23.614,23.614
2011-07-06 01:00:00,23.614,23.614,23.614,23.614,23.614,23.614,23.614,23.614,23.614,23.614,23.614,23.614
2011-07-06 02:00:00,23.614,23.614,23.614,23.614,23.614,23.614,23.614,23.614,23.614,23.614,23.614,23.614
2011-07-06 03:00:00,23.614,23.614,23.614,23.614,23.614,23.614,23.614,23.614,23.614,23.614,23.614,23.614
2011-07-06 04:00:00,23.614,23.614,23.614,23.614,23.614,23.614,23.614,23.614,23.614,23.614,23.614,23.614
2011-07-06 05:00:00,23.614,23.614,23.614,23.614,23.614,23.614,23.614,23.614,23.614,23.614,23.614,23.614
2011-07-06 06:00:00,15.526,15.526,15.526,15.526,15.526,15.526,15.526,15.526,15.526,15.526,15.526,15.526
2011-07-06 07:00:00,7.173,7.173,7.173,7.173,7.173,7.173,7.173,7.173,7.173,7.173,7.173,7.173
2011-07-06 08:00:00,5.252,5.252,5.252,5.252,5.252,5.252,5.252,5.252,5.252,5.252,5.252,5.252
2011-07-06 09:00:00,3.997,3.997,3.997,3.997,3.997,3.997,3.997,3.997,3.997,3.997,3.997,3.997
2011-07-06 10:00:00,4.193,4.193,4.193,4.193,4.193,4.193,4.193,4.193,4.193,4.193,4.193,4.193
2011-07-06 11:00:00,6.106,6.106,6.106,6.106,6.106,6.106,6.106,6.106,6.106,6.106,6.106,6.106
2011-07-06 12:00:00,6.855,6.855,6.855,6.855,6.855,6.855,6.855,6.855,6.855,6.855,6.855,6.855
2011-07-06 13:00:00,7.173,7.173,7.173,7.173,7.173,7.173,7.173,7.173,7.173,7.173,7.173,7.173
2011-07-06 14:00:00,7.274,7.274,7.274,7.274,7.274,7.274,7.274,7.274,7.274,7.274,7.274,7.274
2011-07-06 15:00:00,18.516,18.516,18.516,18.516,18.516,18.516,18.516,18.516,18.516,18.516,18.516,18.516
2011-07-06 16:00:00,23.244,23.244,23.244,23.244,23.244,23.244,23.244,23.244,23.244,23.244,23.244,23.244
2011-07-06 17:00:00,23.614,23.614,23.614,23.614,23.614,23.614,23.614,23.614,23.614,23.614,23.614,23.614
2011-07-06 18:00:00,23.614,23.614,23.614,23.614,23.614,23.614,23.614,23.614,23.614,23.614,23.614,23.614
2011-07-06 19:00:00,23.614,23.614,23.614,23.614,23.614,23.614,23.614,23.614,23.614,23.614,23.614,23.614
2011-07-06 20:00:00,23.614,23.614,23.614,23.614,23.614,23.614,23.614,23.614,23.614,23.614,23.614,23.614
2011-07-06 21:00:00,23.614,23.614,23.614,23.614,23.614,23.614,23.614,23.614,23.614,23.614,23.614,23.614
2011-07-06 22:00:00,23.614,23.614,23.614,23.614,23.614,23.614,23.614,23.614,23.614,23.614,23.614,23.614
2011-07-06 23:00:00,23.614,23.614,23.614,23.614,23.614,23.614,23.614,23.614,23.614,23.614,23.614,23.614
2011-07-07 00:00:00,25.96,25.96,25.96,25.96,25.96,25.96,25.96,25.96,25.96,25.96,25.96,25.96
2011-07-07 01:00:00,25.96,25.96,25.96,25.96,25.96,25.96,25.96,25.96,25.96,25.96,25.96,25.96
2011-07-07 02:00:00,25.96,25.96,25.96,25.96,25.96,25.96,25.96,25.96,25.96,25.96,25.96,25.96
2011-07-07 03:00:00,25.96,25.96,25.96,25.96,25.96,25.96,25.96,25.96,25.96,25.96,25.96,25.96
2011-07-07 04:00:00,25.96,25.96,25.96,25.96,25.96,25.96,25.96,25.96,25.96,25.96,25.96,25.96
2011-07-07 05:00:00,25.96,25.96,25.96,25.96,25.96,25.96,25.96,25.96,25.96,25.96,25.96,25.96
2011-07-07 06:00:00,19.106,19.106,19.106,19.106,19.106,19.106,19.106,19.106,19.106,19.106,19.106,19.106
2011-07-07 07:00:00,17.387,17.387,17.387,17.387,17.387,17.387,17.387,17.387,17.387,17.387,17.387,17.387
2011-07-07 08:00:00,17.246,17.246,17.246,17.246,17.246,17.246,17.246,17.246,17.246,17.246,17.246,17.246
2011-07-07 09:00:00,17.07,17.07,17.07,17.07,17.07,17.07,17.07,17.07,17.07,17.07,17.07,17.07
2011-07-07 10:00:00,18.14,18.14,18.14,18.14,18.14,18.14,18.14,18.14,18.14,18.14,18.14,18.14
2011-07-07 11:00:00,18.14,18.14,18.14,18.14,18.14,18.14,18.14,18.14,18.14,18.14,18.14,18.14
2011-07-07 12:00:00,18.416,18.416,18.416,18.416,18.416,18.416,18.416,18.416,18.416,18.416,18.416,18.416
2011-07-07 13:00:00,19.4,19.4,19.4,19.4,19.4,19.4,19.4,19.4,19.4,19.4,19.4,19.4
2011-07-07 14:00:00,21.071,21.071,21.071,21.071,21.071,21.071,21.071,21.071,21.071,21.071,21.071,21.071
2011-07-07 15:00:00,23.128,23.128,23.128,23.128,23.128,23.128,23.128,23.128,23.128,23.128,23.128,23.128
2011-07-07 16:00:00,25.444,25.444,25.444,25.444,25.444,25.444,25.444,25.444,25.444,25.444,25.444,25.444
2011-07-07 17:00:00,25.96,25.96,25.96,25.96,25.96,25.96,25.96,25.96,25.96,25.96,25.96,25.96
2011-07-07 18:00:00,25.96,25.96,25.96,25.96,25.96,25.96,25.96,25.96,25.96,25.96,25.96,25.96
2011-07-07 19:00:00,25.96,25.96,25.96,25.96,25.96,25.96,25.96,25.96,25.96,25.96,25.96,25.96
2011-07-07 20:00:00,25.96,25.96,25.96,25.96,25.96,25.96,25.96,25.96,25.96,25.96,25.96,25.96
2011-07-07 21:00:00,25.96,25.96,25.96,25.96,25.96,25.96,25.96,25.96,25.96,25.96,25.96,25.96
2011-07-07 22:00:00,25.96,25.96,25.96,25.96,25.96,25.96,25.96,25.96,25.96,25.96,25.96,25.96
2011-07-07 23:00:00,25.96,25.96,25.96,25.96,25.96,25.96,25.96,25.96,25.96,25.96,25.96,25.96
2011-07-08 00:00:00,21.087,21.087,21.087,21.087,21.087,21.087,21.087,21.087,21.087,21.087,21.087,21.087
2011-07-08 01:00:00,21.087,21.087,21.087,21.087,21.087,21.087,21.087,21.087,21.087,21.087,21.087,21.087
2011-07-08 02:00:00,21.087,21.087,21.087,21.087,21.087,21.087,21.087,21.087,21.087,21.087,21.087,21.087
2011-07-08 03:00:00,21.087,21.087,21.087,21.087,21.087,21.087,21.087,21.087,21.087,21.087,21.087,21.087
2011-07-08 04:00:00,21.133,21.133,21.133,21.133,21.133,21.133,21.133,21.133,21.133,21.133,21.133,21.133
2011-07-08 05:00:00,21.502,21.502,21.502,21.502,21.502,21.502,21.502,21.502,21.502,21.502,21.502,21.502
2011-07-08 06:00:00,18.891,18.891,18.891,18.891,18.891,18.891,18.891,18.891,18.891,18.891,18.891,18.891
2011-07-08 07:00:00,17.982,17.982,17.982,17.982,17.982,17.982,17.982,17.982,17.982,17.982,17.982,17.982
2011-07-08 08:00:00,17.799,17.799,17.799,17.799,17.799,17.799,17.799,17.799,17.799,17.799,17.799,17.799
2011-07-08 09:00:00,15.676,15.676,15.676,15.676,15.676,15.676,15.676,15.676,15.676,15.676,15.676,15.676
2011-07-08 10:00:00,15.827,15.827,15.827,15.827,15.827,15.827,15.827,15.827,15.827,15.827,15.827,15.827
2011-07-08 11:00:00,15.562,15.562,15.562,15.562,15.562,15.562,15.562,15.562,15.562,15.562,15.562,15.562
2011-07-08 12:00:00,15.562,15.562,15.562,15.562,15.562,15.562,15.562,15.562,15.562,15.562,15.562,15.562
2011-07-08 13:00:00,15.562,15.562,15.562,15.562,15.562,15.562,15.562,15.562,15.562,15.562,15.562,15.562
2011-07-08 14:00:00,17.06,17.06,17.06,17.06,17.06,17.06,17.06,17.06,17.06,17.06,17.06,17.06
2011-07-08 15:00:00,19.544,19.544,19.544,19.544,19.544,19.544,19.544,19.544,19.544,19.544,19.544,19.544
2011-07-08 16:00:00,21.087,21.087,21.087,21.087,21.087,21.087,21.087,21.087,21.087,21.087,21.087,21.087
2011-07-08 17:00:00,21.087,21.087,21.087,21.087,21.087,21.087,21.087,21.087,21.087,21.087,21.087,21.087
2011-07-08 18:00:00,21.087,21.087,21.087,21.087,21.087,21.087,21.087,21.087,21.087,21.087,21.087,21.087
2011-07-08 19:00:00,21.087,21.087,21.087,21.087,21.087,21.087,21.087,21.087,21.087,21.087,21.087,21.087
2011-07-08 20:00:00,21.087,21.087,21.087,21.087,21.087,21.087,21.087,21.087,21.087,21.087,21.087,21.087
2011-07-08 21:00:00,21.087,21.087,21.087,21.087,21.087,21.087,21.087,21.087,21.087,21.087,21.087,21.087
2011-07-08 22:00:00,21.087,21.087,21.087,21.087,21.087,21.087,21.087,21.087,21.087,21.087,21.087,21.087
2011-07-08 23:00:00,21.087,21.087,21.087,21.087,21.087,21.087,21.087,21.087,21.087,21.087,21.087,21.087
2011-07-09 00:00:00,16.613,16.613,16.613,16.613,16.613,16.613,16.613,16.613,16.613,16.613,16.613,16.613
2011-07-09 01:00:00,16.613,16.613,16.613,16.613,16.613,16.613,16.613,16.613,16.613,16.613,16.613,16.613
2011-07-09 02:00:00,16.613,16.613,16.613,16.613,16.613,16.613,16.613,16.613,16.613,16.613,16.613,16.613
2011-07-09 03:00:00,16.613,16.613,16.613,16.613,16.613,16.613,16.613,16.613,16.613,16.613,16.613,16.613
2011-07-09 04:00:00,16.613,16.613,16.613,16.613,16.613,16.613,16.613,16.613,16.613,16.613,16.613,16.613
2011-07-09 05:00:00,16.613,16.613,16.613,16.613,16.613,16.613,16.613,16.613,16.613,16.613,16.613,16.613
2011-07-09 06:00:00,16.613,16.613,16.613,16.613,16.613,16.613,16.613,16.613,16.613,16.613,16.613,16.613
2011-07-09 07:00:00,13.819,13.819,13.819,13.819,13.819,13.819,13.819,13.819,13.819,13.819,13.819,13.819
2011-07-09 08:00:00,3.953,3.953,3.953,3.953,3.953,3.953,3.953,3.953,3.953,3.953,3.953,3.953
2011-07-09 09:00:00,3.498,3.498,3.498,3.498,3.498,3.498,3.498,3.498,3.498,3.498,3.498,3.498
2011-07-09 10:00:00,3.498,3.498,3.498,3.498,3.498,3.498,3.498,3.498,3.498,3.498,3.498,3.498
2011-07-09 11:00:00,3.498,3.498,3.498,3.498,3.498,3.498,3.498,3.498,3.498,3.498,3.498,3.498
2011-07-09 12:00:00,3.563,3.563,3.563,3.563,3.563,3.563,3.563,3.563,3.563,3.563,3.563,3.563
2011-07-09 13:00:00,4.39,4.39,4.39,4.39,4.39,4.39,4.39,4.39,4.39,4.39,4.39,4.39
2011-07-09 14:00:00,13.201,13.201,13.201,13.201,13.201,13.201,13.201,13.201,13.201,13.201,13.201,13.201
2011-07-09 15:00:00,16.613,16.613,16.613,16.613,16.613,16.613,16.613,16.613,16.613,16.613,16.613,16.613
2011-07-09 16:00:00,16.613,16.613,16.613,16.613,16.613,16.613,16.613,16.613,16.613,16.613,16.613,16.613
2011-07-09 17:00:00,16.706,16.706,16.706,16.706,16.706,16.706,16.706,16.706,16.706,16.706,16.706,16.706
2011-07-09 18:00:00,16.827,16.827,16.827,16.827,16.827,16.827,16.827,16.827,16.827,16.827,16.827,16.827
2011-07-09 19:00:00,16.613,16.613,16.613,16.613,16.613,16.613,16.613,16.613,16.613,16.613,16.613,16.613
2011-07-09 20:00:00,16.613,16.613,16.613,16.613,16.613,16.613,16.613,16.613,16.613,16.613,16.613,16.613
2011-07-09 21:00:00,16.613,16.613,16.613,16.613,16.613,16.613,16.613,16.613,16.613,16.613,16.613,16.613
2011-07-09 22:00:00,16.613,16.613,16.613,16.613,16.613,16.613,16.613,16.613,16.613,16.613,16.613,16.613
2011-07-09 23:00:00,16.613,16.613,16.613,16.613,16.613,16.613,16.613,16.613,16.613,16.613,16.613,16.613
2011-07-10 00:00:00,46.993,46.993,46.993,46.993,46.993,46.993,46.993,46.993,46.993,46.993,46.993,46.993
2011-07-10 01:00:00,46.993,46.993,46.993,46.993,46.993,46.993,46.993,46.993,46.993,46.993,46.993,46.993
2011-07-10 02:00:00,46.993,46.993,46.993,46.993,46.993,46.993,46.993,46.993,46.993,46.993,46.993,46.993
2011-07-10 03:00:00,46.993,46.993,46.993,46.993,46.993,46.993,46.993,46.993,46.993,46.993,46.993,46.993
2011-07-10 04:00:00,46.993,46.993,46.993,46.993,46.993,46.993,46.993,46.993,46.993,46.993,46.993,46.993
2011-07-10 05:00:00,46.993,46.993,46.993,46.993,46.993,46.993,46.993,46.993,46.993,46.993,46.993,46.993
2011-07-10 06:00:00,46.993,46.993,46.993,46.993,46.993,46.993,46.993,46.993,46.993,46.993,46.993,46.993
2011-07-10 07:00:00,46.284,46.284,46.284,46.284,46.284,46.284,46.284,46.284,46.284,46.284,46.284,46.284
2011-07-10 08:00:00,19.848,19.848,19.848,19.848,19.848,19.848,19.848,19.848,19.848,19.848,19.848,19.848
2011-07-10 09:00:00,17.566,17.566,17.566,17.566,17.566,17.566,17.566,17.566,17.566,17.566,17.566,17.566
2011-07-10 10:00:00,17.566,17.566,17.566,17.566,17.566,17.566,17.566,17.566,17.566,17.566,17.566,17.566
2011-07-10 11:00:00,17.566,17.566,17.566,17.566,17.566,17.566,17.566,17.566,17.566,17.566,17.566,17.566
2011-07-10 12:00:00,17.566,17.566,17.566,17.566,17.566,17.566,17.566,17.566,17.566,17.566,17.566,17.566
2011-07-10 13:00:00,20.106,20.106,20.106,20.106,20.106,20.106,20.106,20.106,20.106,20.106,20.106,20.106
2011-07-10 14:00:00,22.12,22.12,22.12,22.12,22.12,22.12,22.12,22.12,22.12,22.12,22.12,22.12
2011-07-10 15:00:00,45.421,45.421,45.421,45.421,45.421,45.421,45.421,45.421,45.421,45.421,45.421,45.421
2011-07-10 16:00:00,46.993,46.993,46.993,46.993,46.993,46.993,46.993,46.993,46.993,46.993,46.993,46.993
2011-07-10 17:00:00,46.993,46.993,46.993,46.993,46.993,46.993,46.993,46.993,46.993,46.993,46.993,46.993
2011-07-10 18:00:00,47.094,47.094,47.094,47.094,47.094,47.094,47.094,47.094,47.094,47.094,47.094,47.094
2011-07-10 19:00:00,46.993,46.993,46.993,46.993,46.993,46.993,46.993,46.993,46.993,46.993,46.993,46.993
2011-07-10 20:00:00,46.993,46.993,46.993,46.993,46.993,46.993,46.993,46.993,46.993,46.993,46.993,46.993
2011-07-10 21:00:00,46.993,46.993,46.993,46.993,46.993,46.993,46.993,46.993,46.993,46.993,46.993,46.993
2011-07-10 22:00:00,46.993,46.993,46.993,46.993,46.993,46.993,46.993,46.993,46.993,46.993,46.993,46.993
2011-07-10 23:00:00,46.993,46.993,46.993,46.993,46.993,46.993,46.993,46.993,46.993,46.993,46.993,46.993
2011-07-11 00:00:00,64.385,64.385,64.385,64.385,64.385,64.385,64.385,64.385,64.385,64.385,64.385,64.385
2011-07-11 01:00:00,64.385,64.385,64.385,64.385,64.385,64.385,64.385,64.385,64.385,64.385,64.385,64.385
2011-07-11 02:00:00,64.385,64.385,64.385,64.385,64.385,64.385,64.385,64.385,64.385,64.385,64.385,64.385
2011-07-11 03:00:00,64.385,64.385,64.385,64.385,64.385,64.385,64.385,64.385,64.385,64.385,64.385,64.385
2011-07-11 04:00:00,64.18,64.18,64.18,64.18,64.18,64.18,64.18,64.18,64.18,64.18,64.18,64.18
2011-07-11 05:00:00,64.742,64.742,64.742,64.742,64.742,64.742,64.742,64.742,64.742,64.742,64.742,64.742
2011-07-11 06:00:00,35.223,35.223,35.223,35.223,35.223,35.223,35.223,35.223,35.223,35.223,35.223,35.223
2011-07-11 07:00:00,26.29,26.29,26.29,26.29,26.29,26.29,26.29,26.29,26.29,26.29,26.29,26.29
2011-07-11 08:00:00,24.993,24.993,24.993,24.993,24.993,24.993,24.993,24.993,24.993,24.993,24.993,24.993
2011-07-11 09:00:00,24.972,24.972,24.972,24.972,24.972,24.972,24.972,24.972,24.972,24.972,24.972,24.972
2011-07-11 10:00:00,24.972,24.972,24.972,24.972,24.972,24.972,24.972,24.972,24.972,24.972,24.972,24.972
2011-07-11 11:00:00,24.993,24.993,24.993,24.993,24.993,24.993,24.993,24.993,24.993,24.993,24.993,24.993
2011-07-11 12:00:00,25.069,25.069,25.069,25.069,25.069,25.069,25.069,25.069,25.069,25.069,25.069,25.069
2011-07-11 13:00:00,25.124,25.124,25.124,25.124,25.124,25.124,25.124,25.124,25.124,25.124,25.124,25.124
2011-07-11 14:00:00,25.363,25.363,25.363,25.363,25.363,25.363,25.363,25.363,25.363,25.363,25.363,25.363
2011-07-11 15:00:00,27.966,27.966,27.966,27.966,27.966,27.966,27.966,27.966,27.966,27.966,27.966,27.966
2011-07-11 16:00:00,64.18,64.18,64.18,64.18,64.18,64.18,64.18,64.18,64.18,64.18,64.18,64.18
2011-07-11 17:00:00,64.18,64.18,64.18,64.18,64.18,64.18,64.18,64.18,64.18,64.18,64.18,64.18
2011-07-11 18:00:00,64.18,64.18,64.18,64.18,64.18,64.18,64.18,64.18,64.18,64.18,64.18,64.18
2011-07-11 19:00:00,64.18,64.18,64.18,64.18,64.18,64.18,64.18,64.18,64.18,64.18,64.18,64.18
2011-07-11 20:00:00,64.18,64.18,64.18,64.18,64.18,64.18,64.18,64.18,64.18,64.18,64.18,64.18
2011-07-11 21:00:00,64.18,64.18,64.18,64.18,64.18,64.18,64.18,64.18,64.18,64.18,64.18,64.18
2011-07-11 22:00:00,64.18,64.18,64.18,64.18,64.18,64.18,64.18,64.18,64.18,64.18,64.18,64.18
2011-07-11 23:00:00,64.18,64.18,64.18,64.18,64.18,64.18,64.18,64.18,64.18,64.18,64.18,64.18
2011-07-12 00:00:00,20.306,20.306,20.306,20.306,20.306,20.306,20.306,20.306,20.306,20.306,20.306,20.306
2011-07-12 01:00:00,20.277,20.277,20.277,20.277,20.277,20.277,20.277,20.277,20.277,20.277,20.277,20.277
2011-07-12 02:00:00,20.214,20.214,20.214,20.214,20.214,20.214,20.214,20.214,20.214,20.214,20.214,20.214
2011-07-12 03:00:00,20.214,20.214,20.214,20.214,20.214,20.214,20.214,20.214,20.214,20.214,20.214,20.214
2011-07-12 04:00:00,19.854,19.854,19.854,19.854,19.854,19.854,19.854,19.854,19.854,19.854,19.854,19.854
2011-07-12 05:00:00,20.397,20.397,20.397,20.397,20.397,20.397,20.397,20.397,20.397,20.397,20.397,20.397
2011-07-12 06:00:00,18.521,18.521,18.521,18.521,18.521,18.521,18.521,18.521,18.521,18.521,18.521,18.521
2011-07-12 07:00:00,16.401,16.401,16.401,16.401,16.401,16.401,16.401,16.401,16.401,16.401,16.401,16.401
2011-07-12 08:00:00,15.419,15.419,15.419,15.419,15.419,15.419,15.419,15.419,15.419,15.419,15.419,15.419
2011-07-12 09:00:00,13.979,13.979,13.979,13.979,13.979,13.979,13.979,13.979,13.979,13.979,13.979,13.979
2011-07-12 10:00:00,13.85,13.85,13.85,13.85,13.85,13.85,13.85,13.85,13.85,13.85,13.85,13.85
2011-07-12 11:00:00,13.608,13.608,13.608,13.608,13.608,13.608,13.608,13.608,13.608,13.608,13.608,13.608
2011-07-12 12:00:00,13.608,13.608,13.608,13.608,13.608,13.608,13.608,13.608,13.608,13.608,13.608,13.608
2011-07-12 13:00:00,13.608,13.608,13.608,13.608,13.608,13.608,13.608,13.608,13.608,13.608,13.608,13.608
2011-07-12 14:00:00,14.249,14.249,14.249,14.249,14.249,14.249,14.249,14.249,14.249,14.249,14.249,14.249
2011-07-12 15:00:00,17.14,17.14,17.14,17.14,17.14,17.14,17.14,17.14,17.14,17.14,17.14,17.14
2011-07-12 16:00:00,18.992,18.992,18.992,18.992,18.992,18.992,18.992,18.992,18.992,18.992,18.992,18.992
2011-07-12 17:00:00,19.854,19.854,19.854,19.854,19.854,19.854,19.854,19.854,19.854,19.854,19.854,19.854
2011-07-12 18:00:00,19.854,19.854,19.854,19.854,19.854,19.854,19.854,19.854,19.854,19.854,19.854,19.854
2011-07-12 19:00:00,19.854,19.854,19.854,19.854,19.854,19.854,19.854,19.854,19.854,19.854,19.854,19.854
2011-07-12 20:00:00,19.854,19.854,19.854,19.854,19.854,19.854,19.854,19.854,19.854,19.854,19.854,19.854
2011-07-12 21:00:00,19.854,19.854,19.854,19.854,19.854,19.854,19.854,19.854,19.854,19.854,19.854,19.854
2011-07-12 22:00:00,19.854,19.854,19.854,19.854,19.854,19.854,19.854,19.854,19.854,19.854,19.854,19.854
2011-07-12 23:00:00,19.854,19.854,19.854,19.854,19.854,19.854,19.854,19.854,19.854,19.854,19.854,19.854
2011-07-13 00:00:00,18.988,18.988,18.988,18.988,18.988,18.988,18.988,18.988,18.988,18.988,18.988,18.988
2011-07-13 01:00:00,18.988,18.988,18.988,18.988,18.988,18.988,18.988,18.988,18.988,18.988,18.988,18.988
2011-07-13 02:00:00,18.988,18.988,18.988,18.988,18.988,18.988,18.988,18.988,18.988,18.988,18.988,18.988
2011-07-13 03:00:00,18.988,18.988,18.988,18.988,18.988,18.988,18.988,18.988,18.988,18.988,18.988,18.988
2011-07-13 04:00:00,18.988,18.988,18.988,18.988,18.988,18.988,18.988,18.988,18.988,18.988,18.988,18.988
2011-07-13 05:00:00,18.988,18.988,18.988,18.988,18.988,18.988,18.988,18.988,18.988,18.988,18.988,18.988
2011-07-13 06:00:00,18.597,18.597,18.597,18.597,18.597,18.597,18.597,18.597,18.597,18.597,18.597,18.597
2011-07-13 07:00:00,17.687,17.687,17.687,17.687,17.687,17.687,17.687,17.687,17.687,17.687,17.687,17.687
2011-07-13 08:00:00,8.598,8.598,8.598,8.598,8.598,8.598,8.598,8.598,8.598,8.598,8.598,8.598
2011-07-13 09:00:00,6.318,6.318,6.318,6.318,6.318,6.318,6.318,6.318,6.318,6.318,6.318,6.318
2011-07-13 10:00:00,6.318,6.318,6.318,6.318,6.318,6.318,6.318,6.318,6.318,6.318,6.318,6.318
2011-07-13 11:00:00,6.318,6.318,6.318,6.318,6.318,6.318,6.318,6.318,6.318,6.318,6.318,6.318
2011-07-13 12:00:00,6.318,6.318,6.318,6.318,6.318,6.318,6.318,6.318,6.318,6.318,6.318,6.318
2011-07-13 13:00:00,6.318,6.318,6.318,6.318,6.318,6.318,6.318,6.318,6.318,6.318,6.318,6.318
2011-07-13 14:00:00,10.036,10.036,10.036,10.036,10.036,10.036,10.036,10.036,10.036,10.036,10.036,10.036
2011-07-13 15:00:00,18.234,18.234,18.234,18.234,18.234,18.234,18.234,18.234,18.234,18.234,18.234,18.234
2011-07-13 16:00:00,18.988,18.988,18.988,18.988,18.988,18.988,18.988,18.988,18.988,18.988,18.988,18.988
2011-07-13 17:00:00,18.988,18.988,18.988,18.988,18.988,18.988,18.988,18.988,18.988,18.988,18.988,18.988
2011-07-13 18:00:00,18.988,18.988,18.988,18.988,18.988,18.988,18.988,18.988,18.988,18.988,18.988,18.988
2011-07-13 19:00:00,18.988,18.988,18.988,18.988,18.988,18.988,18.988,18.988,18.988,18.988,18.988,18.988
2011-07-13 20:00:00,18.988,18.988,18.988,18.988,18.988,18.988,18.988,18.988,18.988,18.988,18.988,18.988
2011-07-13 21:00:00,18.988,18.988,18.988,18.988,18.988,18.988,18.988,18.988,18.988,18.988,18.988,18.988
2011-07-13 22:00:00,18.988,18.988,18.988,18.988,18.988,18.988,18.988,18.988,18.988,18.988,18.988,18.988
2011-07-13 23:00:00,18.988,18.988,18.988,18.988,18.988,18.988,18.988,18.988,18.988,18.988,18.988,18.988
2011-07-14 00:00:00,18.99,18.99,18.99,18.99,18.99,18.99,18.99,18.99,18.99,18.99,18.99,18.99
2011-07-14 01:00:00,18.99,18.99,18.99,18.99,18.99,18.99,18.99,18.99,18.99,18.99,18.99,18.99
2011-07-14 02:00:00,18.99,18.99,18.99,18.99,18.99,18.99,18.99,18.99,18.99,18.99,18.99,18.99
2011-07-14 03:00:00,18.99,18.99,18.99,18.99,18.99,18.99,18.99,18.99,18.99,18.99,18.99,18.99
2011-07-14 04:00:00,18.99,18.99,18.99,18.99,18.99,18.99,18.99,18.99,18.99,18.99,18.99,18.99
2011-07-14 05:00:00,18.99,18.99,18.99,18.99,18.99,18.99,18.99,18.99,18.99,18.99,18.99,18.99
2011-07-14 06:00:00,18.358,18.358,18.358,18.358,18.358,18.358,18.358,18.358,18.358,18.358,18.358,18.358
2011-07-14 07:00:00,5.124,5.124,5.124,5.124,5.124,5.124,5.124,5.124,5.124,5.124,5.124,5.124
2011-07-14 08:00:00,4.043,4.043,4.043,4.043,4.043,4.043,4.043,4.043,4.043,4.043,4.043,4.043
2011-07-14 09:00:00,4.468,4.468,4.468,4.468,4.468,4.468,4.468,4.468,4.468,4.468,4.468,4.468
2011-07-14 10:00:00,4.611,4.611,4.611,4.611,4.611,4.611,4.611,4.611,4.611,4.611,4.611,4.611
2011-07-14 11:00:00,4.468,4.468,4.468,4.468,4.468,4.468,4.468,4.468,4.468,4.468,4.468,4.468
2011-07-14 12:00:00,4.468,4.468,4.468,4.468,4.468,4.468,4.468,4.468,4.468,4.468,4.468,4.468
2011-07-14 13:00:00,4.544,4.544,4.544,4.544,4.544,4.544,4.544,4.544,4.544,4.544,4.544,4.544
2011-07-14 14:00:00,4.626,4.626,4.626,4.626,4.626,4.626,4.626,4.626,4.626,4.626,4.626,4.626
2011-07-14 15:00:00,17.805,17.805,17.805,17.805,17.805,17.805,17.805,17.805,17.805,17.805,17.805,17.805
2011-07-14 16:00:00,18.99,18.99,18.99,18.99,18.99,18.99,18.99,18.99,18.99,18.99,18.99,18.99
2011-07-14 17:00:00,18.99,18.99,18.99,18.99,18.99,18.99,18.99,18.99,18.99,18.99,18.99,18.99
2011-07-14 18:00:00,18.99,18.99,18.99,18.99,18.99,18.99,18.99,18.99,18.99,18.99,18.99,18.99
2011-07-14 19:00:00,18.99,18.99,18.99,18.99,18.99,18.99,18.99,18.99,18.99,18.99,18.99,18.99
2011-07-14 20:00:00,18.99,18.99,18.99,18.99,18.99,18.99,18.99,18.99,18.99,18.99,18.99,18.99
2011-07-14 21:00:00,18.99,18.99,18.99,18.99,18.99,18.99,18.99,18.99,18.99,18.99,18.99,18.99
2011-07-14 22:00:00,18.99,18.99,18.99,18.99,18.99,18.99,18.99,18.99,18.99,18.99,18.99,18.99
2011-07-14 23:00:00,18.99,18.99,18.99,18.99,18.99,18.99,18.99,18.99,18.99,18.99,18.99,18.99
2011-07-15 00:00:00,18.655,18.655,18.655,18.655,18.655,18.655,18.655,18.655,18.655,18.655,18.655,18.655
2011-07-15 01:00:00,18.655,18.655,18.655,18.655,18.655,18.655,18.655,18.655,18.655,18.655,18.655,18.655
2011-07-15 02:00:00,18.655,18.655,18.655,18.655,18.655,18.655,18.655,18.655,18.655,18.655,18.655,18.655
2011-07-15 03:00:00,18.655,18.655,18.655,18.655,18.655,18.655,18.655,18.655,18.655,18.655,18.655,18.655
2011-07-15 04:00:00,18.655,18.655,18.655,18.655,18.655,18.655,18.655,18.655,18.655,18.655,18.655,18.655
2011-07-15 05:00:00,18.655,18.655,18.655,18.655,18.655,18.655,18.655,18.655,18.655,18.655,18.655,18.655
2011-07-15 06:00:00,17.699,17.699,17.699,17.699,17.699,17.699,17.699,17.699,17.699,17.699,17.699,17.699
2011-07-15 07:00:00,16.171,16.171,16.171,16.171,16.171,16.171,16.171,16.171,16.171,16.171,16.171,16.171
2011-07-15 08:00:00,5.62,5.62,5.62,5.62,5.62,5.62,5.62,5.62,5.62,5.62,5.62,5.62
2011-07-15 09:00:00,3.953,3.953,3.953,3.953,3.953,3.953,3.953,3.953,3.953,3.953,3.953,3.953
2011-07-15 10:00:00,3.953,3.953,3.953,3.953,3.953,3.953,3.953,3.953,3.953,3.953,3.953,3.953
2011-07-15 11:00:00,3.953,3.953,3.953,3.953,3.953,3.953,3.953,3.953,3.953,3.953,3.953,3.953
2011-07-15 12:00:00,3.953,3.953,3.953,3.953,3.953,3.953,3.953,3.953,3.953,3.953,3.953,3.953
2011-07-15 13:00:00,3.953,3.953,3.953,3.953,3.953,3.953,3.953,3.953,3.953,3.953,3.953,3.953
2011-07-15 14:00:00,4.106,4.106,4.106,4.106,4.106,4.106,4.106,4.106,4.106,4.106,4.106,4.106
2011-07-15 15:00:00,17.116,17.116,17.116,17.116,17.116,17.116,17.116,17.116,17.116,17.116,17.116,17.116
2011-07-15 16:00:00,18.655,18.655,18.655,18.655,18.655,18.655,18.655,18.655,18.655,18.655,18.655,18.655
2011-07-15 17:00:00,18.655,18.655,18.655,18.655,18.655,18.655,18.655,18.655,18.655,18.655,18.655,18.655
2011-07-15 18:00:00,18.655,18.655,18.655,18.655,18.655,18.655,18.655,18.655,18.655,18.655,18.655,18.655
2011-07-15 19:00:00,18.655,18.655,18.655,18.655,18.655,18.655,18.655,18.655,18.655,18.655,18.655,18.655
2011-07-15 20:00:00,18.655,18.655,18.655,18.655,18.655,18.655,18.655,18.655,18.655,18.655,18.655,18.655
2011-07-15 21:00:00,18.655,18.655,18.655,18.655,18.655,18.655,18.655,18.655,18.655,18.655,18.655,18.655
2011-07-15 22:00:00,18.655,18.655,18.655,18.655,18.655,18.655,18.655,18.655,18.655,18.655,18.655,18.655
2011-07-15 23:00:00,18.655,18.655,18.655,18.655,18.655,18.655,18.655,18.655,18.655,18.655,18.655,18.655
2011-07-16 00:00:00,14.883,14.883,14.883,14.883,14.883,14.883,14.883,14.883,14.883,14.883,14.883,14.883
2011-07-16 01:00:00,14.883,14.883,14.883,14.883,14.883,14.883,14.883,14.883,14.883,14.883,14.883,14.883
2011-07-16 02:00:00,14.883,14.883,14.883,14.883,14.883,14.883,14.883,14.883,14.883,14.883,14.883,14.883
2011-07-16 03:00:00,14.883,14.883,14.883,14.883,14.883,14.883,14.883,14.883,14.883,14.883,14.883,14.883
2011-07-16 04:00:00,14.883,14.883,14.883,14.883,14.883,14.883,14.883,14.883,14.883,14.883,14.883,14.883
2011-07-16 05:00:00,14.883,14.883,14.883,14.883,14.883,14.883,14.883,14.883,14.883,14.883,14.883,14.883
2011-07-16 06:00:00,14.883,14.883,14.883,14.883,14.883,14.883,14.883,14.883,14.883,14.883,14.883,14.883
2011-07-16 07:00:00,14.372,14.372,14.372,14.372,14.372,14.372,14.372,14.372,14.372,14.372,14.372,14.372
2011-07-16 08:00:00,3.473,3.473,3.473,3.473,3.473,3.473,3.473,3.473,3.473,3.473,3.473,3.473
2011-07-16 09:00:00,3.46,3.46,3.46,3.46,3.46,3.46,3.46,3.46,3.46,3.46,3.46,3.46
2011-07-16 10:00:00,3.46,3.46,3.46,3.46,3.46,3.46,3.46,3.46,3.46,3.46,3.46,3.46
2011-07-16 11:00:00,3.46,3.46,3.46,3.46,3.46,3.46,3.46,3.46,3.46,3.46,3.46,3.46
2011-07-16 12:00:00,3.557,3.557,3.557,3.557,3.557,3.557,3.557,3.557,3.557,3.557,3.557,3.557
2011-07-16 13:00:00,3.831,3.831,3.831,3.831,3.831,3.831,3.831,3.831,3.831,3.831,3.831,3.831
2011-07-16 14:00:00,14.271,14.271,14.271,14.271,14.271,14.271,14.271,14.271,14.271,14.271,14.271,14.271
2011-07-16 15:00:00,14.883,14.883,14.883,14.883,14.883,14.883,14.883,14.883,14.883,14.883,14.883,14.883
2011-07-16 16:00:00,14.883,14.883,14.883,14.883,14.883,14.883,14.883,14.883,14.883,14.883,14.883,14.883
2011-07-16 17:00:00,15.131,15.131,15.131,15.131,15.131,15.131,15.131,15.131,15.131,15.131,15.131,15.131
2011-07-16 18:00:00,15.131,15.131,15.131,15.131,15.131,15.131,15.131,15.131,15.131,15.131,15.131,15.131
2011-07-16 19:00:00,15.131,15.131,15.131,15.131,15.131,15.131,15.131,15.131,15.131,15.131,15.131,15.131
2011-07-16 20:00:00,14.883,14.883,14.883,14.883,14.883,14.883,14.883,14.883,14.883,14.883,14.883,14.883
2011-07-16 21:00:00,14.883,14.883,14.883,14.883,14.883,14.883,14.883,14.883,14.883,14.883,14.883,14.883
2011-07-16 22:00:00,14.883,14.883,14.883,14.883,14.883,14.883,14.883,14.883,14.883,14.883,14.883,14.883
2011-07-16 23:00:00,14.883,14.883,14.883,14.883,14.883,14.883,14.883,14.883,14.883,14.883,14.883,14.883
2011-07-17 00:00:00,4.345,4.345,4.345,4.345,4.345,4.345,4.345,4.345,4.345,4.345,4.345,4.345
2011-07-17 01:00:00,4.345,4.345,4.345,4.345,4.345,4.345,4.345,4.345,4.345,4.345,4.345,4.345
2011-07-17 02:00:00,4.345,4.345,4.345,4.345,4.345,4.345,4.345,4.345,4.345,4.345,4.345,4.345
2011-07-17 03:00:00,4.345,4.345,4.345,4.345,4.345,4.345,4.345,4.345,4.345,4.345,4.345,4.345
2011-07-17 04:00:00,4.345,4.345,4.345,4.345,4.345,4.345,4.345,4.345,4.345,4.345,4.345,4.345
2011-07-17 05:00:00,4.345,4.345,4.345,4.345,4.345,4.345,4.345,4.345,4.345,4.345,4.345,4.345
2011-07-17 06:00:00,4.345,4.345,4.345,4.345,4.345,4.345,4.345,4.345,4.345,4.345,4.345,4.345
2011-07-17 07:00:00,4.345,4.345,4.345,4.345,4.345,4.345,4.345,4.345,4.345,4.345,4.345,4.345
2011-07-17 08:00:00,3.46,3.46,3.46,3.46,3.46,3.46,3.46,3.46,3.46,3.46,3.46,3.46
2011-07-17 09:00:00,3.384,3.384,3.384,3.384,3.384,3.384,3.384,3.384,3.384,3.384,3.384,3.384
2011-07-17 10:00:00,3.384,3.384,3.384,3.384,3.384,3.384,3.384,3.384,3.384,3.384,3.384,3.384
2011-07-17 11:00:00,3.309,3.309,3.309,3.309,3.309,3.309,3.309,3.309,3.309,3.309,3.309,3.309
2011-07-17 12:00:00,3.26,3.26,3.26,3.26,3.26,3.26,3.26,3.26,3.26,3.26,3.26,3.26
2011-07-17 13:00:00,3.26,3.26,3.26,3.26,3.26,3.26,3.26,3.26,3.26,3.26,3.26,3.26
2011-07-17 14:00:00,3.308,3.308,3.308,3.308,3.308,3.308,3.308,3.308,3.308,3.308,3.308,3.308
2011-07-17 15:00:00,4.211,4.211,4.211,4.211,4.211,4.211,4.211,4.211,4.211,4.211,4.211,4.211
2011-07-17 16:00:00,4.251,4.251,4.251,4.251,4.251,4.251,4.251,4.251,4.251,4.251,4.251,4.251
2011-07-17 17:00:00,4.345,4.345,4.345,4.345,4.345,4.345,4.345,4.345,4.345,4.345,4.345,4.345
2011-07-17 18:00:00,4.345,4.345,4.345,4.345,4.345,4.345,4.345,4.345,4.345,4.345,4.345,4.345
2011-07-17 19:00:00,4.345,4.345,4.345,4.345,4.345,4.345,4.345,4.345,4.345,4.345,4.345,4.345
2011-07-17 20:00:00,4.345,4.345,4.345,4.345,4.345,4.345,4.345,4.345,4.345,4.345,4.345,4.345
2011-07-17 21:00:00,4.345,4.345,4.345,4.345,4.345,4.345,4.345,4.345,4.345,4.345,4.345,4.345
2011-07-17 22:00:00,4.345,4.345,4.345,4.345,4.345,4.345,4.345,4.345,4.345,4.345,4.345,4.345
2011-07-17 23:00:00,4.345,4.345,4.345,4.345,4.345,4.345,4.345,4.345,4.345,4.345,4.345,4.345
2011-07-18 00:00:00,18.064,18.064,18.064,18.064,18.064,18.064,18.064,18.064,18.064,18.064,18.064,18.064
2011-07-18 01:00:00,17.982,17.982,17.982,17.982,17.982,17.982,17.982,17.982,17.982,17.982,17.982,17.982
2011-07-18 02:00:00,17.982,17.982,17.982,17.982,17.982,17.982,17.982,17.982,17.982,17.982,17.982,17.982
2011-07-18 03:00:00,17.982,17.982,17.982,17.982,17.982,17.982,17.982,17.982,17.982,17.982,17.982,17.982
2011-07-18 04:00:00,17.841,17.841,17.841,17.841,17.841,17.841,17.841,17.841,17.841,17.841,17.841,17.841
2011-07-18 05:00:00,17.945,17.945,17.945,17.945,17.945,17.945,17.945,17.945,17.945,17.945,17.945,17.945
2011-07-18 06:00:00,15.881,15.881,15.881,15.881,15.881,15.881,15.881,15.881,15.881,15.881,15.881,15.881
2011-07-18 07:00:00,3.523,3.523,3.523,3.523,3.523,3.523,3.523,3.523,3.523,3.523,3.523,3.523
2011-07-18 08:00:00,3.332,3.332,3.332,3.332,3.332,3.332,3.332,3.332,3.332,3.332,3.332,3.332
2011-07-18 09:00:00,3.328,3.328,3.328,3.328,3.328,3.328,3.328,3.328,3.328,3.328,3.328,3.328
2011-07-18 10:00:00,3.328,3.328,3.328,3.328,3.328,3.328,3.328,3.328,3.328,3.328,3.328,3.328
2011-07-18 11:00:00,3.328,3.328,3.328,3.328,3.328,3.328,3.328,3.328,3.328,3.328,3.328,3.328
2011-07-18 12:00:00,3.328,3.328,3.328,3.328,3.328,3.328,3.328,3.328,3.328,3.328,3.328,3.328
2011-07-18 13:00:00,3.405,3.405,3.405,3.405,3.405,3.405,3.405,3.405,3.405,3.405,3.405,3.405
2011-07-18 14:00:00,3.578,3.578,3.578,3.578,3.578,3.578,3.578,3.578,3.578,3.578,3.578,3.578
2011-07-18 15:00:00,3.936,3.936,3.936,3.936,3.936,3.936,3.936,3.936,3.936,3.936,3.936,3.936
2011-07-18 16:00:00,17.785,17.785,17.785,17.785,17.785,17.785,17.785,17.785,17.785,17.785,17.785,17.785
2011-07-18 17:00:00,17.841,17.841,17.841,17.841,17.841,17.841,17.841,17.841,17.841,17.841,17.841,17.841
2011-07-18 18:00:00,17.841,17.841,17.841,17.841,17.841,17.841,17.841,17.841,17.841,17.841,17.841,17.841
2011-07-18 19:00:00,17.841,17.841,17.841,17.841,17.841,17.841,17.841,17.841,17.841,17.841,17.841,17.841
2011-07-18 20:00:00,17.841,17.841,17.841,17.841,17.841,17.841,17.841,17.841,17.841,17.841,17.841,17.841
2011-07-18 21:00:00,17.841,17.841,17.841,17.841,17.841,17.841,17.841,17.841,17.841,17.841,17.841,17.841
2011-07-18 22:00:00,17.841,17.841,17.841,17.841,17.841,17.841,17.841,17.841,17.841,17.841,17.841,17.841
2011-07-18 23:00:00,17.841,17.841,17.841,17.841,17.841,17.841,17.841,17.841,17.841,17.841,17.841,17.841
2011-07-19 00:00:00,21.285,21.285,21.285,21.285,21.285,21.285,21.285,21.285,21.285,21.285,21.285,21.285
2011-07-19 01:00:00,21.285,21.285,21.285,21.285,21.285,21.285,21.285,21.285,21.285,21.285,21.285,21.285
2011-07-19 02:00:00,21.285,21.285,21.285,21.285,21.285,21.285,21.285,21.285,21.285,21.285,21.285,21.285
2011-07-19 03:00:00,21.285,21.285,21.285,21.285,21.285,21.285,21.285,21.285,21.285,21.285,21.285,21.285
2011-07-19 04:00:00,21.285,21.285,21.285,21.285,21.285,21.285,21.285,21.285,21.285,21.285,21.285,21.285
2011-07-19 05:00:00,21.285,21.285,21.285,21.285,21.285,21.285,21.285,21.285,21.285,21.285,21.285,21.285
2011-07-19 06:00:00,19.67,19.67,19.67,19.67,19.67,19.67,19.67,19.67,19.67,19.67,19.67,19.67
2011-07-19 07:00:00,16.588,16.588,16.588,16.588,16.588,16.588,16.588,16.588,16.588,16.588,16.588,16.588
2011-07-19 08:00:00,5.974,5.974,5.974,5.974,5.974,5.974,5.974,5.974,5.974,5.974,5.974,5.974
2011-07-19 09:00:00,5.815,5.815,5.815,5.815,5.815,5.815,5.815,5.815,5.815,5.815,5.815,5.815
2011-07-19 10:00:00,7.284,7.284,7.284,7.284,7.284,7.284,7.284,7.284,7.284,7.284,7.284,7.284
2011-07-19 11:00:00,17.494,17.494,17.494,17.494,17.494,17.494,17.494,17.494,17.494,17.494,17.494,17.494
2011-07-19 12:00:00,18.31,18.31,18.31,18.31,18.31,18.31,18.31,18.31,18.31,18.31,18.31,18.31
2011-07-19 13:00:00,18.803,18.803,18.803,18.803,18.803,18.803,18.803,18.803,18.803,18.803,18.803,18.803
2011-07-19 14:00:00,19.067,19.067,19.067,19.067,19.067,19.067,19.067,19.067,19.067,19.067,19.067,19.067
2011-07-19 15:00:00,21.147,21.147,21.147,21.147,21.147,21.147,21.147,21.147,21.147,21.147,21.147,21.147
2011-07-19 16:00:00,21.285,21.285,21.285,21.285,21.285,21.285,21.285,21.285,21.285,21.285,21.285,21.285
2011-07-19 17:00:00,21.555,21.555,21.555,21.555,21.555,21.555,21.555,21.555,21.555,21.555,21.555,21.555
2011-07-19 18:00:00,21.583,21.583,21.583,21.583,21.583,21.583,21.583,21.583,21.583,21.583,21.583,21.583
2011-07-19 19:00:00,21.345,21.345,21.345,21.345,21.345,21.345,21.345,21.345,21.345,21.345,21.345,21.345
2011-07-19 20:00:00,21.345,21.345,21.345,21.345,21.345,21.345,21.345,21.345,21.345,21.345,21.345,21.345
2011-07-19 21:00:00,21.285,21.285,21.285,21.285,21.285,21.285,21.285,21.285,21.285,21.285,21.285,21.285
2011-07-19 22:00:00,21.285,21.285,21.285,21.285,21.285,21.285,21.285,21.285,21.285,21.285,21.285,21.285
2011-07-19 23:00:00,21.285,21.285,21.285,21.285,21.285,21.285,21.285,21.285,21.285,21.285,21.285,21.285
2011-07-20 00:00:00,21.089,21.089,21.089,21.089,21.089,21.089,21.089,21.089,21.089,21.089,21.089,21.089
2011-07-20 01:00:00,21.089,21.089,21.089,21.089,21.089,21.089,21.089,21.089,21.089,21.089,21.089,21.089
2011-07-20 02:00:00,21.089,21.089,21.089,21.089,21.089,21.089,21.089,21.089,21.089,21.089,21.089,21.089
2011-07-20 03:00:00,21.089,21.089,21.089,21.089,21.089,21.089,21.089,21.089,21.089,21.089,21.089,21.089
2011-07-20 04:00:00,21.089,21.089,21.089,21.089,21.089,21.089,21.089,21.089,21.089,21.089,21.089,21.089
2011-07-20 05:00:00,21.224,21.224,21.224,21.224,21.224,21.224,21.224,21.224,21.224,21.224,21.224,21.224
2011-07-20 06:00:00,19.938,19.938,19.938,19.938,19.938,19.938,19.938,19.938,19.938,19.938,19.938,19.938
2011-07-20 07:00:00,17.869,17.869,17.869,17.869,17.869,17.869,17.869,17.869,17.869,17.869,17.869,17.869
2011-07-20 08:00:00,17.411,17.411,17.411,17.411,17.411,17.411,17.411,17.411,17.411,17.411,17.411,17.411
2011-07-20 09:00:00,16.742,16.742,16.742,16.742,16.742,16.742,16.742,16.742,16.742,16.742,16.742,16.742
2011-07-20 10:00:00,16.791,16.791,16.791,16.791,16.791,16.791,16.791,16.791,16.791,16.791,16.791,16.791
2011-07-20 11:00:00,16.742,16.742,16.742,16.742,16.742,16.742,16.742,16.742,16.742,16.742,16.742,16.742
2011-07-20 12:00:00,16.742,16.742,16.742,16.742,16.742,16.742,16.742,16.742,16.742,16.742,16.742,16.742
2011-07-20 13:00:00,17.036,17.036,17.036,17.036,17.036,17.036,17.036,17.036,17.036,17.036,17.036,17.036
2011-07-20 14:00:00,17.213,17.213,17.213,17.213,17.213,17.213,17.213,17.213,17.213,17.213,17.213,17.213
2011-07-20 15:00:00,18.725,18.725,18.725,18.725,18.725,18.725,18.725,18.725,18.725,18.725,18.725,18.725
2011-07-20 16:00:00,21.089,21.089,21.089,21.089,21.089,21.089,21.089,21.089,21.089,21.089,21.089,21.089
2011-07-20 17:00:00,21.089,21.089,21.089,21.089,21.089,21.089,21.089,21.089,21.089,21.089,21.089,21.089
2011-07-20 18:00:00,21.089,21.089,21.089,21.089,21.089,21.089,21.089,21.089,21.089,21.089,21.089,21.089
2011-07-20 19:00:00,21.089,21.089,21.089,21.089,21.089,21.089,21.089,21.089,21.089,21.089,21.089,21.089
2011-07-20 20:00:00,21.089,21.089,21.089,21.089,21.089,21.089,21.089,21.089,21.089,21.089,21.089,21.089
2011-07-20 21:00:00,21.089,21.089,21.089,21.089,21.089,21.089,21.089,21.089,21.089,21.089,21.089,21.089
2011-07-20 22:00:00,21.089,21.089,21.089,21.089,21.089,21.089,21.089,21.089,21.089,21.089,21.089,21.089
2011-07-20 23:00:00,21.089,21.089,21.089,21.089,21.089,21.089,21.089,21.089,21.089,21.089,21.089,21.089
2011-07-21 00:00:00,18.662,18.662,18.662,18.662,18.662,18.662,18.662,18.662,18.662,18.662,18.662,18.662
2011-07-21 01:00:00,18.662,18.662,18.662,18.662,18.662,18.662,18.662,18.662,18.662,18.662,18.662,18.662
2011-07-21 02:00:00,18.662,18.662,18.662,18.662,18.662,18.662,18.662,18.662,18.662,18.662,18.662,18.662
2011-07-21 03:00:00,18.662,18.662,18.662,18.662,18.662,18.662,18.662,18.662,18.662,18.662,18.662,18.662
2011-07-21 04:00:00,18.549,18.549,18.549,18.549,18.549,18.549,18.549,18.549,18.549,18.549,18.549,18.549
2011-07-21 05:00:00,19.073,19.073,19.073,19.073,19.073,19.073,19.073,19.073,19.073,19.073,19.073,19.073
2011-07-21 06:00:00,18.33,18.33,18.33,18.33,18.33,18.33,18.33,18.33,18.33,18.33,18.33,18.33
2011-07-21 07:00:00,18.034,18.034,18.034,18.034,18.034,18.034,18.034,18.034,18.034,18.034,18.034,18.034
2011-07-21 08:00:00,17.426,17.426,17.426,17.426,17.426,17.426,17.426,17.426,17.426,17.426,17.426,17.426
2011-07-21 09:00:00,17.146,17.146,17.146,17.146,17.146,17.146,17.146,17.146,17.146,17.146,17.146,17.146
2011-07-21 10:00:00,16.986,16.986,16.986,16.986,16.986,16.986,16.986,16.986,16.986,16.986,16.986,16.986
2011-07-21 11:00:00,14.195,14.195,14.195,14.195,14.195,14.195,14.195,14.195,14.195,14.195,14.195,14.195
2011-07-21 12:00:00,13.568,13.568,13.568,13.568,13.568,13.568,13.568,13.568,13.568,13.568,13.568,13.568
2011-07-21 13:00:00,13.568,13.568,13.568,13.568,13.568,13.568,13.568,13.568,13.568,13.568,13.568,13.568
2011-07-21 14:00:00,13.568,13.568,13.568,13.568,13.568,13.568,13.568,13.568,13.568,13.568,13.568,13.568
2011-07-21 15:00:00,16.595,16.595,16.595,16.595,16.595,16.595,16.595,16.595,16.595,16.595,16.595,16.595
2011-07-21 16:00:00,18.549,18.549,18.549,18.549,18.549,18.549,18.549,18.549,18.549,18.549,18.549,18.549
2011-07-21 17:00:00,18.549,18.549,18.549,18.549,18.549,18.549,18.549,18.549,18.549,18.549,18.549,18.549
2011-07-21 18:00:00,18.549,18.549,18.549,18.549,18.549,18.549,18.549,18.549,18.549,18.549,18.549,18.549
2011-07-21 19:00:00,18.549,18.549,18.549,18.549,18.549,18.549,18.549,18.549,18.549,18.549,18.549,18.549
2011-07-21 20:00:00,18.549,18.549,18.549,18.549,18.549,18.549,18.549,18.549,18.549,18.549,18.549,18.549
2011-07-21 21:00:00,18.549,18.549,18.549,18.549,18.549,18.549,18.549,18.549,18.549,18.549,18.549,18.549
2011-07-21 22:00:00,18.549,18.549,18.549,18.549,18.549,18.549,18.549,18.549,18.549,18.549,18.549,18.549
2011-07-21 23:00:00,18.549,18.549,18.549,18.549,18.549,18.549,18.549,18.549,18.549,18.549,18.549,18.549
2011-07-22 00:00:00,17.754,17.754,17.754,17.754,17.754,17.754,17.754,17.754,17.754,17.754,17.754,17.754
2011-07-22 01:00:00,17.754,17.754,17.754,17.754,17.754,17.754,17.754,17.754,17.754,17.754,17.754,17.754
2011-07-22 02:00:00,17.754,17.754,17.754,17.754,17.754,17.754,17.754,17.754,17.754,17.754,17.754,17.754
2011-07-22 03:00:00,17.754,17.754,17.754,17.754,17.754,17.754,17.754,17.754,17.754,17.754,17.754,17.754
2011-07-22 04:00:00,17.754,17.754,17.754,17.754,17.754,17.754,17.754,17.754,17.754,17.754,17.754,17.754
2011-07-22 05:00:00,17.754,17.754,17.754,17.754,17.754,17.754,17.754,17.754,17.754,17.754,17.754,17.754
2011-07-22 06:00:00,16.701,16.701,16.701,16.701,16.701,16.701,16.701,16.701,16.701,16.701,16.701,16.701
2011-07-22 07:00:00,4.957,4.957,4.957,4.957,4.957,4.957,4.957,4.957,4.957,4.957,4.957,4.957
2011-07-22 08:00:00,3.832,3.832,3.832,3.832,3.832,3.832,3.832,3.832,3.832,3.832,3.832,3.832
2011-07-22 09:00:00,3.786,3.786,3.786,3.786,3.786,3.786,3.786,3.786,3.786,3.786,3.786,3.786
2011-07-22 10:00:00,3.8,3.8,3.8,3.8,3.8,3.8,3.8,3.8,3.8,3.8,3.8,3.8
2011-07-22 11:00:00,3.826,3.826,3.826,3.826,3.826,3.826,3.826,3.826,3.826,3.826,3.826,3.826
2011-07-22 12:00:00,3.869,3.869,3.869,3.869,3.869,3.869,3.869,3.869,3.869,3.869,3.869,3.869
2011-07-22 13:00:00,3.923,3.923,3.923,3.923,3.923,3.923,3.923,3.923,3.923,3.923,3.923,3.923
2011-07-22 14:00:00,3.936,3.936,3.936,3.936,3.936,3.936,3.936,3.936,3.936,3.936,3.936,3.936
2011-07-22 15:00:00,16.405,16.405,16.405,16.405,16.405,16.405,16.405,16.405,16.405,16.405,16.405,16.405
2011-07-22 16:00:00,17.754,17.754,17.754,17.754,17.754,17.754,17.754,17.754,17.754,17.754,17.754,17.754
2011-07-22 17:00:00,17.754,17.754,17.754,17.754,17.754,17.754,17.754,17.754,17.754,17.754,17.754,17.754
2011-07-22 18:00:00,17.754,17.754,17.754,17.754,17.754,17.754,17.754,17.754,17.754,17.754,17.754,17.754
2011-07-22 19:00:00,17.754,17.754,17.754,17.754,17.754,17.754,17.754,17.754,17.754,17.754,17.754,17.754
2011-07-22 20:00:00,17.754,17.754,17.754,17.754,17.754,17.754,17.754,17.754,17.754,17.754,17.754,17.754
2011-07-22 21:00:00,17.754,17.754,17.754,17.754,17.754,17.754,17.754,17.754,17.754,17.754,17.754,17.754
2011-07-22 22:00:00,17.754,17.754,17.754,17.754,17.754,17.754,17.754,17.754,17.754,17.754,17.754,17.754
2011-07-22 23:00:00,17.754,17.754,17.754,17.754,17.754,17.754,17.754,17.754,17.754,17.754,17.754,17.754
2011-07-23 00:00:00,3.831,3.831,3.831,3.831,3.831,3.831,3.831,3.831,3.831,3.831,3.831,3.831
2011-07-23 01:00:00,3.831,3.831,3.831,3.831,3.831,3.831,3.831,3.831,3.831,3.831,3.831,3.831
2011-07-23 02:00:00,3.831,3.831,3.831,3.831,3.831,3.831,3.831,3.831,3.831,3.831,3.831,3.831
2011-07-23 03:00:00,3.831,3.831,3.831,3.831,3.831,3.831,3.831,3.831,3.831,3.831,3.831,3.831
2011-07-23 04:00:00,3.831,3.831,3.831,3.831,3.831,3.831,3.831,3.831,3.831,3.831,3.831,3.831
2011-07-23 05:00:00,3.831,3.831,3.831,3.831,3.831,3.831,3.831,3.831,3.831,3.831,3.831,3.831
2011-07-23 06:00:00,3.831,3.831,3.831,3.831,3.831,3.831,3.831,3.831,3.831,3.831,3.831,3.831
2011-07-23 07:00:00,3.818,3.818,3.818,3.818,3.818,3.818,3.818,3.818,3.818,3.818,3.818,3.818
2011-07-23 08:00:00,3.308,3.308,3.308,3.308,3.308,3.308,3.308,3.308,3.308,3.308,3.308,3.308
2011-07-23 09:00:00,3.308,3.308,3.308,3.308,3.308,3.308,3.308,3.308,3.308,3.308,3.308,3.308
2011-07-23 10:00:00,3.308,3.308,3.308,3.308,3.308,3.308,3.308,3.308,3.308,3.308,3.308,3.308
2011-07-23 11:00:00,3.308,3.308,3.308,3.308,3.308,3.308,3.308,3.308,3.308,3.308,3.308,3.308
2011-07-23 12:00:00,3.308,3.308,3.308,3.308,3.308,3.308,3.308,3.308,3.308,3.308,3.308,3.308
2011-07-23 13:00:00,3.308,3.308,3.308,3.308,3.308,3.308,3.308,3.308,3.308,3.308,3.308,3.308
2011-07-23 14:00:00,3.368,3.368,3.368,3.368,3.368,3.368,3.368,3.368,3.368,3.368,3.368,3.368
2011-07-23 15:00:00,3.831,3.831,3.831,3.831,3.831,3.831,3.831,3.831,3.831,3.831,3.831,3.831
2011-07-23 16:00:00,3.831,3.831,3.831,3.831,3.831,3.831,3.831,3.831,3.831,3.831,3.831,3.831
2011-07-23 17:00:00,3.831,3.831,3.831,3.831,3.831,3.831,3.831,3.831,3.831,3.831,3.831,3.831
2011-07-23 18:00:00,3.831,3.831,3.831,3.831,3.831,3.831,3.831,3.831,3.831,3.831,3.831,3.831
2011-07-23 19:00:00,3.831,3.831,3.831,3.831,3.831,3.831,3.831,3.831,3.831,3.831,3.831,3.831
2011-07-23 20:00:00,3.912,3.912,3.912,3.912,3.912,3.912,3.912,3.912,3.912,3.912,3.912,3.912
2011-07-23 21:00:00,3.912,3.912,3.912,3.912,3.912,3.912,3.912,3.912,3.912,3.912,3.912,3.912
2011-07-23 22:00:00,3.831,3.831,3.831,3.831,3.831,3.831,3.831,3.831,3.831,3.831,3.831,3.831
2011-07-23 23:00:00,3.847,3.847,3.847,3.847,3.847,3.847,3.847,3.847,3.847,3.847,3.847,3.847
2011-07-24 00:00:00,19.259,19.259,19.259,19.259,19.259,19.259,19.259,19.259,19.259,19.259,19.259,19.259
2011-07-24 01:00:00,19.259,19.259,19.259,19.259,19.259,19.259,19.259,19.259,19.259,19.259,19.259,19.259
2011-07-24 02:00:00,19.259,19.259,19.259,19.259,19.259,19.259,19.259,19.259,19.259,19.259,19.259,19.259
2011-07-24 03:00:00,19.087,19.087,19.087,19.087,19.087,19.087,19.087,19.087,19.087,19.087,19.087,19.087
2011-07-24 04:00:00,19.087,19.087,19.087,19.087,19.087,19.087,19.087,19.087,19.087,19.087,19.087,19.087
2011-07-24 05:00:00,19.087,19.087,19.087,19.087,19.087,19.087,19.087,19.087,19.087,19.087,19.087,19.087
2011-07-24 06:00:00,19.087,19.087,19.087,19.087,19.087,19.087,19.087,19.087,19.087,19.087,19.087,19.087
2011-07-24 07:00:00,19.087,19.087,19.087,19.087,19.087,19.087,19.087,19.087,19.087,19.087,19.087,19.087
2011-07-24 08:00:00,5.317,5.317,5.317,5.317,5.317,5.317,5.317,5.317,5.317,5.317,5.317,5.317
2011-07-24 09:00:00,3.419,3.419,3.419,3.419,3.419,3.419,3.419,3.419,3.419,3.419,3.419,3.419
2011-07-24 10:00:00,3.419,3.419,3.419,3.419,3.419,3.419,3.419,3.419,3.419,3.419,3.419,3.419
2011-07-24 11:00:00,3.419,3.419,3.419,3.419,3.419,3.419,3.419,3.419,3.419,3.419,3.419,3.419
2011-07-24 12:00:00,3.419,3.419,3.419,3.419,3.419,3.419,3.419,3.419,3.419,3.419,3.419,3.419
2011-07-24 13:00:00,3.419,3.419,3.419,3.419,3.419,3.419,3.419,3.419,3.419,3.419,3.419,3.419
2011-07-24 14:00:00,5.396,5.396,5.396,5.396,5.396,5.396,5.396,5.396,5.396,5.396,5.396,5.396
2011-07-24 15:00:00,19.087,19.087,19.087,19.087,19.087,19.087,19.087,19.087,19.087,19.087,19.087,19.087
2011-07-24 16:00:00,19.087,19.087,19.087,19.087,19.087,19.087,19.087,19.087,19.087,19.087,19.087,19.087
2011-07-24 17:00:00,19.087,19.087,19.087,19.087,19.087,19.087,19.087,19.087,19.087,19.087,19.087,19.087
2011-07-24 18:00:00,19.087,19.087,19.087,19.087,19.087,19.087,19.087,19.087,19.087,19.087,19.087,19.087
2011-07-24 19:00:00,19.087,19.087,19.087,19.087,19.087,19.087,19.087,19.087,19.087,19.087,19.087,19.087
2011-07-24 20:00:00,19.087,19.087,19.087,19.087,19.087,19.087,19.087,19.087,19.087,19.087,19.087,19.087
2011-07-24 21:00:00,19.087,19.087,19.087,19.087,19.087,19.087,19.087,19.087,19.087,19.087,19.087,19.087
2011-07-24 22:00:00,19.087,19.087,19.087,19.087,19.087,19.087,19.087,19.087,19.087,19.087,19.087,19.087
2011-07-24 23:00:00,19.087,19.087,19.087,19.087,19.087,19.087,19.087,19.087,19.087,19.087,19.087,19.087
2011-07-25 00:00:00,23.669,23.669,23.669,23.669,23.669,23.669,23.669,23.669,23.669,23.669,23.669,23.669
2011-07-25 01:00:00,23.669,23.669,23.669,23.669,23.669,23.669,23.669,23.669,23.669,23.669,23.669,23.669
2011-07-25 02:00:00,23.669,23.669,23.669,23.669,23.669,23.669,23.669,23.669,23.669,23.669,23.669,23.669
2011-07-25 03:00:00,23.669,23.669,23.669,23.669,23.669,23.669,23.669,23.669,23.669,23.669,23.669,23.669
2011-07-25 04:00:00,23.669,23.669,23.669,23.669,23.669,23.669,23.669,23.669,23.669,23.669,23.669,23.669
2011-07-25 05:00:00,23.669,23.669,23.669,23.669,23.669,23.669,23.669,23.669,23.669,23.669,23.669,23.669
2011-07-25 06:00:00,18.892,18.892,18.892,18.892,18.892,18.892,18.892,18.892,18.892,18.892,18.892,18.892
2011-07-25 07:00:00,9.681,9.681,9.681,9.681,9.681,9.681,9.681,9.681,9.681,9.681,9.681,9.681
2011-07-25 08:00:00,9.455,9.455,9.455,9.455,9.455,9.455,9.455,9.455,9.455,9.455,9.455,9.455
2011-07-25 09:00:00,9.455,9.455,9.455,9.455,9.455,9.455,9.455,9.455,9.455,9.455,9.455,9.455
2011-07-25 10:00:00,9.455,9.455,9.455,9.455,9.455,9.455,9.455,9.455,9.455,9.455,9.455,9.455
2011-07-25 11:00:00,11.952,11.952,11.952,11.952,11.952,11.952,11.952,11.952,11.952,11.952,11.952,11.952
2011-07-25 12:00:00,12.995,12.995,12.995,12.995,12.995,12.995,12.995,12.995,12.995,12.995,12.995,12.995
2011-07-25 13:00:00,14.067,14.067,14.067,14.067,14.067,14.067,14.067,14.067,14.067,14.067,14.067,14.067
2011-07-25 14:00:00,16.971,16.971,16.971,16.971,16.971,16.971,16.971,16.971,16.971,16.971,16.971,16.971
2011-07-25 15:00:00,20.41,20.41,20.41,20.41,20.41,20.41,20.41,20.41,20.41,20.41,20.41,20.41
2011-07-25 16:00:00,24.139,24.139,24.139,24.139,24.139,24.139,24.139,24.139,24.139,24.139,24.139,24.139
2011-07-25 17:00:00,24.373,24.373,24.373,24.373,24.373,24.373,24.373,24.373,24.373,24.373,24.373,24.373
2011-07-25 18:00:00,24.468,24.468,24.468,24.468,24.468,24.468,24.468,24.468,24.468,24.468,24.468,24.468
2011-07-25 19:00:00,23.843,23.843,23.843,23.843,23.843,23.843,23.843,23.843,23.843,23.843,23.843,23.843
2011-07-25 20:00:00,23.669,23.669,23.669,23.669,23.669,23.669,23.669,23.669,23.669,23.669,23.669,23.669
2011-07-25 21:00:00,23.669,23.669,23.669,23.669,23.669,23.669,23.669,23.669,23.669,23.669,23.669,23.669
2011-07-25 22:00:00,23.669,23.669,23.669,23.669,23.669,23.669,23.669,23.669,23.669,23.669,23.669,23.669
2011-07-25 23:00:00,23.669,23.669,23.669,23.669,23.669,23.669,23.669,23.669,23.669,23.669,23.669,23.669
2011-07-26 00:00:00,69.54,69.54,69.54,69.54,69.54,69.54,69.54,69.54,69.54,69.54,69.54,69.54
2011-07-26 01:00:00,69.54,69.54,69.54,69.54,69.54,69.54,69.54,69.54,69.54,69.54,69.54,69.54
2011-07-26 02:00:00,69.54,69.54,69.54,69.54,69.54,69.54,69.54,69.54,69.54,69.54,69.54,69.54
2011-07-26 03:00:00,69.54,69.54,69.54,69.54,69.54,69.54,69.54,69.54,69.54,69.54,69.54,69.54
2011-07-26 04:00:00,69.54,69.54,69.54,69.54,69.54,69.54,69.54,69.54,69.54,69.54,69.54,69.54
2011-07-26 05:00:00,69.54,69.54,69.54,69.54,69.54,69.54,69.54,69.54,69.54,69.54,69.54,69.54
2011-07-26 06:00:00,54.782,54.782,54.782,54.782,54.782,54.782,54.782,54.782,54.782,54.782,54.782,54.782
2011-07-26 07:00:00,28.45,28.45,28.45,28.45,28.45,28.45,28.45,28.45,28.45,28.45,28.45,28.45
2011-07-26 08:00:00,25.882,25.882,25.882,25.882,25.882,25.882,25.882,25.882,25.882,25.882,25.882,25.882
2011-07-26 09:00:00,25.882,25.882,25.882,25.882,25.882,25.882,25.882,25.882,25.882,25.882,25.882,25.882
2011-07-26 10:00:00,25.882,25.882,25.882,25.882,25.882,25.882,25.882,25.882,25.882,25.882,25.882,25.882
2011-07-26 11:00:00,26.445,26.445,26.445,26.445,26.445,26.445,26.445,26.445,26.445,26.445,26.445,26.445
2011-07-26 12:00:00,29.037,29.037,29.037,29.037,29.037,29.037,29.037,29.037,29.037,29.037,29.037,29.037
2011-07-26 13:00:00,29.07,29.07,29.07,29.07,29.07,29.07,29.07,29.07,29.07,29.07,29.07,29.07
2011-07-26 14:00:00,29.23,29.23,29.23,29.23,29.23,29.23,29.23,29.23,29.23,29.23,29.23,29.23
2011-07-26 15:00:00,58.112,58.112,58.112,58.112,58.112,58.112,58.112,58.112,58.112,58.112,58.112,58.112
2011-07-26 16:00:00,69.54,69.54,69.54,69.54,69.54,69.54,69.54,69.54,69.54,69.54,69.54,69.54
2011-07-26 17:00:00,69.54,69.54,69.54,69.54,69.54,69.54,69.54,69.54,69.54,69.54,69.54,69.54
2011-07-26 18:00:00,69.54,69.54,69.54,69.54,69.54,69.54,69.54,69.54,69.54,69.54,69.54,69.54
2011-07-26 19:00:00,69.54,69.54,69.54,69.54,69.54,69.54,69.54,69.54,69.54,69.54,69.54,69.54
2011-07-26 20:00:00,69.54,69.54,69.54,69.54,69.54,69.54,69.54,69.54,69.54,69.54,69.54,69.54
2011-07-26 21:00:00,69.54,69.54,69.54,69.54,69.54,69.54,69.54,69.54,69.54,69.54,69.54,69.54
2011-07-26 22:00:00,69.54,69.54,69.54,69.54,69.54,69.54,69.54,69.54,69.54,69.54,69.54,69.54
2011-07-26 23:00:00,69.54,69.54,69.54,69.54,69.54,69.54,69.54,69.54,69.54,69.54,69.54,69.54
2011-07-27 00:00:00,85.857,85.857,85.857,85.857,85.857,85.857,85.857,85.857,85.857,85.857,85.857,85.857
2011-07-27 01:00:00,85.857,85.857,85.857,85.857,85.857,85.857,85.857,85.857,85.857,85.857,85.857,85.857
2011-07-27 02:00:00,85.857,85.857,85.857,85.857,85.857,85.857,85.857,85.857,85.857,85.857,85.857,85.857
2011-07-27 03:00:00,85.857,85.857,85.857,85.857,85.857,85.857,85.857,85.857,85.857,85.857,85.857,85.857
2011-07-27 04:00:00,85.857,85.857,85.857,85.857,85.857,85.857,85.857,85.857,85.857,85.857,85.857,85.857
2011-07-27 05:00:00,85.873,85.873,85.873,85.873,85.873,85.873,85.873,85.873,85.873,85.873,85.873,85.873
2011-07-27 06:00:00,63.342,63.342,63.342,63.342,63.342,63.342,63.342,63.342,63.342,63.342,63.342,63.342
2011-07-27 07:00:00,36.168,36.168,36.168,36.168,36.168,36.168,36.168,36.168,36.168,36.168,36.168,36.168
2011-07-27 08:00:00,34.85,34.85,34.85,34.85,34.85,34.85,34.85,34.85,34.85,34.85,34.85,34.85
2011-07-27 09:00:00,32.815,32.815,32.815,32.815,32.815,32.815,32.815,32.815,32.815,32.815,32.815,32.815
2011-07-27 10:00:00,32.815,32.815,32.815,32.815,32.815,32.815,32.815,32.815,32.815,32.815,32.815,32.815
2011-07-27 11:00:00,32.815,32.815,32.815,32.815,32.815,32.815,32.815,32.815,32.815,32.815,32.815,32.815
2011-07-27 12:00:00,32.82,32.82,32.82,32.82,32.82,32.82,32.82,32.82,32.82,32.82,32.82,32.82
2011-07-27 13:00:00,34.992,34.992,34.992,34.992,34.992,34.992,34.992,34.992,34.992,34.992,34.992,34.992
2011-07-27 14:00:00,35.134,35.134,35.134,35.134,35.134,35.134,35.134,35.134,35.134,35.134,35.134,35.134
2011-07-27 15:00:00,37.735,37.735,37.735,37.735,37.735,37.735,37.735,37.735,37.735,37.735,37.735,37.735
2011-07-27 16:00:00,85.857,85.857,85.857,85.857,85.857,85.857,85.857,85.857,85.857,85.857,85.857,85.857
2011-07-27 17:00:00,85.857,85.857,85.857,85.857,85.857,85.857,85.857,85.857,85.857,85.857,85.857,85.857
2011-07-27 18:00:00,85.857,85.857,85.857,85.857,85.857,85.857,85.857,85.857,85.857,85.857,85.857,85.857
2011-07-27 19:00:00,85.857,85.857,85.857,85.857,85.857,85.857,85.857,85.857,85.857,85.857,85.857,85.857
2011-07-27 20:00:00,85.857,85.857,85.857,85.857,85.857,85.857,85.857,85.857,85.857,85.857,85.857,85.857
2011-07-27 21:00:00,85.857,85.857,85.857,85.857,85.857,85.857,85.857,85.857,85.857,85.857,85.857,85.857
2011-07-27 22:00:00,85.857,85.857,85.857,85.857,85.857,85.857,85.857,85.857,85.857,85.857,85.857,85.857
2011-07-27 23:00:00,85.857,85.857,85.857,85.857,85.857,85.857,85.857,85.857,85.857,85.857,85.857,85.857
2011-07-28 00:00:00,24.791,24.791,24.791,24.791,24.791,24.791,24.791,24.791,24.791,24.791,24.791,24.791
2011-07-28 01:00:00,24.791,24.791,24.791,24.791,24.791,24.791,24.791,24.791,24.791,24.791,24.791,24.791
2011-07-28 02:00:00,24.791,24.791,24.791,24.791,24.791,24.791,24.791,24.791,24.791,24.791,24.791,24.791
2011-07-28 03:00:00,24.791,24.791,24.791,24.791,24.791,24.791,24.791,24.791,24.791,24.791,24.791,24.791
2011-07-28 04:00:00,24.791,24.791,24.791,24.791,24.791,24.791,24.791,24.791,24.791,24.791,24.791,24.791
2011-07-28 05:00:00,24.791,24.791,24.791,24.791,24.791,24.791,24.791,24.791,24.791,24.791,24.791,24.791
2011-07-28 06:00:00,23.163,23.163,23.163,23.163,23.163,23.163,23.163,23.163,23.163,23.163,23.163,23.163
2011-07-28 07:00:00,18.516,18.516,18.516,18.516,18.516,18.516,18.516,18.516,18.516,18.516,18.516,18.516
2011-07-28 08:00:00,17.478,17.478,17.478,17.478,17.478,17.478,17.478,17.478,17.478,17.478,17.478,17.478
2011-07-28 09:00:00,15.56,15.56,15.56,15.56,15.56,15.56,15.56,15.56,15.56,15.56,15.56,15.56
2011-07-28 10:00:00,15.491,15.491,15.491,15.491,15.491,15.491,15.491,15.491,15.491,15.491,15.491,15.491
2011-07-28 11:00:00,15.491,15.491,15.491,15.491,15.491,15.491,15.491,15.491,15.491,15.491,15.491,15.491
2011-07-28 12:00:00,15.491,15.491,15.491,15.491,15.491,15.491,15.491,15.491,15.491,15.491,15.491,15.491
2011-07-28 13:00:00,17.291,17.291,17.291,17.291,17.291,17.291,17.291,17.291,17.291,17.291,17.291,17.291
2011-07-28 14:00:00,17.861,17.861,17.861,17.861,17.861,17.861,17.861,17.861,17.861,17.861,17.861,17.861
2011-07-28 15:00:00,20.441,20.441,20.441,20.441,20.441,20.441,20.441,20.441,20.441,20.441,20.441,20.441
2011-07-28 16:00:00,24.791,24.791,24.791,24.791,24.791,24.791,24.791,24.791,24.791,24.791,24.791,24.791
2011-07-28 17:00:00,24.791,24.791,24.791,24.791,24.791,24.791,24.791,24.791,24.791,24.791,24.791,24.791
2011-07-28 18:00:00,24.791,24.791,24.791,24.791,24.791,24.791,24.791,24.791,24.791,24.791,24.791,24.791
2011-07-28 19:00:00,24.791,24.791,24.791,24.791,24.791,24.791,24.791,24.791,24.791,24.791,24.791,24.791
2011-07-28 20:00:00,24.791,24.791,24.791,24.791,24.791,24.791,24.791,24.791,24.791,24.791,24.791,24.791
2011-07-28 21:00:00,24.791,24.791,24.791,24.791,24.791,24.791,24.791,24.791,24.791,24.791,24.791,24.791
2011-07-28 22:00:00,24.791,24.791,24.791,24.791,24.791,24.791,24.791,24.791,24.791,24.791,24.791,24.791
2011-07-28 23:00:00,24.791,24.791,24.791,24.791,24.791,24.791,24.791,24.791,24.791,24.791,24.791,24.791
2011-07-29 00:00:00,15.23,15.23,15.23,15.23,15.23,15.23,15.23,15.23,15.23,15.23,15.23,15.23
2011-07-29 01:00:00,15.23,15.23,15.23,15.23,15.23,15.23,15.23,15.23,15.23,15.23,15.23,15.23
2011-07-29 02:00:00,15.23,15.23,15.23,15.23,15.23,15.23,15.23,15.23,15.23,15.23,15.23,15.23
2011-07-29 03:00:00,15.23,15.23,15.23,15.23,15.23,15.23,15.23,15.23,15.23,15.23,15.23,15.23
2011-07-29 04:00:00,15.23,15.23,15.23,15.23,15.23,15.23,15.23,15.23,15.23,15.23,15.23,15.23
2011-07-29 05:00:00,15.23,15.23,15.23,15.23,15.23,15.23,15.23,15.23,15.23,15.23,15.23,15.23
2011-07-29 06:00:00,14.657,14.657,14.657,14.657,14.657,14.657,14.657,14.657,14.657,14.657,14.657,14.657
2011-07-29 07:00:00,13.348,13.348,13.348,13.348,13.348,13.348,13.348,13.348,13.348,13.348,13.348,13.348
2011-07-29 08:00:00,10.626,10.626,10.626,10.626,10.626,10.626,10.626,10.626,10.626,10.626,10.626,10.626
2011-07-29 09:00:00,10.446,10.446,10.446,10.446,10.446,10.446,10.446,10.446,10.446,10.446,10.446,10.446
2011-07-29 10:00:00,10.516,10.516,10.516,10.516,10.516,10.516,10.516,10.516,10.516,10.516,10.516,10.516
2011-07-29 11:00:00,10.446,10.446,10.446,10.446,10.446,10.446,10.446,10.446,10.446,10.446,10.446,10.446
2011-07-29 12:00:00,10.446,10.446,10.446,10.446,10.446,10.446,10.446,10.446,10.446,10.446,10.446,10.446
2011-07-29 13:00:00,10.541,10.541,10.541,10.541,10.541,10.541,10.541,10.541,10.541,10.541,10.541,10.541
2011-07-29 14:00:00,13.396,13.396,13.396,13.396,13.396,13.396,13.396,13.396,13.396,13.396,13.396,13.396
2011-07-29 15:00:00,14.865,14.865,14.865,14.865,14.865,14.865,14.865,14.865,14.865,14.865,14.865,14.865
2011-07-29 16:00:00,15.23,15.23,15.23,15.23,15.23,15.23,15.23,15.23,15.23,15.23,15.23,15.23
2011-07-29 17:00:00,15.23,15.23,15.23,15.23,15.23,15.23,15.23,15.23,15.23,15.23,15.23,15.23
2011-07-29 18:00:00,15.23,15.23,15.23,15.23,15.23,15.23,15.23,15.23,15.23,15.23,15.23,15.23
2011-07-29 19:00:00,15.23,15.23,15.23,15.23,15.23,15.23,15.23,15.23,15.23,15.23,15.23,15.23
2011-07-29 20:00:00,15.23,15.23,15.23,15.23,15.23,15.23,15.23,15.23,15.23,15.23,15.23,15.23
2011-07-29 21:00:00,15.23,15.23,15.23,15.23,15.23,15.23,15.23,15.23,15.23,15.23,15.23,15.23
2011-07-29 22:00:00,15.23,15.23,15.23,15.23,15.23,15.23,15.23,15.23,15.23,15.23,15.23,15.23
2011-07-29 23:00:00,15.23,15.23,15.23,15.23,15.23,15.23,15.23,15.23,15.23,15.23,15.23,15.23
2011-07-30 00:00:00,18.176,18.176,18.176,18.176,18.176,18.176,18.176,18.176,18.176,18.176,18.176,18.176
2011-07-30 01:00:00,18.176,18.176,18.176,18.176,18.176,18.176,18.176,18.176,18.176,18.176,18.176,18.176
2011-07-30 02:00:00,18.176,18.176,18.176,18.176,18.176,18.176,18.176,18.176,18.176,18.176,18.176,18.176
2011-07-30 03:00:00,18.176,18.176,18.176,18.176,18.176,18.176,18.176,18.176,18.176,18.176,18.176,18.176
2011-07-30 04:00:00,18.176,18.176,18.176,18.176,18.176,18.176,18.176,18.176,18.176,18.176,18.176,18.176
2011-07-30 05:00:00,18.176,18.176,18.176,18.176,18.176,18.176,18.176,18.176,18.176,18.176,18.176,18.176
2011-07-30 06:00:00,18.176,18.176,18.176,18.176,18.176,18.176,18.176,18.176,18.176,18.176,18.176,18.176
2011-07-30 07:00:00,17.296,17.296,17.296,17.296,17.296,17.296,17.296,17.296,17.296,17.296,17.296,17.296
2011-07-30 08:00:00,5.27,5.27,5.27,5.27,5.27,5.27,5.27,5.27,5.27,5.27,5.27,5.27
2011-07-30 09:00:00,5.27,5.27,5.27,5.27,5.27,5.27,5.27,5.27,5.27,5.27,5.27,5.27
2011-07-30 10:00:00,9.668,9.668,9.668,9.668,9.668,9.668,9.668,9.668,9.668,9.668,9.668,9.668
2011-07-30 11:00:00,9.668,9.668,9.668,9.668,9.668,9.668,9.668,9.668,9.668,9.668,9.668,9.668
2011-07-30 12:00:00,9.811,9.811,9.811,9.811,9.811,9.811,9.811,9.811,9.811,9.811,9.811,9.811
2011-07-30 13:00:00,11.883,11.883,11.883,11.883,11.883,11.883,11.883,11.883,11.883,11.883,11.883,11.883
2011-07-30 14:00:00,16.943,16.943,16.943,16.943,16.943,16.943,16.943,16.943,16.943,16.943,16.943,16.943
2011-07-30 15:00:00,17.781,17.781,17.781,17.781,17.781,17.781,17.781,17.781,17.781,17.781,17.781,17.781
2011-07-30 16:00:00,18.022,18.022,18.022,18.022,18.022,18.022,18.022,18.022,18.022,18.022,18.022,18.022
2011-07-30 17:00:00,18.385,18.385,18.385,18.385,18.385,18.385,18.385,18.385,18.385,18.385,18.385,18.385
2011-07-30 18:00:00,18.385,18.385,18.385,18.385,18.385,18.385,18.385,18.385,18.385,18.385,18.385,18.385
2011-07-30 19:00:00,18.385,18.385,18.385,18.385,18.385,18.385,18.385,18.385,18.385,18.385,18.385,18.385
2011-07-30 20:00:00,18.385,18.385,18.385,18.385,18.385,18.385,18.385,18.385,18.385,18.385,18.385,18.385
2011-07-30 21:00:00,18.385,18.385,18.385,18.385,18.385,18.385,18.385,18.385,18.385,18.385,18.385,18.385
2011-07-30 22:00:00,18.385,18.385,18.385,18.385,18.385,18.385,18.385,18.385,18.385,18.385,18.385,18.385
2011-07-30 23:00:00,18.425,18.425,18.425,18.425,18.425,18.425,18.425,18.425,18.425,18.425,18.425,18.425
2011-07-31 00:00:00,20.642,20.642,20.642,20.642,20.642,20.642,20.642,20.642,20.642,20.642,20.642,20.642
2011-07-31 01:00:00,20.642,20.642,20.642,20.642,20.642,20.642,20.642,20.642,20.642,20.642,20.642,20.642
2011-07-31 02:00:00,20.642,20.642,20.642,20.642,20.642,20.642,20.642,20.642,20.642,20.642,20.642,20.642
2011-07-31 03:00:00,20.642,20.642,20.642,20.642,20.642,20.642,20.642,20.642,20.642,20.642,20.642,20.642
2011-07-31 04:00:00,20.642,20.642,20.642,20.642,20.642,20.642,20.642,20.642,20.642,20.642,20.642,20.642
2011-07-31 05:00:00,20.642,20.642,20.642,20.642,20.642,20.642,20.642,20.642,20.642,20.642,20.642,20.642
2011-07-31 06:00:00,20.642,20.642,20.642,20.642,20.642,20.642,20.642,20.642,20.642,20.642,20.642,20.642
2011-07-31 07:00:00,20.642,20.642,20.642,20.642,20.642,20.642,20.642,20.642,20.642,20.642,20.642,20.642
2011-07-31 08:00:00,7.565,7.565,7.565,7.565,7.565,7.565,7.565,7.565,7.565,7.565,7.565,7.565
2011-07-31 09:00:00,4.448,4.448,4.448,4.448,4.448,4.448,4.448,4.448,4.448,4.448,4.448,4.448
2011-07-31 10:00:00,4.448,4.448,4.448,4.448,4.448,4.448,4.448,4.448,4.448,4.448,4.448,4.448
2011-07-31 11:00:00,4.448,4.448,4.448,4.448,4.448,4.448,4.448,4.448,4.448,4.448,4.448,4.448
2011-07-31 12:00:00,4.448,4.448,4.448,4.448,4.448,4.448,4.448,4.448,4.448,4.448,4.448,4.448
2011-07-31 13:00:00,5.659,5.659,5.659,5.659,5.659,5.659,5.659,5.659,5.659,5.659,5.659,5.659
2011-07-31 14:00:00,14.503,14.503,14.503,14.503,14.503,14.503,14.503,14.503,14.503,14.503,14.503,14.503
2011-07-31 15:00:00,20.642,20.642,20.642,20.642,20.642,20.642,20.642,20.642,20.642,20.642,20.642,20.642
2011-07-31 16:00:00,20.642,20.642,20.642,20.642,20.642,20.642,20.642,20.642,20.642,20.642,20.642,20.642
2011-07-31 17:00:00,20.642,20.642,20.642,20.642,20.642,20.642,20.642,20.642,20.642,20.642,20.642,20.642
2011-07-31 18:00:00,20.642,20.642,20.642,20.642,20.642,20.642,20.642,20.642,20.642,20.642,20.642,20.642
2011-07-31 19:00:00,20.642,20.642,20.642,20.642,20.642,20.642,20.642,20.642,20.642,20.642,20.642,20.642
2011-07-31 20:00:00,20.642,20.642,20.642,20.642,20.642,20.642,20.642,20.642,20.642,20.642,20.642,20.642
2011-07-31 21:00:00,20.642,20.642,20.642,20.642,20.642,20.642,20.642,20.642,20.642,20.642,20.642,20.642
2011-07-31 22:00:00,20.642,20.642,20.642,20.642,20.642,20.642,20.642,20.642,20.642,20.642,20.642,20.642
2011-07-31 23:00:00,20.642,20.642,20.642,20.642,20.642,20.642,20.642,20.642,20.642,20.642,20.642,20.642
2011-08-01 00:00:00,55.418,55.418,55.418,55.418,55.418,55.418,55.418,55.418,55.418,55.418,55.418,55.418
2011-08-01 01:00:00,55.418,55.418,55.418,55.418,55.418,55.418,55.418,55.418,55.418,55.418,55.418,55.418
2011-08-01 02:00:00,55.418,55.418,55.418,55.418,55.418,55.418,55.418,55.418,55.418,55.418,55.418,55.418
2011-08-01 03:00:00,55.418,55.418,55.418,55.418,55.418,55.418,55.418,55.418,55.418,55.418,55.418,55.418
2011-08-01 04:00:00,55.418,55.418,55.418,55.418,55.418,55.418,55.418,55.418,55.418,55.418,55.418,55.418
2011-08-01 05:00:00,55.418,55.418,55.418,55.418,55.418,55.418,55.418,55.418,55.418,55.418,55.418,55.418
2011-08-01 06:00:00,47.089,47.089,47.089,47.089,47.089,47.089,47.089,47.089,47.089,47.089,47.089,47.089
2011-08-01 07:00:00,24.984,24.984,24.984,24.984,24.984,24.984,24.984,24.984,24.984,24.984,24.984,24.984
2011-08-01 08:00:00,24.663,24.663,24.663,24.663,24.663,24.663,24.663,24.663,24.663,24.663,24.663,24.663
2011-08-01 09:00:00,24.211,24.211,24.211,24.211,24.211,24.211,24.211,24.211,24.211,24.211,24.211,24.211
2011-08-01 10:00:00,23.978,23.978,23.978,23.978,23.978,23.978,23.978,23.978,23.978,23.978,23.978,23.978
2011-08-01 11:00:00,22.634,22.634,22.634,22.634,22.634,22.634,22.634,22.634,22.634,22.634,22.634,22.634
2011-08-01 12:00:00,22.634,22.634,22.634,22.634,22.634,22.634,22.634,22.634,22.634,22.634,22.634,22.634
2011-08-01 13:00:00,22.634,22.634,22.634,22.634,22.634,22.634,22.634,22.634,22.634,22.634,22.634,22.634
2011-08-01 14:00:00,23.299,23.299,23.299,23.299,23.299,23.299,23.299,23.299,23.299,23.299,23.299,23.299
2011-08-01 15:00:00,26.76,26.76,26.76,26.76,26.76,26.76,26.76,26.76,26.76,26.76,26.76,26.76
2011-08-01 16:00:00,55.418,55.418,55.418,55.418,55.418,55.418,55.418,55.418,55.418,55.418,55.418,55.418
2011-08-01 17:00:00,55.418,55.418,55.418,55.418,55.418,55.418,55.418,55.418,55.418,55.418,55.418,55.418
2011-08-01 18:00:00,55.418,55.418,55.418,55.418,55.418,55.418,55.418,55.418,55.418,55.418,55.418,55.418
2011-08-01 19:00:00,55.418,55.418,55.418,55.418,55.418,55.418,55.418,55.418,55.418,55.418,55.418,55.418
2011-08-01 20:00:00,55.418,55.418,55.418,55.418,55.418,55.418,55.418,55.418,55.418,55.418,55.418,55.418
2011-08-01 21:00:00,55.418,55.418,55.418,55.418,55.418,55.418,55.418,55.418,55.418,55.418,55.418,55.418
2011-08-01 22:00:00,55.418,55.418,55.418,55.418,55.418,55.418,55.418,55.418,55.418,55.418,55.418,55.418
2011-08-01 23:00:00,55.418,55.418,55.418,55.418,55.418,55.418,55.418,55.418,55.418,55.418,55.418,55.418
2011-08-02 00:00:00,47.854,47.854,47.854,47.854,47.854,47.854,47.854,47.854,47.854,47.854,47.854,47.854
2011-08-02 01:00:00,47.854,47.854,47.854,47.854,47.854,47.854,47.854,47.854,47.854,47.854,47.854,47.854
2011-08-02 02:00:00,47.854,47.854,47.854,47.854,47.854,47.854,47.854,47.854,47.854,47.854,47.854,47.854
2011-08-02 03:00:00,47.854,47.854,47.854,47.854,47.854,47.854,47.854,47.854,47.854,47.854,47.854,47.854
2011-08-02 04:00:00,47.854,47.854,47.854,47.854,47.854,47.854,47.854,47.854,47.854,47.854,47.854,47.854
2011-08-02 05:00:00,47.854,47.854,47.854,47.854,47.854,47.854,47.854,47.854,47.854,47.854,47.854,47.854
2011-08-02 06:00:00,29.131,29.131,29.131,29.131,29.131,29.131,29.131,29.131,29.131,29.131,29.131,29.131
2011-08-02 07:00:00,21.461,21.461,21.461,21.461,21.461,21.461,21.461,21.461,21.461,21.461,21.461,21.461
2011-08-02 08:00:00,20.816,20.816,20.816,20.816,20.816,20.816,20.816,20.816,20.816,20.816,20.816,20.816
2011-08-02 09:00:00,19.46,19.46,19.46,19.46,19.46,19.46,19.46,19.46,19.46,19.46,19.46,19.46
2011-08-02 10:00:00,19.356,19.356,19.356,19.356,19.356,19.356,19.356,19.356,19.356,19.356,19.356,19.356
2011-08-02 11:00:00,19.356,19.356,19.356,19.356,19.356,19.356,19.356,19.356,19.356,19.356,19.356,19.356
2011-08-02 12:00:00,19.356,19.356,19.356,19.356,19.356,19.356,19.356,19.356,19.356,19.356,19.356,19.356
2011-08-02 13:00:00,19.76,19.76,19.76,19.76,19.76,19.76,19.76,19.76,19.76,19.76,19.76,19.76
2011-08-02 14:00:00,21.316,21.316,21.316,21.316,21.316,21.316,21.316,21.316,21.316,21.316,21.316,21.316
2011-08-02 15:00:00,22.674,22.674,22.674,22.674,22.674,22.674,22.674,22.674,22.674,22.674,22.674,22.674
2011-08-02 16:00:00,47.011,47.011,47.011,47.011,47.011,47.011,47.011,47.011,47.011,47.011,47.011,47.011
2011-08-02 17:00:00,47.854,47.854,47.854,47.854,47.854,47.854,47.854,47.854,47.854,47.854,47.854,47.854
2011-08-02 18:00:00,47.854,47.854,47.854,47.854,47.854,47.854,47.854,47.854,47.854,47.854,47.854,47.854
2011-08-02 19:00:00,47.854,47.854,47.854,47.854,47.854,47.854,47.854,47.854,47.854,47.854,47.854,47.854
2011-08-02 20:00:00,47.854,47.854,47.854,47.854,47.854,47.854,47.854,47.854,47.854,47.854,47.854,47.854
2011-08-02 21:00:00,47.854,47.854,47.854,47.854,47.854,47.854,47.854,47.854,47.854,47.854,47.854,47.854
2011-08-02 22:00:00,47.854,47.854,47.854,47.854,47.854,47.854,47.854,47.854,47.854,47.854,47.854,47.854
2011-08-02 23:00:00,47.854,47.854,47.854,47.854,47.854,47.854,47.854,47.854,47.854,47.854,47.854,47.854
2011-08-03 00:00:00,35.552,35.552,35.552,35.552,35.552,35.552,35.552,35.552,35.552,35.552,35.552,35.552
2011-08-03 01:00:00,35.552,35.552,35.552,35.552,35.552,35.552,35.552,35.552,35.552,35.552,35.552,35.552
2011-08-03 02:00:00,35.552,35.552,35.552,35.552,35.552,35.552,35.552,35.552,35.552,35.552,35.552,35.552
2011-08-03 03:00:00,35.552,35.552,35.552,35.552,35.552,35.552,35.552,35.552,35.552,35.552,35.552,35.552
2011-08-03 04:00:00,35.552,35.552,35.552,35.552,35.552,35.552,35.552,35.552,35.552,35.552,35.552,35.552
2011-08-03 05:00:00,36.774,36.774,36.774,36.774,36.774,36.774,36.774,36.774,36.774,36.774,36.774,36.774
2011-08-03 06:00:00,23.341,23.341,23.341,23.341,23.341,23.341,23.341,23.341,23.341,23.341,23.341,23.341
2011-08-03 07:00:00,17.719,17.719,17.719,17.719,17.719,17.719,17.719,17.719,17.719,17.719,17.719,17.719
2011-08-03 08:00:00,16.987,16.987,16.987,16.987,16.987,16.987,16.987,16.987,16.987,16.987,16.987,16.987
2011-08-03 09:00:00,16.882,16.882,16.882,16.882,16.882,16.882,16.882,16.882,16.882,16.882,16.882,16.882
2011-08-03 10:00:00,16.882,16.882,16.882,16.882,16.882,16.882,16.882,16.882,16.882,16.882,16.882,16.882
2011-08-03 11:00:00,16.882,16.882,16.882,16.882,16.882,16.882,16.882,16.882,16.882,16.882,16.882,16.882
2011-08-03 12:00:00,16.882,16.882,16.882,16.882,16.882,16.882,16.882,16.882,16.882,16.882,16.882,16.882
2011-08-03 13:00:00,17.929,17.929,17.929,17.929,17.929,17.929,17.929,17.929,17.929,17.929,17.929,17.929
2011-08-03 14:00:00,17.929,17.929,17.929,17.929,17.929,17.929,17.929,17.929,17.929,17.929,17.929,17.929
2011-08-03 15:00:00,21.406,21.406,21.406,21.406,21.406,21.406,21.406,21.406,21.406,21.406,21.406,21.406
2011-08-03 16:00:00,35.552,35.552,35.552,35.552,35.552,35.552,35.552,35.552,35.552,35.552,35.552,35.552
2011-08-03 17:00:00,35.552,35.552,35.552,35.552,35.552,35.552,35.552,35.552,35.552,35.552,35.552,35.552
2011-08-03 18:00:00,35.552,35.552,35.552,35.552,35.552,35.552,35.552,35.552,35.552,35.552,35.552,35.552
2011-08-03 19:00:00,35.552,35.552,35.552,35.552,35.552,35.552,35.552,35.552,35.552,35.552,35.552,35.552
2011-08-03 20:00:00,35.552,35.552,35.552,35.552,35.552,35.552,35.552,35.552,35.552,35.552,35.552,35.552
2011-08-03 21:00:00,35.552,35.552,35.552,35.552,35.552,35.552,35.552,35.552,35.552,35.552,35.552,35.552
2011-08-03 22:00:00,35.552,35.552,35.552,35.552,35.552,35.552,35.552,35.552,35.552,35.552,35.552,35.552
2011-08-03 23:00:00,35.552,35.552,35.552,35.552,35.552,35.552,35.552,35.552,35.552,35.552,35.552,35.552
2011-08-04 00:00:00,23.769,23.769,23.769,23.769,23.769,23.769,23.769,23.769,23.769,23.769,23.769,23.769
2011-08-04 01:00:00,23.769,23.769,23.769,23.769,23.769,23.769,23.769,23.769,23.769,23.769,23.769,23.769
2011-08-04 02:00:00,23.769,23.769,23.769,23.769,23.769,23.769,23.769,23.769,23.769,23.769,23.769,23.769
2011-08-04 03:00:00,23.769,23.769,23.769,23.769,23.769,23.769,23.769,23.769,23.769,23.769,23.769,23.769
2011-08-04 04:00:00,23.769,23.769,23.769,23.769,23.769,23.769,23.769,23.769,23.769,23.769,23.769,23.769
2011-08-04 05:00:00,23.769,23.769,23.769,23.769,23.769,23.769,23.769,23.769,23.769,23.769,23.769,23.769
2011-08-04 06:00:00,22.042,22.042,22.042,22.042,22.042,22.042,22.042,22.042,22.042,22.042,22.042,22.042
2011-08-04 07:00:00,16.426,16.426,16.426,16.426,16.426,16.426,16.426,16.426,16.426,16.426,16.426,16.426
2011-08-04 08:00:00,15.389,15.389,15.389,15.389,15.389,15.389,15.389,15.389,15.389,15.389,15.389,15.389
2011-08-04 09:00:00,15.338,15.338,15.338,15.338,15.338,15.338,15.338,15.338,15.338,15.338,15.338,15.338
2011-08-04 10:00:00,15.389,15.389,15.389,15.389,15.389,15.389,15.389,15.389,15.389,15.389,15.389,15.389
2011-08-04 11:00:00,15.389,15.389,15.389,15.389,15.389,15.389,15.389,15.389,15.389,15.389,15.389,15.389
2011-08-04 12:00:00,17.502,17.502,17.502,17.502,17.502,17.502,17.502,17.502,17.502,17.502,17.502,17.502
2011-08-04 13:00:00,17.628,17.628,17.628,17.628,17.628,17.628,17.628,17.628,17.628,17.628,17.628,17.628
2011-08-04 14:00:00,18.512,18.512,18.512,18.512,18.512,18.512,18.512,18.512,18.512,18.512,18.512,18.512
2011-08-04 15:00:00,23.066,23.066,23.066,23.066,23.066,23.066,23.066,23.066,23.066,23.066,23.066,23.066
2011-08-04 16:00:00,23.774,23.774,23.774,23.774,23.774,23.774,23.774,23.774,23.774,23.774,23.774,23.774
2011-08-04 17:00:00,23.774,23.774,23.774,23.774,23.774,23.774,23.774,23.774,23.774,23.774,23.774,23.774
2011-08-04 18:00:00,23.774,23.774,23.774,23.774,23.774,23.774,23.774,23.774,23.774,23.774,23.774,23.774
2011-08-04 19:00:00,23.769,23.769,23.769,23.769,23.769,23.769,23.769,23.769,23.769,23.769,23.769,23.769
2011-08-04 20:00:00,23.769,23.769,23.769,23.769,23.769,23.769,23.769,23.769,23.769,23.769,23.769,23.769
2011-08-04 21:00:00,23.769,23.769,23.769,23.769,23.769,23.769,23.769,23.769,23.769,23.769,23.769,23.769
2011-08-04 22:00:00,23.769,23.769,23.769,23.769,23.769,23.769,23.769,23.769,23.769,23.769,23.769,23.769
2011-08-04 23:00:00,23.769,23.769,23.769,23.769,23.769,23.769,23.769,23.769,23.769,23.769,23.769,23.769
2011-08-05 00:00:00,31.388,31.388,31.388,31.388,31.388,31.388,31.388,31.388,31.388,31.388,31.388,31.388
2011-08-05 01:00:00,31.388,31.388,31.388,31.388,31.388,31.388,31.388,31.388,31.388,31.388,31.388,31.388
2011-08-05 02:00:00,31.388,31.388,31.388,31.388,31.388,31.388,31.388,31.388,31.388,31.388,31.388,31.388
2011-08-05 03:00:00,31.388,31.388,31.388,31.388,31.388,31.388,31.388,31.388,31.388,31.388,31.388,31.388
2011-08-05 04:00:00,31.388,31.388,31.388,31.388,31.388,31.388,31.388,31.388,31.388,31.388,31.388,31.388
2011-08-05 05:00:00,31.388,31.388,31.388,31.388,31.388,31.388,31.388,31.388,31.388,31.388,31.388,31.388
2011-08-05 06:00:00,21.683,21.683,21.683,21.683,21.683,21.683,21.683,21.683,21.683,21.683,21.683,21.683
2011-08-05 07:00:00,12.841,12.841,12.841,12.841,12.841,12.841,12.841,12.841,12.841,12.841,12.841,12.841
2011-08-05 08:00:00,12.696,12.696,12.696,12.696,12.696,12.696,12.696,12.696,12.696,12.696,12.696,12.696
2011-08-05 09:00:00,11.784,11.784,11.784,11.784,11.784,11.784,11.784,11.784,11.784,11.784,11.784,11.784
2011-08-05 10:00:00,11.784,11.784,11.784,11.784,11.784,11.784,11.784,11.784,11.784,11.784,11.784,11.784
2011-08-05 11:00:00,11.784,11.784,11.784,11.784,11.784,11.784,11.784,11.784,11.784,11.784,11.784,11.784
2011-08-05 12:00:00,13.298,13.298,13.298,13.298,13.298,13.298,13.298,13.298,13.298,13.298,13.298,13.298
2011-08-05 13:00:00,15.349,15.349,15.349,15.349,15.349,15.349,15.349,15.349,15.349,15.349,15.349,15.349
2011-08-05 14:00:00,18.375,18.375,18.375,18.375,18.375,18.375,18.375,18.375,18.375,18.375,18.375,18.375
2011-08-05 15:00:00,21.683,21.683,21.683,21.683,21.683,21.683,21.683,21.683,21.683,21.683,21.683,21.683
2011-08-05 16:00:00,25.416,25.416,25.416,25.416,25.416,25.416,25.416,25.416,25.416,25.416,25.416,25.416
2011-08-05 17:00:00,25.416,25.416,25.416,25.416,25.416,25.416,25.416,25.416,25.416,25.416,25.416,25.416
2011-08-05 18:00:00,31.388,31.388,31.388,31.388,31.388,31.388,31.388,31.388,31.388,31.388,31.388,31.388
2011-08-05 19:00:00,31.388,31.388,31.388,31.388,31.388,31.388,31.388,31.388,31.388,31.388,31.388,31.388
2011-08-05 20:00:00,31.388,31.388,31.388,31.388,31.388,31.388,31.388,31.388,31.388,31.388,31.388,31.388
2011-08-05 21:00:00,31.388,31.388,31.388,31.388,31.388,31.388,31.388,31.388,31.388,31.388,31.388,31.388
2011-08-05 22:00:00,31.388,31.388,31.388,31.388,31.388,31.388,31.388,31.388,31.388,31.388,31.388,31.388
2011-08-05 23:00:00,31.388,31.388,31.388,31.388,31.388,31.388,31.388,31.388,31.388,31.388,31.388,31.388
2011-08-06 00:00:00,17.255,17.255,17.255,17.255,17.255,17.255,17.255,17.255,17.255,17.255,17.255,17.255
2011-08-06 01:00:00,17.255,17.255,17.255,17.255,17.255,17.255,17.255,17.255,17.255,17.255,17.255,17.255
2011-08-06 02:00:00,17.255,17.255,17.255,17.255,17.255,17.255,17.255,17.255,17.255,17.255,17.255,17.255
2011-08-06 03:00:00,17.255,17.255,17.255,17.255,17.255,17.255,17.255,17.255,17.255,17.255,17.255,17.255
2011-08-06 04:00:00,17.255,17.255,17.255,17.255,17.255,17.255,17.255,17.255,17.255,17.255,17.255,17.255
2011-08-06 05:00:00,19.04,19.04,19.04,19.04,19.04,19.04,19.04,19.04,19.04,19.04,19.04,19.04
2011-08-06 06:00:00,17.255,17.255,17.255,17.255,17.255,17.255,17.255,17.255,17.255,17.255,17.255,17.255
2011-08-06 07:00:00,17.255,17.255,17.255,17.255,17.255,17.255,17.255,17.255,17.255,17.255,17.255,17.255
2011-08-06 08:00:00,14.551,14.551,14.551,14.551,14.551,14.551,14.551,14.551,14.551,14.551,14.551,14.551
2011-08-06 09:00:00,11.304,11.304,11.304,11.304,11.304,11.304,11.304,11.304,11.304,11.304,11.304,11.304
2011-08-06 10:00:00,11.213,11.213,11.213,11.213,11.213,11.213,11.213,11.213,11.213,11.213,11.213,11.213
2011-08-06 11:00:00,11.213,11.213,11.213,11.213,11.213,11.213,11.213,11.213,11.213,11.213,11.213,11.213
2011-08-06 12:00:00,11.213,11.213,11.213,11.213,11.213,11.213,11.213,11.213,11.213,11.213,11.213,11.213
2011-08-06 13:00:00,11.213,11.213,11.213,11.213,11.213,11.213,11.213,11.213,11.213,11.213,11.213,11.213
2011-08-06 14:00:00,13.898,13.898,13.898,13.898,13.898,13.898,13.898,13.898,13.898,13.898,13.898,13.898
2011-08-06 15:00:00,17.255,17.255,17.255,17.255,17.255,17.255,17.255,17.255,17.255,17.255,17.255,17.255
2011-08-06 16:00:00,17.255,17.255,17.255,17.255,17.255,17.255,17.255,17.255,17.255,17.255,17.255,17.255
2011-08-06 17:00:00,17.255,17.255,17.255,17.255,17.255,17.255,17.255,17.255,17.255,17.255,17.255,17.255
2011-08-06 18:00:00,17.255,17.255,17.255,17.255,17.255,17.255,17.255,17.255,17.255,17.255,17.255,17.255
2011-08-06 19:00:00,17.255,17.255,17.255,17.255,17.255,17.255,17.255,17.255,17.255,17.255,17.255,17.255
2011-08-06 20:00:00,17.255,17.255,17.255,17.255,17.255,17.255,17.255,17.255,17.255,17.255,17.255,17.255
2011-08-06 21:00:00,17.255,17.255,17.255,17.255,17.255,17.255,17.255,17.255,17.255,17.255,17.255,17.255
2011-08-06 22:00:00,17.255,17.255,17.255,17.255,17.255,17.255,17.255,17.255,17.255,17.255,17.255,17.255
2011-08-06 23:00:00,17.255,17.255,17.255,17.255,17.255,17.255,17.255,17.255,17.255,17.255,17.255,17.255
2011-08-07 00:00:00,17.894,17.894,17.894,17.894,17.894,17.894,17.894,17.894,17.894,17.894,17.894,17.894
2011-08-07 01:00:00,17.894,17.894,17.894,17.894,17.894,17.894,17.894,17.894,17.894,17.894,17.894,17.894
2011-08-07 02:00:00,17.894,17.894,17.894,17.894,17.894,17.894,17.894,17.894,17.894,17.894,17.894,17.894
2011-08-07 03:00:00,17.894,17.894,17.894,17.894,17.894,17.894,17.894,17.894,17.894,17.894,17.894,17.894
2011-08-07 04:00:00,17.894,17.894,17.894,17.894,17.894,17.894,17.894,17.894,17.894,17.894,17.894,17.894
2011-08-07 05:00:00,17.894,17.894,17.894,17.894,17.894,17.894,17.894,17.894,17.894,17.894,17.894,17.894
2011-08-07 06:00:00,17.894,17.894,17.894,17.894,17.894,17.894,17.894,17.894,17.894,17.894,17.894,17.894
2011-08-07 07:00:00,17.643,17.643,17.643,17.643,17.643,17.643,17.643,17.643,17.643,17.643,17.643,17.643
2011-08-07 08:00:00,3.694,3.694,3.694,3.694,3.694,3.694,3.694,3.694,3.694,3.694,3.694,3.694
2011-08-07 09:00:00,3.283,3.283,3.283,3.283,3.283,3.283,3.283,3.283,3.283,3.283,3.283,3.283
2011-08-07 10:00:00,3.248,3.248,3.248,3.248,3.248,3.248,3.248,3.248,3.248,3.248,3.248,3.248
2011-08-07 11:00:00,3.248,3.248,3.248,3.248,3.248,3.248,3.248,3.248,3.248,3.248,3.248,3.248
2011-08-07 12:00:00,3.248,3.248,3.248,3.248,3.248,3.248,3.248,3.248,3.248,3.248,3.248,3.248
2011-08-07 13:00:00,3.248,3.248,3.248,3.248,3.248,3.248,3.248,3.248,3.248,3.248,3.248,3.248
2011-08-07 14:00:00,3.632,3.632,3.632,3.632,3.632,3.632,3.632,3.632,3.632,3.632,3.632,3.632
2011-08-07 15:00:00,17.643,17.643,17.643,17.643,17.643,17.643,17.643,17.643,17.643,17.643,17.643,17.643
2011-08-07 16:00:00,17.894,17.894,17.894,17.894,17.894,17.894,17.894,17.894,17.894,17.894,17.894,17.894
2011-08-07 17:00:00,17.894,17.894,17.894,17.894,17.894,17.894,17.894,17.894,17.894,17.894,17.894,17.894
2011-08-07 18:00:00,17.894,17.894,17.894,17.894,17.894,17.894,17.894,17.894,17.894,17.894,17.894,17.894
2011-08-07 19:00:00,17.894,17.894,17.894,17.894,17.894,17.894,17.894,17.894,17.894,17.894,17.894,17.894
2011-08-07 20:00:00,17.894,17.894,17.894,17.894,17.894,17.894,17.894,17.894,17.894,17.894,17.894,17.894
2011-08-07 21:00:00,17.894,17.894,17.894,17.894,17.894,17.894,17.894,17.894,17.894,17.894,17.894,17.894
2011-08-07 22:00:00,17.894,17.894,17.894,17.894,17.894,17.894,17.894,17.894,17.894,17.894,17.894,17.894
2011-08-07 23:00:00,17.894,17.894,17.894,17.894,17.894,17.894,17.894,17.894,17.894,17.894,17.894,17.894
2011-08-08 00:00:00,17.418,17.418,17.418,17.418,17.418,17.418,17.418,17.418,17.418,17.418,17.418,17.418
2011-08-08 01:00:00,17.418,17.418,17.418,17.418,17.418,17.418,17.418,17.418,17.418,17.418,17.418,17.418
2011-08-08 02:00:00,17.418,17.418,17.418,17.418,17.418,17.418,17.418,17.418,17.418,17.418,17.418,17.418
2011-08-08 03:00:00,17.418,17.418,17.418,17.418,17.418,17.418,17.418,17.418,17.418,17.418,17.418,17.418
2011-08-08 04:00:00,17.418,17.418,17.418,17.418,17.418,17.418,17.418,17.418,17.418,17.418,17.418,17.418
2011-08-08 05:00:00,17.418,17.418,17.418,17.418,17.418,17.418,17.418,17.418,17.418,17.418,17.418,17.418
2011-08-08 06:00:00,17.178,17.178,17.178,17.178,17.178,17.178,17.178,17.178,17.178,17.178,17.178,17.178
2011-08-08 07:00:00,10.725,10.725,10.725,10.725,10.725,10.725,10.725,10.725,10.725,10.725,10.725,10.725
2011-08-08 08:00:00,4.974,4.974,4.974,4.974,4.974,4.974,4.974,4.974,4.974,4.974,4.974,4.974
2011-08-08 09:00:00,3.708,3.708,3.708,3.708,3.708,3.708,3.708,3.708,3.708,3.708,3.708,3.708
2011-08-08 10:00:00,3.634,3.634,3.634,3.634,3.634,3.634,3.634,3.634,3.634,3.634,3.634,3.634
2011-08-08 11:00:00,3.484,3.484,3.484,3.484,3.484,3.484,3.484,3.484,3.484,3.484,3.484,3.484
2011-08-08 12:00:00,3.484,3.484,3.484,3.484,3.484,3.484,3.484,3.484,3.484,3.484,3.484,3.484
2011-08-08 13:00:00,3.592,3.592,3.592,3.592,3.592,3.592,3.592,3.592,3.592,3.592,3.592,3.592
2011-08-08 14:00:00,3.67,3.67,3.67,3.67,3.67,3.67,3.67,3.67,3.67,3.67,3.67,3.67
2011-08-08 15:00:00,5.515,5.515,5.515,5.515,5.515,5.515,5.515,5.515,5.515,5.515,5.515,5.515
2011-08-08 16:00:00,17.418,17.418,17.418,17.418,17.418,17.418,17.418,17.418,17.418,17.418,17.418,17.418
2011-08-08 17:00:00,17.418,17.418,17.418,17.418,17.418,17.418,17.418,17.418,17.418,17.418,17.418,17.418
2011-08-08 18:00:00,17.549,17.549,17.549,17.549,17.549,17.549,17.549,17.549,17.549,17.549,17.549,17.549
2011-08-08 19:00:00,17.564,17.564,17.564,17.564,17.564,17.564,17.564,17.564,17.564,17.564,17.564,17.564
2011-08-08 20:00:00,17.418,17.418,17.418,17.418,17.418,17.418,17.418,17.418,17.418,17.418,17.418,17.418
2011-08-08 21:00:00,17.564,17.564,17.564,17.564,17.564,17.564,17.564,17.564,17.564,17.564,17.564,17.564
2011-08-08 22:00:00,17.742,17.742,17.742,17.742,17.742,17.742,17.742,17.742,17.742,17.742,17.742,17.742
2011-08-08 23:00:00,17.609,17.609,17.609,17.609,17.609,17.609,17.609,17.609,17.609,17.609,17.609,17.609
2011-08-09 00:00:00,19.888,19.888,19.888,19.888,19.888,19.888,19.888,19.888,19.888,19.888,19.888,19.888
2011-08-09 01:00:00,19.888,19.888,19.888,19.888,19.888,19.888,19.888,19.888,19.888,19.888,19.888,19.888
2011-08-09 02:00:00,19.888,19.888,19.888,19.888,19.888,19.888,19.888,19.888,19.888,19.888,19.888,19.888
2011-08-09 03:00:00,19.888,19.888,19.888,19.888,19.888,19.888,19.888,19.888,19.888,19.888,19.888,19.888
2011-08-09 04:00:00,19.888,19.888,19.888,19.888,19.888,19.888,19.888,19.888,19.888,19.888,19.888,19.888
2011-08-09 05:00:00,20.078,20.078,20.078,20.078,20.078,20.078,20.078,20.078,20.078,20.078,20.078,20.078
2011-08-09 06:00:00,19.525,19.525,19.525,19.525,19.525,19.525,19.525,19.525,19.525,19.525,19.525,19.525
2011-08-09 07:00:00,17.022,17.022,17.022,17.022,17.022,17.022,17.022,17.022,17.022,17.022,17.022,17.022
2011-08-09 08:00:00,3.953,3.953,3.953,3.953,3.953,3.953,3.953,3.953,3.953,3.953,3.953,3.953
2011-08-09 09:00:00,3.936,3.936,3.936,3.936,3.936,3.936,3.936,3.936,3.936,3.936,3.936,3.936
2011-08-09 10:00:00,3.524,3.524,3.524,3.524,3.524,3.524,3.524,3.524,3.524,3.524,3.524,3.524
2011-08-09 11:00:00,3.524,3.524,3.524,3.524,3.524,3.524,3.524,3.524,3.524,3.524,3.524,3.524
2011-08-09 12:00:00,3.524,3.524,3.524,3.524,3.524,3.524,3.524,3.524,3.524,3.524,3.524,3.524
2011-08-09 13:00:00,3.524,3.524,3.524,3.524,3.524,3.524,3.524,3.524,3.524,3.524,3.524,3.524
2011-08-09 14:00:00,3.715,3.715,3.715,3.715,3.715,3.715,3.715,3.715,3.715,3.715,3.715,3.715
2011-08-09 15:00:00,3.953,3.953,3.953,3.953,3.953,3.953,3.953,3.953,3.953,3.953,3.953,3.953
2011-08-09 16:00:00,19.507,19.507,19.507,19.507,19.507,19.507,19.507,19.507,19.507,19.507,19.507,19.507
2011-08-09 17:00:00,19.582,19.582,19.582,19.582,19.582,19.582,19.582,19.582,19.582,19.582,19.582,19.582
2011-08-09 18:00:00,19.69,19.69,19.69,19.69,19.69,19.69,19.69,19.69,19.69,19.69,19.69,19.69
2011-08-09 19:00:00,19.888,19.888,19.888,19.888,19.888,19.888,19.888,19.888,19.888,19.888,19.888,19.888
2011-08-09 20:00:00,19.888,19.888,19.888,19.888,19.888,19.888,19.888,19.888,19.888,19.888,19.888,19.888
2011-08-09 21:00:00,19.888,19.888,19.888,19.888,19.888,19.888,19.888,19.888,19.888,19.888,19.888,19.888
2011-08-09 22:00:00,19.888,19.888,19.888,19.888,19.888,19.888,19.888,19.888,19.888,19.888,19.888,19.888
2011-08-09 23:00:00,19.888,19.888,19.888,19.888,19.888,19.888,19.888,19.888,19.888,19.888,19.888,19.888
2011-08-10 00:00:00,19.916,19.916,19.916,19.916,19.916,19.916,19.916,19.916,19.916,19.916,19.916,19.916
2011-08-10 01:00:00,19.916,19.916,19.916,19.916,19.916,19.916,19.916,19.916,19.916,19.916,19.916,19.916
2011-08-10 02:00:00,19.916,19.916,19.916,19.916,19.916,19.916,19.916,19.916,19.916,19.916,19.916,19.916
2011-08-10 03:00:00,19.916,19.916,19.916,19.916,19.916,19.916,19.916,19.916,19.916,19.916,19.916,19.916
2011-08-10 04:00:00,19.916,19.916,19.916,19.916,19.916,19.916,19.916,19.916,19.916,19.916,19.916,19.916
2011-08-10 05:00:00,20.009,20.009,20.009,20.009,20.009,20.009,20.009,20.009,20.009,20.009,20.009,20.009
2011-08-10 06:00:00,18.899,18.899,18.899,18.899,18.899,18.899,18.899,18.899,18.899,18.899,18.899,18.899
2011-08-10 07:00:00,5.16,5.16,5.16,5.16,5.16,5.16,5.16,5.16,5.16,5.16,5.16,5.16
2011-08-10 08:00:00,3.59,3.59,3.59,3.59,3.59,3.59,3.59,3.59,3.59,3.59,3.59,3.59
2011-08-10 09:00:00,3.453,3.453,3.453,3.453,3.453,3.453,3.453,3.453,3.453,3.453,3.453,3.453
2011-08-10 10:00:00,3.453,3.453,3.453,3.453,3.453,3.453,3.453,3.453,3.453,3.453,3.453,3.453
2011-08-10 11:00:00,3.453,3.453,3.453,3.453,3.453,3.453,3.453,3.453,3.453,3.453,3.453,3.453
2011-08-10 12:00:00,3.453,3.453,3.453,3.453,3.453,3.453,3.453,3.453,3.453,3.453,3.453,3.453
2011-08-10 13:00:00,3.453,3.453,3.453,3.453,3.453,3.453,3.453,3.453,3.453,3.453,3.453,3.453
2011-08-10 14:00:00,3.484,3.484,3.484,3.484,3.484,3.484,3.484,3.484,3.484,3.484,3.484,3.484
2011-08-10 15:00:00,3.818,3.818,3.818,3.818,3.818,3.818,3.818,3.818,3.818,3.818,3.818,3.818
2011-08-10 16:00:00,19.916,19.916,19.916,19.916,19.916,19.916,19.916,19.916,19.916,19.916,19.916,19.916
2011-08-10 17:00:00,19.916,19.916,19.916,19.916,19.916,19.916,19.916,19.916,19.916,19.916,19.916,19.916
2011-08-10 18:00:00,19.916,19.916,19.916,19.916,19.916,19.916,19.916,19.916,19.916,19.916,19.916,19.916
2011-08-10 19:00:00,19.916,19.916,19.916,19.916,19.916,19.916,19.916,19.916,19.916,19.916,19.916,19.916
2011-08-10 20:00:00,19.916,19.916,19.916,19.916,19.916,19.916,19.916,19.916,19.916,19.916,19.916,19.916
2011-08-10 21:00:00,19.916,19.916,19.916,19.916,19.916,19.916,19.916,19.916,19.916,19.916,19.916,19.916
2011-08-10 22:00:00,19.916,19.916,19.916,19.916,19.916,19.916,19.916,19.916,19.916,19.916,19.916,19.916
2011-08-10 23:00:00,19.916,19.916,19.916,19.916,19.916,19.916,19.916,19.916,19.916,19.916,19.916,19.916
2011-08-11 00:00:00,21.095,21.095,21.095,21.095,21.095,21.095,21.095,21.095,21.095,21.095,21.095,21.095
2011-08-11 01:00:00,21.095,21.095,21.095,21.095,21.095,21.095,21.095,21.095,21.095,21.095,21.095,21.095
2011-08-11 02:00:00,21.095,21.095,21.095,21.095,21.095,21.095,21.095,21.095,21.095,21.095,21.095,21.095
2011-08-11 03:00:00,21.095,21.095,21.095,21.095,21.095,21.095,21.095,21.095,21.095,21.095,21.095,21.095
2011-08-11 04:00:00,21.095,21.095,21.095,21.095,21.095,21.095,21.095,21.095,21.095,21.095,21.095,21.095
2011-08-11 05:00:00,21.095,21.095,21.095,21.095,21.095,21.095,21.095,21.095,21.095,21.095,21.095,21.095
2011-08-11 06:00:00,20.044,20.044,20.044,20.044,20.044,20.044,20.044,20.044,20.044,20.044,20.044,20.044
2011-08-11 07:00:00,14.783,14.783,14.783,14.783,14.783,14.783,14.783,14.783,14.783,14.783,14.783,14.783
2011-08-11 08:00:00,14.783,14.783,14.783,14.783,14.783,14.783,14.783,14.783,14.783,14.783,14.783,14.783
2011-08-11 09:00:00,14.783,14.783,14.783,14.783,14.783,14.783,14.783,14.783,14.783,14.783,14.783,14.783
2011-08-11 10:00:00,14.783,14.783,14.783,14.783,14.783,14.783,14.783,14.783,14.783,14.783,14.783,14.783
2011-08-11 11:00:00,14.783,14.783,14.783,14.783,14.783,14.783,14.783,14.783,14.783,14.783,14.783,14.783
2011-08-11 12:00:00,17.023,17.023,17.023,17.023,17.023,17.023,17.023,17.023,17.023,17.023,17.023,17.023
2011-08-11 13:00:00,17.425,17.425,17.425,17.425,17.425,17.425,17.425,17.425,17.425,17.425,17.425,17.425
2011-08-11 14:00:00,18.34,18.34,18.34,18.34,18.34,18.34,18.34,18.34,18.34,18.34,18.34,18.34
2011-08-11 15:00:00,20.207,20.207,20.207,20.207,20.207,20.207,20.207,20.207,20.207,20.207,20.207,20.207
2011-08-11 16:00:00,21.124,21.124,21.124,21.124,21.124,21.124,21.124,21.124,21.124,21.124,21.124,21.124
2011-08-11 17:00:00,21.124,21.124,21.124,21.124,21.124,21.124,21.124,21.124,21.124,21.124,21.124,21.124
2011-08-11 18:00:00,21.217,21.217,21.217,21.217,21.217,21.217,21.217,21.217,21.217,21.217,21.217,21.217
2011-08-11 19:00:00,21.217,21.217,21.217,21.217,21.217,21.217,21.217,21.217,21.217,21.217,21.217,21.217
2011-08-11 20:00:00,21.217,21.217,21.217,21.217,21.217,21.217,21.217,21.217,21.217,21.217,21.217,21.217
2011-08-11 21:00:00,21.354,21.354,21.354,21.354,21.354,21.354,21.354,21.354,21.354,21.354,21.354,21.354
2011-08-11 22:00:00,21.095,21.095,21.095,21.095,21.095,21.095,21.095,21.095,21.095,21.095,21.095,21.095
2011-08-11 23:00:00,21.151,21.151,21.151,21.151,21.151,21.151,21.151,21.151,21.151,21.151,21.151,21.151
2011-08-12 00:00:00,25.461,25.461,25.461,25.461,25.461,25.461,25.461,25.461,25.461,25.461,25.461,25.461
2011-08-12 01:00:00,25.461,25.461,25.461,25.461,25.461,25.461,25.461,25.461,25.461,25.461,25.461,25.461
2011-08-12 02:00:00,25.461,25.461,25.461,25.461,25.461,25.461,25.461,25.461,25.461,25.461,25.461,25.461
2011-08-12 03:00:00,25.461,25.461,25.461,25.461,25.461,25.461,25.461,25.461,25.461,25.461,25.461,25.461
2011-08-12 04:00:00,25.461,25.461,25.461,25.461,25.461,25.461,25.461,25.461,25.461,25.461,25.461,25.461
2011-08-12 05:00:00,25.932,25.932,25.932,25.932,25.932,25.932,25.932,25.932,25.932,25.932,25.932,25.932
2011-08-12 06:00:00,22.668,22.668,22.668,22.668,22.668,22.668,22.668,22.668,22.668,22.668,22.668,22.668
2011-08-12 07:00:00,17.943,17.943,17.943,17.943,17.943,17.943,17.943,17.943,17.943,17.943,17.943,17.943
2011-08-12 08:00:00,17.943,17.943,17.943,17.943,17.943,17.943,17.943,17.943,17.943,17.943,17.943,17.943
2011-08-12 09:00:00,17.492,17.492,17.492,17.492,17.492,17.492,17.492,17.492,17.492,17.492,17.492,17.492
2011-08-12 10:00:00,18.477,18.477,18.477,18.477,18.477,18.477,18.477,18.477,18.477,18.477,18.477,18.477
2011-08-12 11:00:00,17.492,17.492,17.492,17.492,17.492,17.492,17.492,17.492,17.492,17.492,17.492,17.492
2011-08-12 12:00:00,17.492,17.492,17.492,17.492,17.492,17.492,17.492,17.492,17.492,17.492,17.492,17.492
2011-08-12 13:00:00,17.492,17.492,17.492,17.492,17.492,17.492,17.492,17.492,17.492,17.492,17.492,17.492
2011-08-12 14:00:00,17.492,17.492,17.492,17.492,17.492,17.492,17.492,17.492,17.492,17.492,17.492,17.492
2011-08-12 15:00:00,22.913,22.913,22.913,22.913,22.913,22.913,22.913,22.913,22.913,22.913,22.913,22.913
2011-08-12 16:00:00,25.461,25.461,25.461,25.461,25.461,25.461,25.461,25.461,25.461,25.461,25.461,25.461
2011-08-12 17:00:00,25.461,25.461,25.461,25.461,25.461,25.461,25.461,25.461,25.461,25.461,25.461,25.461
2011-08-12 18:00:00,25.461,25.461,25.461,25.461,25.461,25.461,25.461,25.461,25.461,25.461,25.461,25.461
2011-08-12 19:00:00,25.461,25.461,25.461,25.461,25.461,25.461,25.461,25.461,25.461,25.461,25.461,25.461
2011-08-12 20:00:00,25.461,25.461,25.461,25.461,25.461,25.461,25.461,25.461,25.461,25.461,25.461,25.461
2011-08-12 21:00:00,25.461,25.461,25.461,25.461,25.461,25.461,25.461,25.461,25.461,25.461,25.461,25.461
2011-08-12 22:00:00,25.461,25.461,25.461,25.461,25.461,25.461,25.461,25.461,25.461,25.461,25.461,25.461
2011-08-12 23:00:00,25.461,25.461,25.461,25.461,25.461,25.461,25.461,25.461,25.461,25.461,25.461,25.461
2011-08-13 00:00:00,22.521,22.521,22.521,22.521,22.521,22.521,22.521,22.521,22.521,22.521,22.521,22.521
2011-08-13 01:00:00,22.521,22.521,22.521,22.521,22.521,22.521,22.521,22.521,22.521,22.521,22.521,22.521
2011-08-13 02:00:00,22.521,22.521,22.521,22.521,22.521,22.521,22.521,22.521,22.521,22.521,22.521,22.521
2011-08-13 03:00:00,22.521,22.521,22.521,22.521,22.521,22.521,22.521,22.521,22.521,22.521,22.521,22.521
2011-08-13 04:00:00,22.521,22.521,22.521,22.521,22.521,22.521,22.521,22.521,22.521,22.521,22.521,22.521
2011-08-13 05:00:00,22.521,22.521,22.521,22.521,22.521,22.521,22.521,22.521,22.521,22.521,22.521,22.521
2011-08-13 06:00:00,22.421,22.421,22.421,22.421,22.421,22.421,22.421,22.421,22.421,22.421,22.421,22.421
2011-08-13 07:00:00,22.223,22.223,22.223,22.223,22.223,22.223,22.223,22.223,22.223,22.223,22.223,22.223
2011-08-13 08:00:00,18.56,18.56,18.56,18.56,18.56,18.56,18.56,18.56,18.56,18.56,18.56,18.56
2011-08-13 09:00:00,17.664,17.664,17.664,17.664,17.664,17.664,17.664,17.664,17.664,17.664,17.664,17.664
2011-08-13 10:00:00,17.664,17.664,17.664,17.664,17.664,17.664,17.664,17.664,17.664,17.664,17.664,17.664
2011-08-13 11:00:00,17.664,17.664,17.664,17.664,17.664,17.664,17.664,17.664,17.664,17.664,17.664,17.664
2011-08-13 12:00:00,17.664,17.664,17.664,17.664,17.664,17.664,17.664,17.664,17.664,17.664,17.664,17.664
2011-08-13 13:00:00,18.185,18.185,18.185,18.185,18.185,18.185,18.185,18.185,18.185,18.185,18.185,18.185
2011-08-13 14:00:00,21.512,21.512,21.512,21.512,21.512,21.512,21.512,21.512,21.512,21.512,21.512,21.512
2011-08-13 15:00:00,22.421,22.421,22.421,22.421,22.421,22.421,22.421,22.421,22.421,22.421,22.421,22.421
2011-08-13 16:00:00,22.421,22.421,22.421,22.421,22.421,22.421,22.421,22.421,22.421,22.421,22.421,22.421
2011-08-13 17:00:00,22.421,22.421,22.421,22.421,22.421,22.421,22.421,22.421,22.421,22.421,22.421,22.421
2011-08-13 18:00:00,22.421,22.421,22.421,22.421,22.421,22.421,22.421,22.421,22.421,22.421,22.421,22.421
2011-08-13 19:00:00,22.421,22.421,22.421,22.421,22.421,22.421,22.421,22.421,22.421,22.421,22.421,22.421
2011-08-13 20:00:00,22.421,22.421,22.421,22.421,22.421,22.421,22.421,22.421,22.421,22.421,22.421,22.421
2011-08-13 21:00:00,22.421,22.421,22.421,22.421,22.421,22.421,22.421,22.421,22.421,22.421,22.421,22.421
2011-08-13 22:00:00,22.421,22.421,22.421,22.421,22.421,22.421,22.421,22.421,22.421,22.421,22.421,22.421
2011-08-13 23:00:00,22.421,22.421,22.421,22.421,22.421,22.421,22.421,22.421,22.421,22.421,22.421,22.421
2011-08-14 00:00:00,19.004,19.004,19.004,19.004,19.004,19.004,19.004,19.004,19.004,19.004,19.004,19.004
2011-08-14 01:00:00,19.004,19.004,19.004,19.004,19.004,19.004,19.004,19.004,19.004,19.004,19.004,19.004
2011-08-14 02:00:00,19.004,19.004,19.004,19.004,19.004,19.004,19.004,19.004,19.004,19.004,19.004,19.004
2011-08-14 03:00:00,19.004,19.004,19.004,19.004,19.004,19.004,19.004,19.004,19.004,19.004,19.004,19.004
2011-08-14 04:00:00,19.004,19.004,19.004,19.004,19.004,19.004,19.004,19.004,19.004,19.004,19.004,19.004
2011-08-14 05:00:00,19.004,19.004,19.004,19.004,19.004,19.004,19.004,19.004,19.004,19.004,19.004,19.004
2011-08-14 06:00:00,19.004,19.004,19.004,19.004,19.004,19.004,19.004,19.004,19.004,19.004,19.004,19.004
2011-08-14 07:00:00,8.248,8.248,8.248,8.248,8.248,8.248,8.248,8.248,8.248,8.248,8.248,8.248
2011-08-14 08:00:00,6.584,6.584,6.584,6.584,6.584,6.584,6.584,6.584,6.584,6.584,6.584,6.584
2011-08-14 09:00:00,5.293,5.293,5.293,5.293,5.293,5.293,5.293,5.293,5.293,5.293,5.293,5.293
2011-08-14 10:00:00,5.482,5.482,5.482,5.482,5.482,5.482,5.482,5.482,5.482,5.482,5.482,5.482
2011-08-14 11:00:00,5.482,5.482,5.482,5.482,5.482,5.482,5.482,5.482,5.482,5.482,5.482,5.482
2011-08-14 12:00:00,7.163,7.163,7.163,7.163,7.163,7.163,7.163,7.163,7.163,7.163,7.163,7.163
2011-08-14 13:00:00,7.204,7.204,7.204,7.204,7.204,7.204,7.204,7.204,7.204,7.204,7.204,7.204
2011-08-14 14:00:00,8.196,8.196,8.196,8.196,8.196,8.196,8.196,8.196,8.196,8.196,8.196,8.196
2011-08-14 15:00:00,19.004,19.004,19.004,19.004,19.004,19.004,19.004,19.004,19.004,19.004,19.004,19.004
2011-08-14 16:00:00,19.004,19.004,19.004,19.004,19.004,19.004,19.004,19.004,19.004,19.004,19.004,19.004
2011-08-14 17:00:00,23.271,23.271,23.271,23.271,23.271,23.271,23.271,23.271,23.271,23.271,23.271,23.271
2011-08-14 18:00:00,23.271,23.271,23.271,23.271,23.271,23.271,23.271,23.271,23.271,23.271,23.271,23.271
2011-08-14 19:00:00,23.271,23.271,23.271,23.271,23.271,23.271,23.271,23.271,23.271,23.271,23.271,23.271
2011-08-14 20:00:00,23.271,23.271,23.271,23.271,23.271,23.271,23.271,23.271,23.271,23.271,23.271,23.271
2011-08-14 21:00:00,23.527,23.527,23.527,23.527,23.527,23.527,23.527,23.527,23.527,23.527,23.527,23.527
2011-08-14 22:00:00,23.527,23.527,23.527,23.527,23.527,23.527,23.527,23.527,23.527,23.527,23.527,23.527
2011-08-14 23:00:00,23.527,23.527,23.527,23.527,23.527,23.527,23.527,23.527,23.527,23.527,23.527,23.527
2011-08-15 00:00:00,40.048,40.048,40.048,40.048,40.048,40.048,40.048,40.048,40.048,40.048,40.048,40.048
2011-08-15 01:00:00,40.048,40.048,40.048,40.048,40.048,40.048,40.048,40.048,40.048,40.048,40.048,40.048
2011-08-15 02:00:00,40.048,40.048,40.048,40.048,40.048,40.048,40.048,40.048,40.048,40.048,40.048,40.048
2011-08-15 03:00:00,40.048,40.048,40.048,40.048,40.048,40.048,40.048,40.048,40.048,40.048,40.048,40.048
2011-08-15 04:00:00,40.046,40.046,40.046,40.046,40.046,40.046,40.046,40.046,40.046,40.046,40.046,40.046
2011-08-15 05:00:00,40.046,40.046,40.046,40.046,40.046,40.046,40.046,40.046,40.046,40.046,40.046,40.046
2011-08-15 06:00:00,18.487,18.487,18.487,18.487,18.487,18.487,18.487,18.487,18.487,18.487,18.487,18.487
2011-08-15 07:00:00,17.24,17.24,17.24,17.24,17.24,17.24,17.24,17.24,17.24,17.24,17.24,17.24
2011-08-15 08:00:00,15.928,15.928,15.928,15.928,15.928,15.928,15.928,15.928,15.928,15.928,15.928,15.928
2011-08-15 09:00:00,14.877,14.877,14.877,14.877,14.877,14.877,14.877,14.877,14.877,14.877,14.877,14.877
2011-08-15 10:00:00,16.498,16.498,16.498,16.498,16.498,16.498,16.498,16.498,16.498,16.498,16.498,16.498
2011-08-15 11:00:00,14.877,14.877,14.877,14.877,14.877,14.877,14.877,14.877,14.877,14.877,14.877,14.877
2011-08-15 12:00:00,14.877,14.877,14.877,14.877,14.877,14.877,14.877,14.877,14.877,14.877,14.877,14.877
2011-08-15 13:00:00,16.725,16.725,16.725,16.725,16.725,16.725,16.725,16.725,16.725,16.725,16.725,16.725
2011-08-15 14:00:00,17.0,17.0,17.0,17.0,17.0,17.0,17.0,17.0,17.0,17.0,17.0,17.0
2011-08-15 15:00:00,17.623,17.623,17.623,17.623,17.623,17.623,17.623,17.623,17.623,17.623,17.623,17.623
2011-08-15 16:00:00,18.725,18.725,18.725,18.725,18.725,18.725,18.725,18.725,18.725,18.725,18.725,18.725
2011-08-15 17:00:00,26.241,26.241,26.241,26.241,26.241,26.241,26.241,26.241,26.241,26.241,26.241,26.241
2011-08-15 18:00:00,26.824,26.824,26.824,26.824,26.824,26.824,26.824,26.824,26.824,26.824,26.824,26.824
2011-08-15 19:00:00,26.824,26.824,26.824,26.824,26.824,26.824,26.824,26.824,26.824,26.824,26.824,26.824
2011-08-15 20:00:00,26.824,26.824,26.824,26.824,26.824,26.824,26.824,26.824,26.824,26.824,26.824,26.824
2011-08-15 21:00:00,26.824,26.824,26.824,26.824,26.824,26.824,26.824,26.824,26.824,26.824,26.824,26.824
2011-08-15 22:00:00,26.824,26.824,26.824,26.824,26.824,26.824,26.824,26.824,26.824,26.824,26.824,26.824
2011-08-15 23:00:00,26.824,26.824,26.824,26.824,26.824,26.824,26.824,26.824,26.824,26.824,26.824,26.824
2011-08-16 00:00:00,55.678,55.678,55.678,55.678,55.678,55.678,55.678,55.678,55.678,55.678,55.678,55.678
2011-08-16 01:00:00,55.678,55.678,55.678,55.678,55.678,55.678,55.678,55.678,55.678,55.678,55.678,55.678
2011-08-16 02:00:00,55.678,55.678,55.678,55.678,55.678,55.678,55.678,55.678,55.678,55.678,55.678,55.678
2011-08-16 03:00:00,55.678,55.678,55.678,55.678,55.678,55.678,55.678,55.678,55.678,55.678,55.678,55.678
2011-08-16 04:00:00,55.678,55.678,55.678,55.678,55.678,55.678,55.678,55.678,55.678,55.678,55.678,55.678
2011-08-16 05:00:00,55.678,55.678,55.678,55.678,55.678,55.678,55.678,55.678,55.678,55.678,55.678,55.678
2011-08-16 06:00:00,25.61,25.61,25.61,25.61,25.61,25.61,25.61,25.61,25.61,25.61,25.61,25.61
2011-08-16 07:00:00,23.548,23.548,23.548,23.548,23.548,23.548,23.548,23.548,23.548,23.548,23.548,23.548
2011-08-16 08:00:00,19.76,19.76,19.76,19.76,19.76,19.76,19.76,19.76,19.76,19.76,19.76,19.76
2011-08-16 09:00:00,19.602,19.602,19.602,19.602,19.602,19.602,19.602,19.602,19.602,19.602,19.602,19.602
2011-08-16 10:00:00,19.612,19.612,19.612,19.612,19.612,19.612,19.612,19.612,19.612,19.612,19.612,19.612
2011-08-16 11:00:00,19.602,19.602,19.602,19.602,19.602,19.602,19.602,19.602,19.602,19.602,19.602,19.602
2011-08-16 12:00:00,19.602,19.602,19.602,19.602,19.602,19.602,19.602,19.602,19.602,19.602,19.602,19.602
2011-08-16 13:00:00,21.682,21.682,21.682,21.682,21.682,21.682,21.682,21.682,21.682,21.682,21.682,21.682
2011-08-16 14:00:00,22.034,22.034,22.034,22.034,22.034,22.034,22.034,22.034,22.034,22.034,22.034,22.034
2011-08-16 15:00:00,23.585,23.585,23.585,23.585,23.585,23.585,23.585,23.585,23.585,23.585,23.585,23.585
2011-08-16 16:00:00,28.824,28.824,28.824,28.824,28.824,28.824,28.824,28.824,28.824,28.824,28.824,28.824
2011-08-16 17:00:00,55.678,55.678,55.678,55.678,55.678,55.678,55.678,55.678,55.678,55.678,55.678,55.678
2011-08-16 18:00:00,55.678,55.678,55.678,55.678,55.678,55.678,55.678,55.678,55.678,55.678,55.678,55.678
2011-08-16 19:00:00,55.678,55.678,55.678,55.678,55.678,55.678,55.678,55.678,55.678,55.678,55.678,55.678
2011-08-16 20:00:00,55.678,55.678,55.678,55.678,55.678,55.678,55.678,55.678,55.678,55.678,55.678,55.678
2011-08-16 21:00:00,55.678,55.678,55.678,55.678,55.678,55.678,55.678,55.678,55.678,55.678,55.678,55.678
2011-08-16 22:00:00,55.678,55.678,55.678,55.678,55.678,55.678,55.678,55.678,55.678,55.678,55.678,55.678
2011-08-16 23:00:00,55.678,55.678,55.678,55.678,55.678,55.678,55.678,55.678,55.678,55.678,55.678,55.678
2011-08-17 00:00:00,192.505,192.505,192.505,192.505,192.505,192.505,192.505,192.505,192.505,192.505,192.505,192.505
2011-08-17 01:00:00,192.505,192.505,192.505,192.505,192.505,192.505,192.505,192.505,192.505,192.505,192.505,192.505
2011-08-17 02:00:00,192.505,192.505,192.505,192.505,192.505,192.505,192.505,192.505,192.505,192.505,192.505,192.505
2011-08-17 03:00:00,192.505,192.505,192.505,192.505,192.505,192.505,192.505,192.505,192.505,192.505,192.505,192.505
2011-08-17 04:00:00,192.505,192.505,192.505,192.505,192.505,192.505,192.505,192.505,192.505,192.505,192.505,192.505
2011-08-17 05:00:00,192.505,192.505,192.505,192.505,192.505,192.505,192.505,192.505,192.505,192.505,192.505,192.505
2011-08-17 06:00:00,83.309,83.309,83.309,83.309,83.309,83.309,83.309,83.309,83.309,83.309,83.309,83.309
2011-08-17 07:00:00,75.245,75.245,75.245,75.245,75.245,75.245,75.245,75.245,75.245,75.245,75.245,75.245
2011-08-17 08:00:00,72.067,72.067,72.067,72.067,72.067,72.067,72.067,72.067,72.067,72.067,72.067,72.067
2011-08-17 09:00:00,72.049,72.049,72.049,72.049,72.049,72.049,72.049,72.049,72.049,72.049,72.049,72.049
2011-08-17 10:00:00,73.084,73.084,73.084,73.084,73.084,73.084,73.084,73.084,73.084,73.084,73.084,73.084
2011-08-17 11:00:00,73.471,73.471,73.471,73.471,73.471,73.471,73.471,73.471,73.471,73.471,73.471,73.471
2011-08-17 12:00:00,74.305,74.305,74.305,74.305,74.305,74.305,74.305,74.305,74.305,74.305,74.305,74.305
2011-08-17 13:00:00,74.535,74.535,74.535,74.535,74.535,74.535,74.535,74.535,74.535,74.535,74.535,74.535
2011-08-17 14:00:00,74.597,74.597,74.597,74.597,74.597,74.597,74.597,74.597,74.597,74.597,74.597,74.597
2011-08-17 15:00:00,80.195,80.195,80.195,80.195,80.195,80.195,80.195,80.195,80.195,80.195,80.195,80.195
2011-08-17 16:00:00,192.505,192.505,192.505,192.505,192.505,192.505,192.505,192.505,192.505,192.505,192.505,192.505
2011-08-17 17:00:00,193.366,193.366,193.366,193.366,193.366,193.366,193.366,193.366,193.366,193.366,193.366,193.366
2011-08-17 18:00:00,193.366,193.366,193.366,193.366,193.366,193.366,193.366,193.366,193.366,193.366,193.366,193.366
2011-08-17 19:00:00,193.366,193.366,193.366,193.366,193.366,193.366,193.366,193.366,193.366,193.366,193.366,193.366
2011-08-17 20:00:00,193.366,193.366,193.366,193.366,193.366,193.366,193.366,193.366,193.366,193.366,193.366,193.366
2011-08-17 21:00:00,193.366,193.366,193.366,193.366,193.366,193.366,193.366,193.366,193.366,193.366,193.366,193.366
2011-08-17 22:00:00,193.366,193.366,193.366,193.366,193.366,193.366,193.366,193.366,193.366,193.366,193.366,193.366
2011-08-17 23:00:00,193.366,193.366,193.366,193.366,193.366,193.366,193.366,193.366,193.366,193.366,193.366,193.366
2011-08-18 00:00:00,200.25,200.25,200.25,200.25,200.25,200.25,200.25,200.25,200.25,200.25,200.25,200.25
2011-08-18 01:00:00,200.25,200.25,200.25,200.25,200.25,200.25,200.25,200.25,200.25,200.25,200.25,200.25
2011-08-18 02:00:00,200.25,200.25,200.25,200.25,200.25,200.25,200.25,200.25,200.25,200.25,200.25,200.25
2011-08-18 03:00:00,200.25,200.25,200.25,200.25,200.25,200.25,200.25,200.25,200.25,200.25,200.25,200.25
2011-08-18 04:00:00,200.25,200.25,200.25,200.25,200.25,200.25,200.25,200.25,200.25,200.25,200.25,200.25
2011-08-18 05:00:00,200.25,200.25,200.25,200.25,200.25,200.25,200.25,200.25,200.25,200.25,200.25,200.25
2011-08-18 06:00:00,157.082,157.082,157.082,157.082,157.082,157.082,157.082,157.082,157.082,157.082,157.082,157.082
2011-08-18 07:00:00,80.145,80.145,80.145,80.145,80.145,80.145,80.145,80.145,80.145,80.145,80.145,80.145
2011-08-18 08:00:00,78.48,78.48,78.48,78.48,78.48,78.48,78.48,78.48,78.48,78.48,78.48,78.48
2011-08-18 09:00:00,77.182,77.182,77.182,77.182,77.182,77.182,77.182,77.182,77.182,77.182,77.182,77.182
2011-08-18 10:00:00,77.182,77.182,77.182,77.182,77.182,77.182,77.182,77.182,77.182,77.182,77.182,77.182
2011-08-18 11:00:00,77.182,77.182,77.182,77.182,77.182,77.182,77.182,77.182,77.182,77.182,77.182,77.182
2011-08-18 12:00:00,77.697,77.697,77.697,77.697,77.697,77.697,77.697,77.697,77.697,77.697,77.697,77.697
2011-08-18 13:00:00,77.98,77.98,77.98,77.98,77.98,77.98,77.98,77.98,77.98,77.98,77.98,77.98
2011-08-18 14:00:00,79.105,79.105,79.105,79.105,79.105,79.105,79.105,79.105,79.105,79.105,79.105,79.105
2011-08-18 15:00:00,83.167,83.167,83.167,83.167,83.167,83.167,83.167,83.167,83.167,83.167,83.167,83.167
2011-08-18 16:00:00,200.25,200.25,200.25,200.25,200.25,200.25,200.25,200.25,200.25,200.25,200.25,200.25
2011-08-18 17:00:00,200.25,200.25,200.25,200.25,200.25,200.25,200.25,200.25,200.25,200.25,200.25,200.25
2011-08-18 18:00:00,200.25,200.25,200.25,200.25,200.25,200.25,200.25,200.25,200.25,200.25,200.25,200.25
2011-08-18 19:00:00,200.25,200.25,200.25,200.25,200.25,200.25,200.25,200.25,200.25,200.25,200.25,200.25
2011-08-18 20:00:00,200.25,200.25,200.25,200.25,200.25,200.25,200.25,200.25,200.25,200.25,200.25,200.25
2011-08-18 21:00:00,200.25,200.25,200.25,200.25,200.25,200.25,200.25,200.25,200.25,200.25,200.25,200.25
2011-08-18 22:00:00,200.25,200.25,200.25,200.25,200.25,200.25,200.25,200.25,200.25,200.25,200.25,200.25
2011-08-18 23:00:00,200.25,200.25,200.25,200.25,200.25,200.25,200.25,200.25,200.25,200.25,200.25,200.25
2011-08-19 00:00:00,18.591,18.591,18.591,18.591,18.591,18.591,18.591,18.591,18.591,18.591,18.591,18.591
2011-08-19 01:00:00,18.498,18.498,18.498,18.498,18.498,18.498,18.498,18.498,18.498,18.498,18.498,18.498
2011-08-19 02:00:00,18.366,18.366,18.366,18.366,18.366,18.366,18.366,18.366,18.366,18.366,18.366,18.366
2011-08-19 03:00:00,18.35,18.35,18.35,18.35,18.35,18.35,18.35,18.35,18.35,18.35,18.35,18.35
2011-08-19 04:00:00,18.605,18.605,18.605,18.605,18.605,18.605,18.605,18.605,18.605,18.605,18.605,18.605
2011-08-19 05:00:00,19.008,19.008,19.008,19.008,19.008,19.008,19.008,19.008,19.008,19.008,19.008,19.008
2011-08-19 06:00:00,15.737,15.737,15.737,15.737,15.737,15.737,15.737,15.737,15.737,15.737,15.737,15.737
2011-08-19 07:00:00,6.556,6.556,6.556,6.556,6.556,6.556,6.556,6.556,6.556,6.556,6.556,6.556
2011-08-19 08:00:00,5.497,5.497,5.497,5.497,5.497,5.497,5.497,5.497,5.497,5.497,5.497,5.497
2011-08-19 09:00:00,4.942,4.942,4.942,4.942,4.942,4.942,4.942,4.942,4.942,4.942,4.942,4.942
2011-08-19 10:00:00,3.957,3.957,3.957,3.957,3.957,3.957,3.957,3.957,3.957,3.957,3.957,3.957
2011-08-19 11:00:00,3.935,3.935,3.935,3.935,3.935,3.935,3.935,3.935,3.935,3.935,3.935,3.935
2011-08-19 12:00:00,3.904,3.904,3.904,3.904,3.904,3.904,3.904,3.904,3.904,3.904,3.904,3.904
2011-08-19 13:00:00,3.904,3.904,3.904,3.904,3.904,3.904,3.904,3.904,3.904,3.904,3.904,3.904
2011-08-19 14:00:00,3.904,3.904,3.904,3.904,3.904,3.904,3.904,3.904,3.904,3.904,3.904,3.904
2011-08-19 15:00:00,6.253,6.253,6.253,6.253,6.253,6.253,6.253,6.253,6.253,6.253,6.253,6.253
2011-08-19 16:00:00,13.609,13.609,13.609,13.609,13.609,13.609,13.609,13.609,13.609,13.609,13.609,13.609
2011-08-19 17:00:00,13.609,13.609,13.609,13.609,13.609,13.609,13.609,13.609,13.609,13.609,13.609,13.609
2011-08-19 18:00:00,13.609,13.609,13.609,13.609,13.609,13.609,13.609,13.609,13.609,13.609,13.609,13.609
2011-08-19 19:00:00,13.609,13.609,13.609,13.609,13.609,13.609,13.609,13.609,13.609,13.609,13.609,13.609
2011-08-19 20:00:00,13.609,13.609,13.609,13.609,13.609,13.609,13.609,13.609,13.609,13.609,13.609,13.609
2011-08-19 21:00:00,13.609,13.609,13.609,13.609,13.609,13.609,13.609,13.609,13.609,13.609,13.609,13.609
2011-08-19 22:00:00,13.609,13.609,13.609,13.609,13.609,13.609,13.609,13.609,13.609,13.609,13.609,13.609
2011-08-19 23:00:00,13.609,13.609,13.609,13.609,13.609,13.609,13.609,13.609,13.609,13.609,13.609,13.609
2011-08-20 00:00:00,17.991,17.991,17.991,17.991,17.991,17.991,17.991,17.991,17.991,17.991,17.991,17.991
2011-08-20 01:00:00,17.991,17.991,17.991,17.991,17.991,17.991,17.991,17.991,17.991,17.991,17.991,17.991
2011-08-20 02:00:00,17.991,17.991,17.991,17.991,17.991,17.991,17.991,17.991,17.991,17.991,17.991,17.991
2011-08-20 03:00:00,17.991,17.991,17.991,17.991,17.991,17.991,17.991,17.991,17.991,17.991,17.991,17.991
2011-08-20 04:00:00,17.991,17.991,17.991,17.991,17.991,17.991,17.991,17.991,17.991,17.991,17.991,17.991
2011-08-20 05:00:00,17.991,17.991,17.991,17.991,17.991,17.991,17.991,17.991,17.991,17.991,17.991,17.991
2011-08-20 06:00:00,17.991,17.991,17.991,17.991,17.991,17.991,17.991,17.991,17.991,17.991,17.991,17.991
2011-08-20 07:00:00,13.709,13.709,13.709,13.709,13.709,13.709,13.709,13.709,13.709,13.709,13.709,13.709
2011-08-20 08:00:00,3.726,3.726,3.726,3.726,3.726,3.726,3.726,3.726,3.726,3.726,3.726,3.726
2011-08-20 09:00:00,3.377,3.377,3.377,3.377,3.377,3.377,3.377,3.377,3.377,3.377,3.377,3.377
2011-08-20 10:00:00,3.377,3.377,3.377,3.377,3.377,3.377,3.377,3.377,3.377,3.377,3.377,3.377
2011-08-20 11:00:00,3.377,3.377,3.377,3.377,3.377,3.377,3.377,3.377,3.377,3.377,3.377,3.377
2011-08-20 12:00:00,3.382,3.382,3.382,3.382,3.382,3.382,3.382,3.382,3.382,3.382,3.382,3.382
2011-08-20 13:00:00,3.484,3.484,3.484,3.484,3.484,3.484,3.484,3.484,3.484,3.484,3.484,3.484
2011-08-20 14:00:00,7.682,7.682,7.682,7.682,7.682,7.682,7.682,7.682,7.682,7.682,7.682,7.682
2011-08-20 15:00:00,17.991,17.991,17.991,17.991,17.991,17.991,17.991,17.991,17.991,17.991,17.991,17.991
2011-08-20 16:00:00,17.991,17.991,17.991,17.991,17.991,17.991,17.991,17.991,17.991,17.991,17.991,17.991
2011-08-20 17:00:00,18.624,18.624,18.624,18.624,18.624,18.624,18.624,18.624,18.624,18.624,18.624,18.624
2011-08-20 18:00:00,18.855,18.855,18.855,18.855,18.855,18.855,18.855,18.855,18.855,18.855,18.855,18.855
2011-08-20 19:00:00,18.663,18.663,18.663,18.663,18.663,18.663,18.663,18.663,18.663,18.663,18.663,18.663
2011-08-20 20:00:00,18.624,18.624,18.624,18.624,18.624,18.624,18.624,18.624,18.624,18.624,18.624,18.624
2011-08-20 21:00:00,18.904,18.904,18.904,18.904,18.904,18.904,18.904,18.904,18.904,18.904,18.904,18.904
2011-08-20 22:00:00,18.89,18.89,18.89,18.89,18.89,18.89,18.89,18.89,18.89,18.89,18.89,18.89
2011-08-20 23:00:00,18.89,18.89,18.89,18.89,18.89,18.89,18.89,18.89,18.89,18.89,18.89,18.89
2011-08-21 00:00:00,20.941,20.941,20.941,20.941,20.941,20.941,20.941,20.941,20.941,20.941,20.941,20.941
2011-08-21 01:00:00,20.941,20.941,20.941,20.941,20.941,20.941,20.941,20.941,20.941,20.941,20.941,20.941
2011-08-21 02:00:00,20.941,20.941,20.941,20.941,20.941,20.941,20.941,20.941,20.941,20.941,20.941,20.941
2011-08-21 03:00:00,20.941,20.941,20.941,20.941,20.941,20.941,20.941,20.941,20.941,20.941,20.941,20.941
2011-08-21 04:00:00,20.941,20.941,20.941,20.941,20.941,20.941,20.941,20.941,20.941,20.941,20.941,20.941
2011-08-21 05:00:00,20.941,20.941,20.941,20.941,20.941,20.941,20.941,20.941,20.941,20.941,20.941,20.941
2011-08-21 06:00:00,20.941,20.941,20.941,20.941,20.941,20.941,20.941,20.941,20.941,20.941,20.941,20.941
2011-08-21 07:00:00,20.813,20.813,20.813,20.813,20.813,20.813,20.813,20.813,20.813,20.813,20.813,20.813
2011-08-21 08:00:00,13.308,13.308,13.308,13.308,13.308,13.308,13.308,13.308,13.308,13.308,13.308,13.308
2011-08-21 09:00:00,10.304,10.304,10.304,10.304,10.304,10.304,10.304,10.304,10.304,10.304,10.304,10.304
2011-08-21 10:00:00,10.266,10.266,10.266,10.266,10.266,10.266,10.266,10.266,10.266,10.266,10.266,10.266
2011-08-21 11:00:00,10.266,10.266,10.266,10.266,10.266,10.266,10.266,10.266,10.266,10.266,10.266,10.266
2011-08-21 12:00:00,10.266,10.266,10.266,10.266,10.266,10.266,10.266,10.266,10.266,10.266,10.266,10.266
2011-08-21 13:00:00,10.266,10.266,10.266,10.266,10.266,10.266,10.266,10.266,10.266,10.266,10.266,10.266
2011-08-21 14:00:00,13.477,13.477,13.477,13.477,13.477,13.477,13.477,13.477,13.477,13.477,13.477,13.477
2011-08-21 15:00:00,20.846,20.846,20.846,20.846,20.846,20.846,20.846,20.846,20.846,20.846,20.846,20.846
2011-08-21 16:00:00,20.941,20.941,20.941,20.941,20.941,20.941,20.941,20.941,20.941,20.941,20.941,20.941
2011-08-21 17:00:00,20.941,20.941,20.941,20.941,20.941,20.941,20.941,20.941,20.941,20.941,20.941,20.941
2011-08-21 18:00:00,20.941,20.941,20.941,20.941,20.941,20.941,20.941,20.941,20.941,20.941,20.941,20.941
2011-08-21 19:00:00,20.941,20.941,20.941,20.941,20.941,20.941,20.941,20.941,20.941,20.941,20.941,20.941
2011-08-21 20:00:00,20.941,20.941,20.941,20.941,20.941,20.941,20.941,20.941,20.941,20.941,20.941,20.941
2011-08-21 21:00:00,20.941,20.941,20.941,20.941,20.941,20.941,20.941,20.941,20.941,20.941,20.941,20.941
2011-08-21 22:00:00,20.941,20.941,20.941,20.941,20.941,20.941,20.941,20.941,20.941,20.941,20.941,20.941
2011-08-21 23:00:00,20.941,20.941,20.941,20.941,20.941,20.941,20.941,20.941,20.941,20.941,20.941,20.941
2011-08-22 00:00:00,56.578,56.578,56.578,56.578,56.578,56.578,56.578,56.578,56.578,56.578,56.578,56.578
2011-08-22 01:00:00,56.578,56.578,56.578,56.578,56.578,56.578,56.578,56.578,56.578,56.578,56.578,56.578
2011-08-22 02:00:00,56.578,56.578,56.578,56.578,56.578,56.578,56.578,56.578,56.578,56.578,56.578,56.578
2011-08-22 03:00:00,56.578,56.578,56.578,56.578,56.578,56.578,56.578,56.578,56.578,56.578,56.578,56.578
2011-08-22 04:00:00,56.578,56.578,56.578,56.578,56.578,56.578,56.578,56.578,56.578,56.578,56.578,56.578
2011-08-22 05:00:00,56.578,56.578,56.578,56.578,56.578,56.578,56.578,56.578,56.578,56.578,56.578,56.578
2011-08-22 06:00:00,26.33,26.33,26.33,26.33,26.33,26.33,26.33,26.33,26.33,26.33,26.33,26.33
2011-08-22 07:00:00,21.457,21.457,21.457,21.457,21.457,21.457,21.457,21.457,21.457,21.457,21.457,21.457
2011-08-22 08:00:00,21.154,21.154,21.154,21.154,21.154,21.154,21.154,21.154,21.154,21.154,21.154,21.154
2011-08-22 09:00:00,20.54,20.54,20.54,20.54,20.54,20.54,20.54,20.54,20.54,20.54,20.54,20.54
2011-08-22 10:00:00,21.682,21.682,21.682,21.682,21.682,21.682,21.682,21.682,21.682,21.682,21.682,21.682
2011-08-22 11:00:00,21.744,21.744,21.744,21.744,21.744,21.744,21.744,21.744,21.744,21.744,21.744,21.744
2011-08-22 12:00:00,23.096,23.096,23.096,23.096,23.096,23.096,23.096,23.096,23.096,23.096,23.096,23.096
2011-08-22 13:00:00,23.538,23.538,23.538,23.538,23.538,23.538,23.538,23.538,23.538,23.538,23.538,23.538
2011-08-22 14:00:00,23.713,23.713,23.713,23.713,23.713,23.713,23.713,23.713,23.713,23.713,23.713,23.713
2011-08-22 15:00:00,27.262,27.262,27.262,27.262,27.262,27.262,27.262,27.262,27.262,27.262,27.262,27.262
2011-08-22 16:00:00,56.398,56.398,56.398,56.398,56.398,56.398,56.398,56.398,56.398,56.398,56.398,56.398
2011-08-22 17:00:00,56.578,56.578,56.578,56.578,56.578,56.578,56.578,56.578,56.578,56.578,56.578,56.578
2011-08-22 18:00:00,56.956,56.956,56.956,56.956,56.956,56.956,56.956,56.956,56.956,56.956,56.956,56.956
2011-08-22 19:00:00,56.578,56.578,56.578,56.578,56.578,56.578,56.578,56.578,56.578,56.578,56.578,56.578
2011-08-22 20:00:00,56.578,56.578,56.578,56.578,56.578,56.578,56.578,56.578,56.578,56.578,56.578,56.578
2011-08-22 21:00:00,56.578,56.578,56.578,56.578,56.578,56.578,56.578,56.578,56.578,56.578,56.578,56.578
2011-08-22 22:00:00,56.578,56.578,56.578,56.578,56.578,56.578,56.578,56.578,56.578,56.578,56.578,56.578
2011-08-22 23:00:00,56.578,56.578,56.578,56.578,56.578,56.578,56.578,56.578,56.578,56.578,56.578,56.578
2011-08-23 00:00:00,64.667,64.667,64.667,64.667,64.667,64.667,64.667,64.667,64.667,64.667,64.667,64.667
2011-08-23 01:00:00,64.667,64.667,64.667,64.667,64.667,64.667,64.667,64.667,64.667,64.667,64.667,64.667
2011-08-23 02:00:00,64.667,64.667,64.667,64.667,64.667,64.667,64.667,64.667,64.667,64.667,64.667,64.667
2011-08-23 03:00:00,64.667,64.667,64.667,64.667,64.667,64.667,64.667,64.667,64.667,64.667,64.667,64.667
2011-08-23 04:00:00,64.667,64.667,64.667,64.667,64.667,64.667,64.667,64.667,64.667,64.667,64.667,64.667
2011-08-23 05:00:00,64.667,64.667,64.667,64.667,64.667,64.667,64.667,64.667,64.667,64.667,64.667,64.667
2011-08-23 06:00:00,36.976,36.976,36.976,36.976,36.976,36.976,36.976,36.976,36.976,36.976,36.976,36.976
2011-08-23 07:00:00,25.101,25.101,25.101,25.101,25.101,25.101,25.101,25.101,25.101,25.101,25.101,25.101
2011-08-23 08:00:00,22.754,22.754,22.754,22.754,22.754,22.754,22.754,22.754,22.754,22.754,22.754,22.754
2011-08-23 09:00:00,22.489,22.489,22.489,22.489,22.489,22.489,22.489,22.489,22.489,22.489,22.489,22.489
2011-08-23 10:00:00,24.373,24.373,24.373,24.373,24.373,24.373,24.373,24.373,24.373,24.373,24.373,24.373
2011-08-23 11:00:00,24.373,24.373,24.373,24.373,24.373,24.373,24.373,24.373,24.373,24.373,24.373,24.373
2011-08-23 12:00:00,24.373,24.373,24.373,24.373,24.373,24.373,24.373,24.373,24.373,24.373,24.373,24.373
2011-08-23 13:00:00,24.373,24.373,24.373,24.373,24.373,24.373,24.373,24.373,24.373,24.373,24.373,24.373
2011-08-23 14:00:00,24.676,24.676,24.676,24.676,24.676,24.676,24.676,24.676,24.676,24.676,24.676,24.676
2011-08-23 15:00:00,27.368,27.368,27.368,27.368,27.368,27.368,27.368,27.368,27.368,27.368,27.368,27.368
2011-08-23 16:00:00,64.667,64.667,64.667,64.667,64.667,64.667,64.667,64.667,64.667,64.667,64.667,64.667
2011-08-23 17:00:00,64.667,64.667,64.667,64.667,64.667,64.667,64.667,64.667,64.667,64.667,64.667,64.667
2011-08-23 18:00:00,64.667,64.667,64.667,64.667,64.667,64.667,64.667,64.667,64.667,64.667,64.667,64.667
2011-08-23 19:00:00,64.667,64.667,64.667,64.667,64.667,64.667,64.667,64.667,64.667,64.667,64.667,64.667
2011-08-23 20:00:00,64.667,64.667,64.667,64.667,64.667,64.667,64.667,64.667,64.667,64.667,64.667,64.667
2011-08-23 21:00:00,64.667,64.667,64.667,64.667,64.667,64.667,64.667,64.667,64.667,64.667,64.667,64.667
2011-08-23 22:00:00,64.667,64.667,64.667,64.667,64.667,64.667,64.667,64.667,64.667,64.667,64.667,64.667
2011-08-23 23:00:00,64.667,64.667,64.667,64.667,64.667,64.667,64.667,64.667,64.667,64.667,64.667,64.667
2011-08-24 00:00:00,131.826,131.826,131.826,131.826,131.826,131.826,131.826,131.826,131.826,131.826,131.826,131.826
2011-08-24 01:00:00,131.826,131.826,131.826,131.826,131.826,131.826,131.826,131.826,131.826,131.826,131.826,131.826
2011-08-24 02:00:00,131.826,131.826,131.826,131.826,131.826,131.826,131.826,131.826,131.826,131.826,131.826,131.826
2011-08-24 03:00:00,131.826,131.826,131.826,131.826,131.826,131.826,131.826,131.826,131.826,131.826,131.826,131.826
2011-08-24 04:00:00,131.826,131.826,131.826,131.826,131.826,131.826,131.826,131.826,131.826,131.826,131.826,131.826
2011-08-24 05:00:00,131.826,131.826,131.826,131.826,131.826,131.826,131.826,131.826,131.826,131.826,131.826,131.826
2011-08-24 06:00:00,63.397,63.397,63.397,63.397,63.397,63.397,63.397,63.397,63.397,63.397,63.397,63.397
2011-08-24 07:00:00,56.535,56.535,56.535,56.535,56.535,56.535,56.535,56.535,56.535,56.535,56.535,56.535
2011-08-24 08:00:00,53.169,53.169,53.169,53.169,53.169,53.169,53.169,53.169,53.169,53.169,53.169,53.169
2011-08-24 09:00:00,52.492,52.492,52.492,52.492,52.492,52.492,52.492,52.492,52.492,52.492,52.492,52.492
2011-08-24 10:00:00,52.492,52.492,52.492,52.492,52.492,52.492,52.492,52.492,52.492,52.492,52.492,52.492
2011-08-24 11:00:00,54.201,54.201,54.201,54.201,54.201,54.201,54.201,54.201,54.201,54.201,54.201,54.201
2011-08-24 12:00:00,54.559,54.559,54.559,54.559,54.559,54.559,54.559,54.559,54.559,54.559,54.559,54.559
2011-08-24 13:00:00,56.227,56.227,56.227,56.227,56.227,56.227,56.227,56.227,56.227,56.227,56.227,56.227
2011-08-24 14:00:00,56.227,56.227,56.227,56.227,56.227,56.227,56.227,56.227,56.227,56.227,56.227,56.227
2011-08-24 15:00:00,62.851,62.851,62.851,62.851,62.851,62.851,62.851,62.851,62.851,62.851,62.851,62.851
2011-08-24 16:00:00,131.826,131.826,131.826,131.826,131.826,131.826,131.826,131.826,131.826,131.826,131.826,131.826
2011-08-24 17:00:00,131.826,131.826,131.826,131.826,131.826,131.826,131.826,131.826,131.826,131.826,131.826,131.826
2011-08-24 18:00:00,131.826,131.826,131.826,131.826,131.826,131.826,131.826,131.826,131.826,131.826,131.826,131.826
2011-08-24 19:00:00,131.826,131.826,131.826,131.826,131.826,131.826,131.826,131.826,131.826,131.826,131.826,131.826
2011-08-24 20:00:00,131.826,131.826,131.826,131.826,131.826,131.826,131.826,131.826,131.826,131.826,131.826,131.826
2011-08-24 21:00:00,131.826,131.826,131.826,131.826,131.826,131.826,131.826,131.826,131.826,131.826,131.826,131.826
2011-08-24 22:00:00,131.826,131.826,131.826,131.826,131.826,131.826,131.826,131.826,131.826,131.826,131.826,131.826
2011-08-24 23:00:00,131.826,131.826,131.826,131.826,131.826,131.826,131.826,131.826,131.826,131.826,131.826,131.826
2011-08-25 00:00:00,95.266,95.266,95.266,95.266,95.266,95.266,95.266,95.266,95.266,95.266,95.266,95.266
2011-08-25 01:00:00,95.266,95.266,95.266,95.266,95.266,95.266,95.266,95.266,95.266,95.266,95.266,95.266
2011-08-25 02:00:00,95.266,95.266,95.266,95.266,95.266,95.266,95.266,95.266,95.266,95.266,95.266,95.266
2011-08-25 03:00:00,95.266,95.266,95.266,95.266,95.266,95.266,95.266,95.266,95.266,95.266,95.266,95.266
2011-08-25 04:00:00,95.266,95.266,95.266,95.266,95.266,95.266,95.266,95.266,95.266,95.266,95.266,95.266
2011-08-25 05:00:00,95.692,95.692,95.692,95.692,95.692,95.692,95.692,95.692,95.692,95.692,95.692,95.692
2011-08-25 06:00:00,86.202,86.202,86.202,86.202,86.202,86.202,86.202,86.202,86.202,86.202,86.202,86.202
2011-08-25 07:00:00,40.222,40.222,40.222,40.222,40.222,40.222,40.222,40.222,40.222,40.222,40.222,40.222
2011-08-25 08:00:00,37.722,37.722,37.722,37.722,37.722,37.722,37.722,37.722,37.722,37.722,37.722,37.722
2011-08-25 09:00:00,36.464,36.464,36.464,36.464,36.464,36.464,36.464,36.464,36.464,36.464,36.464,36.464
2011-08-25 10:00:00,36.464,36.464,36.464,36.464,36.464,36.464,36.464,36.464,36.464,36.464,36.464,36.464
2011-08-25 11:00:00,37.155,37.155,37.155,37.155,37.155,37.155,37.155,37.155,37.155,37.155,37.155,37.155
2011-08-25 12:00:00,38.328,38.328,38.328,38.328,38.328,38.328,38.328,38.328,38.328,38.328,38.328,38.328
2011-08-25 13:00:00,40.167,40.167,40.167,40.167,40.167,40.167,40.167,40.167,40.167,40.167,40.167,40.167
2011-08-25 14:00:00,40.929,40.929,40.929,40.929,40.929,40.929,40.929,40.929,40.929,40.929,40.929,40.929
2011-08-25 15:00:00,51.546,51.546,51.546,51.546,51.546,51.546,51.546,51.546,51.546,51.546,51.546,51.546
2011-08-25 16:00:00,94.962,94.962,94.962,94.962,94.962,94.962,94.962,94.962,94.962,94.962,94.962,94.962
2011-08-25 17:00:00,95.266,95.266,95.266,95.266,95.266,95.266,95.266,95.266,95.266,95.266,95.266,95.266
2011-08-25 18:00:00,95.266,95.266,95.266,95.266,95.266,95.266,95.266,95.266,95.266,95.266,95.266,95.266
2011-08-25 19:00:00,95.266,95.266,95.266,95.266,95.266,95.266,95.266,95.266,95.266,95.266,95.266,95.266
2011-08-25 20:00:00,95.266,95.266,95.266,95.266,95.266,95.266,95.266,95.266,95.266,95.266,95.266,95.266
2011-08-25 21:00:00,95.266,95.266,95.266,95.266,95.266,95.266,95.266,95.266,95.266,95.266,95.266,95.266
2011-08-25 22:00:00,95.266,95.266,95.266,95.266,95.266,95.266,95.266,95.266,95.266,95.266,95.266,95.266
2011-08-25 23:00:00,95.266,95.266,95.266,95.266,95.266,95.266,95.266,95.266,95.266,95.266,95.266,95.266
2011-08-26 00:00:00,18.697,18.697,18.697,18.697,18.697,18.697,18.697,18.697,18.697,18.697,18.697,18.697
2011-08-26 01:00:00,18.721,18.721,18.721,18.721,18.721,18.721,18.721,18.721,18.721,18.721,18.721,18.721
2011-08-26 02:00:00,18.991,18.991,18.991,18.991,18.991,18.991,18.991,18.991,18.991,18.991,18.991,18.991
2011-08-26 03:00:00,19.025,19.025,19.025,19.025,19.025,19.025,19.025,19.025,19.025,19.025,19.025,19.025
2011-08-26 04:00:00,19.225,19.225,19.225,19.225,19.225,19.225,19.225,19.225,19.225,19.225,19.225,19.225
2011-08-26 05:00:00,19.411,19.411,19.411,19.411,19.411,19.411,19.411,19.411,19.411,19.411,19.411,19.411
2011-08-26 06:00:00,18.693,18.693,18.693,18.693,18.693,18.693,18.693,18.693,18.693,18.693,18.693,18.693
2011-08-26 07:00:00,17.689,17.689,17.689,17.689,17.689,17.689,17.689,17.689,17.689,17.689,17.689,17.689
2011-08-26 08:00:00,17.424,17.424,17.424,17.424,17.424,17.424,17.424,17.424,17.424,17.424,17.424,17.424
2011-08-26 09:00:00,15.39,15.39,15.39,15.39,15.39,15.39,15.39,15.39,15.39,15.39,15.39,15.39
2011-08-26 10:00:00,17.271,17.271,17.271,17.271,17.271,17.271,17.271,17.271,17.271,17.271,17.271,17.271
2011-08-26 11:00:00,15.39,15.39,15.39,15.39,15.39,15.39,15.39,15.39,15.39,15.39,15.39,15.39
2011-08-26 12:00:00,15.39,15.39,15.39,15.39,15.39,15.39,15.39,15.39,15.39,15.39,15.39,15.39
2011-08-26 13:00:00,15.39,15.39,15.39,15.39,15.39,15.39,15.39,15.39,15.39,15.39,15.39,15.39
2011-08-26 14:00:00,17.271,17.271,17.271,17.271,17.271,17.271,17.271,17.271,17.271,17.271,17.271,17.271
2011-08-26 15:00:00,18.372,18.372,18.372,18.372,18.372,18.372,18.372,18.372,18.372,18.372,18.372,18.372
2011-08-26 16:00:00,19.17,19.17,19.17,19.17,19.17,19.17,19.17,19.17,19.17,19.17,19.17,19.17
2011-08-26 17:00:00,18.713,18.713,18.713,18.713,18.713,18.713,18.713,18.713,18.713,18.713,18.713,18.713
2011-08-26 18:00:00,18.697,18.697,18.697,18.697,18.697,18.697,18.697,18.697,18.697,18.697,18.697,18.697
2011-08-26 19:00:00,18.697,18.697,18.697,18.697,18.697,18.697,18.697,18.697,18.697,18.697,18.697,18.697
2011-08-26 20:00:00,18.697,18.697,18.697,18.697,18.697,18.697,18.697,18.697,18.697,18.697,18.697,18.697
2011-08-26 21:00:00,18.697,18.697,18.697,18.697,18.697,18.697,18.697,18.697,18.697,18.697,18.697,18.697
2011-08-26 22:00:00,18.697,18.697,18.697,18.697,18.697,18.697,18.697,18.697,18.697,18.697,18.697,18.697
2011-08-26 23:00:00,18.697,18.697,18.697,18.697,18.697,18.697,18.697,18.697,18.697,18.697,18.697,18.697
2011-08-27 00:00:00,17.858,17.858,17.858,17.858,17.858,17.858,17.858,17.858,17.858,17.858,17.858,17.858
2011-08-27 01:00:00,17.858,17.858,17.858,17.858,17.858,17.858,17.858,17.858,17.858,17.858,17.858,17.858
2011-08-27 02:00:00,17.858,17.858,17.858,17.858,17.858,17.858,17.858,17.858,17.858,17.858,17.858,17.858
2011-08-27 03:00:00,17.858,17.858,17.858,17.858,17.858,17.858,17.858,17.858,17.858,17.858,17.858,17.858
2011-08-27 04:00:00,17.858,17.858,17.858,17.858,17.858,17.858,17.858,17.858,17.858,17.858,17.858,17.858
2011-08-27 05:00:00,17.858,17.858,17.858,17.858,17.858,17.858,17.858,17.858,17.858,17.858,17.858,17.858
2011-08-27 06:00:00,17.858,17.858,17.858,17.858,17.858,17.858,17.858,17.858,17.858,17.858,17.858,17.858
2011-08-27 07:00:00,17.722,17.722,17.722,17.722,17.722,17.722,17.722,17.722,17.722,17.722,17.722,17.722
2011-08-27 08:00:00,4.533,4.533,4.533,4.533,4.533,4.533,4.533,4.533,4.533,4.533,4.533,4.533
2011-08-27 09:00:00,3.691,3.691,3.691,3.691,3.691,3.691,3.691,3.691,3.691,3.691,3.691,3.691
2011-08-27 10:00:00,3.691,3.691,3.691,3.691,3.691,3.691,3.691,3.691,3.691,3.691,3.691,3.691
2011-08-27 11:00:00,3.691,3.691,3.691,3.691,3.691,3.691,3.691,3.691,3.691,3.691,3.691,3.691
2011-08-27 12:00:00,3.708,3.708,3.708,3.708,3.708,3.708,3.708,3.708,3.708,3.708,3.708,3.708
2011-08-27 13:00:00,4.071,4.071,4.071,4.071,4.071,4.071,4.071,4.071,4.071,4.071,4.071,4.071
2011-08-27 14:00:00,4.313,4.313,4.313,4.313,4.313,4.313,4.313,4.313,4.313,4.313,4.313,4.313
2011-08-27 15:00:00,17.858,17.858,17.858,17.858,17.858,17.858,17.858,17.858,17.858,17.858,17.858,17.858
2011-08-27 16:00:00,17.858,17.858,17.858,17.858,17.858,17.858,17.858,17.858,17.858,17.858,17.858,17.858
2011-08-27 17:00:00,17.858,17.858,17.858,17.858,17.858,17.858,17.858,17.858,17.858,17.858,17.858,17.858
2011-08-27 18:00:00,17.858,17.858,17.858,17.858,17.858,17.858,17.858,17.858,17.858,17.858,17.858,17.858
2011-08-27 19:00:00,17.858,17.858,17.858,17.858,17.858,17.858,17.858,17.858,17.858,17.858,17.858,17.858
2011-08-27 20:00:00,17.858,17.858,17.858,17.858,17.858,17.858,17.858,17.858,17.858,17.858,17.858,17.858
2011-08-27 21:00:00,17.858,17.858,17.858,17.858,17.858,17.858,17.858,17.858,17.858,17.858,17.858,17.858
2011-08-27 22:00:00,17.858,17.858,17.858,17.858,17.858,17.858,17.858,17.858,17.858,17.858,17.858,17.858
2011-08-27 23:00:00,17.858,17.858,17.858,17.858,17.858,17.858,17.858,17.858,17.858,17.858,17.858,17.858
2011-08-28 00:00:00,19.284,19.284,19.284,19.284,19.284,19.284,19.284,19.284,19.284,19.284,19.284,19.284
2011-08-28 01:00:00,19.258,19.258,19.258,19.258,19.258,19.258,19.258,19.258,19.258,19.258,19.258,19.258
2011-08-28 02:00:00,19.247,19.247,19.247,19.247,19.247,19.247,19.247,19.247,19.247,19.247,19.247,19.247
2011-08-28 03:00:00,19.247,19.247,19.247,19.247,19.247,19.247,19.247,19.247,19.247,19.247,19.247,19.247
2011-08-28 04:00:00,19.247,19.247,19.247,19.247,19.247,19.247,19.247,19.247,19.247,19.247,19.247,19.247
2011-08-28 05:00:00,19.247,19.247,19.247,19.247,19.247,19.247,19.247,19.247,19.247,19.247,19.247,19.247
2011-08-28 06:00:00,19.247,19.247,19.247,19.247,19.247,19.247,19.247,19.247,19.247,19.247,19.247,19.247
2011-08-28 07:00:00,18.568,18.568,18.568,18.568,18.568,18.568,18.568,18.568,18.568,18.568,18.568,18.568
2011-08-28 08:00:00,3.532,3.532,3.532,3.532,3.532,3.532,3.532,3.532,3.532,3.532,3.532,3.532
2011-08-28 09:00:00,3.228,3.228,3.228,3.228,3.228,3.228,3.228,3.228,3.228,3.228,3.228,3.228
2011-08-28 10:00:00,3.213,3.213,3.213,3.213,3.213,3.213,3.213,3.213,3.213,3.213,3.213,3.213
2011-08-28 11:00:00,3.213,3.213,3.213,3.213,3.213,3.213,3.213,3.213,3.213,3.213,3.213,3.213
2011-08-28 12:00:00,3.213,3.213,3.213,3.213,3.213,3.213,3.213,3.213,3.213,3.213,3.213,3.213
2011-08-28 13:00:00,3.213,3.213,3.213,3.213,3.213,3.213,3.213,3.213,3.213,3.213,3.213,3.213
2011-08-28 14:00:00,3.541,3.541,3.541,3.541,3.541,3.541,3.541,3.541,3.541,3.541,3.541,3.541
2011-08-28 15:00:00,18.689,18.689,18.689,18.689,18.689,18.689,18.689,18.689,18.689,18.689,18.689,18.689
2011-08-28 16:00:00,19.247,19.247,19.247,19.247,19.247,19.247,19.247,19.247,19.247,19.247,19.247,19.247
2011-08-28 17:00:00,19.247,19.247,19.247,19.247,19.247,19.247,19.247,19.247,19.247,19.247,19.247,19.247
2011-08-28 18:00:00,19.247,19.247,19.247,19.247,19.247,19.247,19.247,19.247,19.247,19.247,19.247,19.247
2011-08-28 19:00:00,19.247,19.247,19.247,19.247,19.247,19.247,19.247,19.247,19.247,19.247,19.247,19.247
2011-08-28 20:00:00,19.247,19.247,19.247,19.247,19.247,19.247,19.247,19.247,19.247,19.247,19.247,19.247
2011-08-28 21:00:00,19.247,19.247,19.247,19.247,19.247,19.247,19.247,19.247,19.247,19.247,19.247,19.247
2011-08-28 22:00:00,19.247,19.247,19.247,19.247,19.247,19.247,19.247,19.247,19.247,19.247,19.247,19.247
2011-08-28 23:00:00,19.247,19.247,19.247,19.247,19.247,19.247,19.247,19.247,19.247,19.247,19.247,19.247
2011-08-29 00:00:00,20.326,20.326,20.326,20.326,20.326,20.326,20.326,20.326,20.326,20.326,20.326,20.326
2011-08-29 01:00:00,20.326,20.326,20.326,20.326,20.326,20.326,20.326,20.326,20.326,20.326,20.326,20.326
2011-08-29 02:00:00,20.326,20.326,20.326,20.326,20.326,20.326,20.326,20.326,20.326,20.326,20.326,20.326
2011-08-29 03:00:00,20.326,20.326,20.326,20.326,20.326,20.326,20.326,20.326,20.326,20.326,20.326,20.326
2011-08-29 04:00:00,20.326,20.326,20.326,20.326,20.326,20.326,20.326,20.326,20.326,20.326,20.326,20.326
2011-08-29 05:00:00,20.326,20.326,20.326,20.326,20.326,20.326,20.326,20.326,20.326,20.326,20.326,20.326
2011-08-29 06:00:00,18.754,18.754,18.754,18.754,18.754,18.754,18.754,18.754,18.754,18.754,18.754,18.754
2011-08-29 07:00:00,4.591,4.591,4.591,4.591,4.591,4.591,4.591,4.591,4.591,4.591,4.591,4.591
2011-08-29 08:00:00,3.691,3.691,3.691,3.691,3.691,3.691,3.691,3.691,3.691,3.691,3.691,3.691
2011-08-29 09:00:00,3.553,3.553,3.553,3.553,3.553,3.553,3.553,3.553,3.553,3.553,3.553,3.553
2011-08-29 10:00:00,3.598,3.598,3.598,3.598,3.598,3.598,3.598,3.598,3.598,3.598,3.598,3.598
2011-08-29 11:00:00,3.598,3.598,3.598,3.598,3.598,3.598,3.598,3.598,3.598,3.598,3.598,3.598
2011-08-29 12:00:00,3.627,3.627,3.627,3.627,3.627,3.627,3.627,3.627,3.627,3.627,3.627,3.627
2011-08-29 13:00:00,3.763,3.763,3.763,3.763,3.763,3.763,3.763,3.763,3.763,3.763,3.763,3.763
2011-08-29 14:00:00,4.591,4.591,4.591,4.591,4.591,4.591,4.591,4.591,4.591,4.591,4.591,4.591
2011-08-29 15:00:00,18.486,18.486,18.486,18.486,18.486,18.486,18.486,18.486,18.486,18.486,18.486,18.486
2011-08-29 16:00:00,20.444,20.444,20.444,20.444,20.444,20.444,20.444,20.444,20.444,20.444,20.444,20.444
2011-08-29 17:00:00,20.444,20.444,20.444,20.444,20.444,20.444,20.444,20.444,20.444,20.444,20.444,20.444
2011-08-29 18:00:00,20.444,20.444,20.444,20.444,20.444,20.444,20.444,20.444,20.444,20.444,20.444,20.444
2011-08-29 19:00:00,20.444,20.444,20.444,20.444,20.444,20.444,20.444,20.444,20.444,20.444,20.444,20.444
2011-08-29 20:00:00,20.517,20.517,20.517,20.517,20.517,20.517,20.517,20.517,20.517,20.517,20.517,20.517
2011-08-29 21:00:00,20.577,20.577,20.577,20.577,20.577,20.577,20.577,20.577,20.577,20.577,20.577,20.577
2011-08-29 22:00:00,20.517,20.517,20.517,20.517,20.517,20.517,20.517,20.517,20.517,20.517,20.517,20.517
2011-08-29 23:00:00,20.444,20.444,20.444,20.444,20.444,20.444,20.444,20.444,20.444,20.444,20.444,20.444
2011-08-30 00:00:00,25.275,25.275,25.275,25.275,25.275,25.275,25.275,25.275,25.275,25.275,25.275,25.275
2011-08-30 01:00:00,25.275,25.275,25.275,25.275,25.275,25.275,25.275,25.275,25.275,25.275,25.275,25.275
2011-08-30 02:00:00,25.275,25.275,25.275,25.275,25.275,25.275,25.275,25.275,25.275,25.275,25.275,25.275
2011-08-30 03:00:00,25.275,25.275,25.275,25.275,25.275,25.275,25.275,25.275,25.275,25.275,25.275,25.275
2011-08-30 04:00:00,25.275,25.275,25.275,25.275,25.275,25.275,25.275,25.275,25.275,25.275,25.275,25.275
2011-08-30 05:00:00,25.275,25.275,25.275,25.275,25.275,25.275,25.275,25.275,25.275,25.275,25.275,25.275
2011-08-30 06:00:00,21.036,21.036,21.036,21.036,21.036,21.036,21.036,21.036,21.036,21.036,21.036,21.036
2011-08-30 07:00:00,15.435,15.435,15.435,15.435,15.435,15.435,15.435,15.435,15.435,15.435,15.435,15.435
2011-08-30 08:00:00,15.097,15.097,15.097,15.097,15.097,15.097,15.097,15.097,15.097,15.097,15.097,15.097
2011-08-30 09:00:00,13.406,13.406,13.406,13.406,13.406,13.406,13.406,13.406,13.406,13.406,13.406,13.406
2011-08-30 10:00:00,11.337,11.337,11.337,11.337,11.337,11.337,11.337,11.337,11.337,11.337,11.337,11.337
2011-08-30 11:00:00,11.337,11.337,11.337,11.337,11.337,11.337,11.337,11.337,11.337,11.337,11.337,11.337
2011-08-30 12:00:00,14.959,14.959,14.959,14.959,14.959,14.959,14.959,14.959,14.959,14.959,14.959,14.959
2011-08-30 13:00:00,16.095,16.095,16.095,16.095,16.095,16.095,16.095,16.095,16.095,16.095,16.095,16.095
2011-08-30 14:00:00,17.545,17.545,17.545,17.545,17.545,17.545,17.545,17.545,17.545,17.545,17.545,17.545
2011-08-30 15:00:00,20.761,20.761,20.761,20.761,20.761,20.761,20.761,20.761,20.761,20.761,20.761,20.761
2011-08-30 16:00:00,25.275,25.275,25.275,25.275,25.275,25.275,25.275,25.275,25.275,25.275,25.275,25.275
2011-08-30 17:00:00,25.275,25.275,25.275,25.275,25.275,25.275,25.275,25.275,25.275,25.275,25.275,25.275
2011-08-30 18:00:00,25.275,25.275,25.275,25.275,25.275,25.275,25.275,25.275,25.275,25.275,25.275,25.275
2011-08-30 19:00:00,25.275,25.275,25.275,25.275,25.275,25.275,25.275,25.275,25.275,25.275,25.275,25.275
2011-08-30 20:00:00,25.275,25.275,25.275,25.275,25.275,25.275,25.275,25.275,25.275,25.275,25.275,25.275
2011-08-30 21:00:00,25.275,25.275,25.275,25.275,25.275,25.275,25.275,25.275,25.275,25.275,25.275,25.275
2011-08-30 22:00:00,25.275,25.275,25.275,25.275,25.275,25.275,25.275,25.275,25.275,25.275,25.275,25.275
2011-08-30 23:00:00,25.275,25.275,25.275,25.275,25.275,25.275,25.275,25.275,25.275,25.275,25.275,25.275
2011-08-31 00:00:00,57.965,57.965,57.965,57.965,57.965,57.965,57.965,57.965,57.965,57.965,57.965,57.965
2011-08-31 01:00:00,57.965,57.965,57.965,57.965,57.965,57.965,57.965,57.965,57.965,57.965,57.965,57.965
2011-08-31 02:00:00,57.965,57.965,57.965,57.965,57.965,57.965,57.965,57.965,57.965,57.965,57.965,57.965
2011-08-31 03:00:00,57.965,57.965,57.965,57.965,57.965,57.965,57.965,57.965,57.965,57.965,57.965,57.965
2011-08-31 04:00:00,57.965,57.965,57.965,57.965,57.965,57.965,57.965,57.965,57.965,57.965,57.965,57.965
2011-08-31 05:00:00,57.965,57.965,57.965,57.965,57.965,57.965,57.965,57.965,57.965,57.965,57.965,57.965
2011-08-31 06:00:00,27.831,27.831,27.831,27.831,27.831,27.831,27.831,27.831,27.831,27.831,27.831,27.831
2011-08-31 07:00:00,23.671,23.671,23.671,23.671,23.671,23.671,23.671,23.671,23.671,23.671,23.671,23.671
2011-08-31 08:00:00,22.708,22.708,22.708,22.708,22.708,22.708,22.708,22.708,22.708,22.708,22.708,22.708
2011-08-31 09:00:00,22.12,22.12,22.12,22.12,22.12,22.12,22.12,22.12,22.12,22.12,22.12,22.12
2011-08-31 10:00:00,21.029,21.029,21.029,21.029,21.029,21.029,21.029,21.029,21.029,21.029,21.029,21.029
2011-08-31 11:00:00,21.029,21.029,21.029,21.029,21.029,21.029,21.029,21.029,21.029,21.029,21.029,21.029
2011-08-31 12:00:00,22.12,22.12,22.12,22.12,22.12,22.12,22.12,22.12,22.12,22.12,22.12,22.12
2011-08-31 13:00:00,22.552,22.552,22.552,22.552,22.552,22.552,22.552,22.552,22.552,22.552,22.552,22.552
2011-08-31 14:00:00,22.766,22.766,22.766,22.766,22.766,22.766,22.766,22.766,22.766,22.766,22.766,22.766
2011-08-31 15:00:00,24.541,24.541,24.541,24.541,24.541,24.541,24.541,24.541,24.541,24.541,24.541,24.541
2011-08-31 16:00:00,57.965,57.965,57.965,57.965,57.965,57.965,57.965,57.965,57.965,57.965,57.965,57.965
2011-08-31 17:00:00,57.965,57.965,57.965,57.965,57.965,57.965,57.965,57.965,57.965,57.965,57.965,57.965
2011-08-31 18:00:00,57.965,57.965,57.965,57.965,57.965,57.965,57.965,57.965,57.965,57.965,57.965,57.965
2011-08-31 19:00:00,57.965,57.965,57.965,57.965,57.965,57.965,57.965,57.965,57.965,57.965,57.965,57.965
2011-08-31 20:00:00,57.965,57.965,57.965,57.965,57.965,57.965,57.965,57.965,57.965,57.965,57.965,57.965
2011-08-31 21:00:00,57.965,57.965,57.965,57.965,57.965,57.965,57.965,57.965,57.965,57.965,57.965,57.965
2011-08-31 22:00:00,57.965,57.965,57.965,57.965,57.965,57.965,57.965,57.965,57.965,57.965,57.965,57.965
2011-08-31 23:00:00,57.965,57.965,57.965,57.965,57.965,57.965,57.965,57.965,57.965,57.965,57.965,57.965
2011-09-01 00:00:00,129.899,129.899,129.899,129.899,129.899,129.899,129.899,129.899,129.899,129.899,129.899,129.899
2011-09-01 01:00:00,129.899,129.899,129.899,129.899,129.899,129.899,129.899,129.899,129.899,129.899,129.899,129.899
2011-09-01 02:00:00,129.899,129.899,129.899,129.899,129.899,129.899,129.899,129.899,129.899,129.899,129.899,129.899
2011-09-01 03:00:00,129.899,129.899,129.899,129.899,129.899,129.899,129.899,129.899,129.899,129.899,129.899,129.899
2011-09-01 04:00:00,129.899,129.899,129.899,129.899,129.899,129.899,129.899,129.899,129.899,129.899,129.899,129.899
2011-09-01 05:00:00,129.899,129.899,129.899,129.899,129.899,129.899,129.899,129.899,129.899,129.899,129.899,129.899
2011-09-01 06:00:00,92.968,92.968,92.968,92.968,92.968,92.968,92.968,92.968,92.968,92.968,92.968,92.968
2011-09-01 07:00:00,56.053,56.053,56.053,56.053,56.053,56.053,56.053,56.053,56.053,56.053,56.053,56.053
2011-09-01 08:00:00,54.953,54.953,54.953,54.953,54.953,54.953,54.953,54.953,54.953,54.953,54.953,54.953
2011-09-01 09:00:00,52.822,52.822,52.822,52.822,52.822,52.822,52.822,52.822,52.822,52.822,52.822,52.822
2011-09-01 10:00:00,52.822,52.822,52.822,52.822,52.822,52.822,52.822,52.822,52.822,52.822,52.822,52.822
2011-09-01 11:00:00,52.822,52.822,52.822,52.822,52.822,52.822,52.822,52.822,52.822,52.822,52.822,52.822
2011-09-01 12:00:00,52.822,52.822,52.822,52.822,52.822,52.822,52.822,52.822,52.822,52.822,52.822,52.822
2011-09-01 13:00:00,53.095,53.095,53.095,53.095,53.095,53.095,53.095,53.095,53.095,53.095,53.095,53.095
2011-09-01 14:00:00,54.098,54.098,54.098,54.098,54.098,54.098,54.098,54.098,54.098,54.098,54.098,54.098
2011-09-01 15:00:00,61.472,61.472,61.472,61.472,61.472,61.472,61.472,61.472,61.472,61.472,61.472,61.472
2011-09-01 16:00:00,129.899,129.899,129.899,129.899,129.899,129.899,129.899,129.899,129.899,129.899,129.899,129.899
2011-09-01 17:00:00,129.899,129.899,129.899,129.899,129.899,129.899,129.899,129.899,129.899,129.899,129.899,129.899
2011-09-01 18:00:00,129.899,129.899,129.899,129.899,129.899,129.899,129.899,129.899,129.899,129.899,129.899,129.899
2011-09-01 19:00:00,129.899,129.899,129.899,129.899,129.899,129.899,129.899,129.899,129.899,129.899,129.899,129.899
2011-09-01 20:00:00,129.899,129.899,129.899,129.899,129.899,129.899,129.899,129.899,129.899,129.899,129.899,129.899
2011-09-01 21:00:00,129.899,129.899,129.899,129.899,129.899,129.899,129.899,129.899,129.899,129.899,129.899,129.899
2011-09-01 22:00:00,129.899,129.899,129.899,129.899,129.899,129.899,129.899,129.899,129.899,129.899,129.899,129.899
2011-09-01 23:00:00,129.899,129.899,129.899,129.899,129.899,129.899,129.899,129.899,129.899,129.899,129.899,129.899
2011-09-02 00:00:00,165.422,165.422,165.422,165.422,165.422,165.422,165.422,165.422,165.422,165.422,165.422,165.422
2011-09-02 01:00:00,165.422,165.422,165.422,165.422,165.422,165.422,165.422,165.422,165.422,165.422,165.422,165.422
2011-09-02 02:00:00,165.422,165.422,165.422,165.422,165.422,165.422,165.422,165.422,165.422,165.422,165.422,165.422
2011-09-02 03:00:00,165.422,165.422,165.422,165.422,165.422,165.422,165.422,165.422,165.422,165.422,165.422,165.422
2011-09-02 04:00:00,165.422,165.422,165.422,165.422,165.422,165.422,165.422,165.422,165.422,165.422,165.422,165.422
2011-09-02 05:00:00,165.422,165.422,165.422,165.422,165.422,165.422,165.422,165.422,165.422,165.422,165.422,165.422
2011-09-02 06:00:00,150.873,150.873,150.873,150.873,150.873,150.873,150.873,150.873,150.873,150.873,150.873,150.873
2011-09-02 07:00:00,66.446,66.446,66.446,66.446,66.446,66.446,66.446,66.446,66.446,66.446,66.446,66.446
2011-09-02 08:00:00,64.405,64.405,64.405,64.405,64.405,64.405,64.405,64.405,64.405,64.405,64.405,64.405
2011-09-02 09:00:00,62.564,62.564,62.564,62.564,62.564,62.564,62.564,62.564,62.564,62.564,62.564,62.564
2011-09-02 10:00:00,62.564,62.564,62.564,62.564,62.564,62.564,62.564,62.564,62.564,62.564,62.564,62.564
2011-09-02 11:00:00,64.695,64.695,64.695,64.695,64.695,64.695,64.695,64.695,64.695,64.695,64.695,64.695
2011-09-02 12:00:00,65.877,65.877,65.877,65.877,65.877,65.877,65.877,65.877,65.877,65.877,65.877,65.877
2011-09-02 13:00:00,67.589,67.589,67.589,67.589,67.589,67.589,67.589,67.589,67.589,67.589,67.589,67.589
2011-09-02 14:00:00,68.132,68.132,68.132,68.132,68.132,68.132,68.132,68.132,68.132,68.132,68.132,68.132
2011-09-02 15:00:00,160.076,160.076,160.076,160.076,160.076,160.076,160.076,160.076,160.076,160.076,160.076,160.076
2011-09-02 16:00:00,165.422,165.422,165.422,165.422,165.422,165.422,165.422,165.422,165.422,165.422,165.422,165.422
2011-09-02 17:00:00,165.422,165.422,165.422,165.422,165.422,165.422,165.422,165.422,165.422,165.422,165.422,165.422
2011-09-02 18:00:00,165.422,165.422,165.422,165.422,165.422,165.422,165.422,165.422,165.422,165.422,165.422,165.422
2011-09-02 19:00:00,165.422,165.422,165.422,165.422,165.422,165.422,165.422,165.422,165.422,165.422,165.422,165.422
2011-09-02 20:00:00,165.422,165.422,165.422,165.422,165.422,165.422,165.422,165.422,165.422,165.422,165.422,165.422
2011-09-02 21:00:00,165.422,165.422,165.422,165.422,165.422,165.422,165.422,165.422,165.422,165.422,165.422,165.422
2011-09-02 22:00:00,165.422,165.422,165.422,165.422,165.422,165.422,165.422,165.422,165.422,165.422,165.422,165.422
2011-09-02 23:00:00,165.422,165.422,165.422,165.422,165.422,165.422,165.422,165.422,165.422,165.422,165.422,165.422
2011-09-03 00:00:00,23.604,23.604,23.604,23.604,23.604,23.604,23.604,23.604,23.604,23.604,23.604,23.604
2011-09-03 01:00:00,23.604,23.604,23.604,23.604,23.604,23.604,23.604,23.604,23.604,23.604,23.604,23.604
2011-09-03 02:00:00,23.604,23.604,23.604,23.604,23.604,23.604,23.604,23.604,23.604,23.604,23.604,23.604
2011-09-03 03:00:00,23.604,23.604,23.604,23.604,23.604,23.604,23.604,23.604,23.604,23.604,23.604,23.604
2011-09-03 04:00:00,23.604,23.604,23.604,23.604,23.604,23.604,23.604,23.604,23.604,23.604,23.604,23.604
2011-09-03 05:00:00,23.604,23.604,23.604,23.604,23.604,23.604,23.604,23.604,23.604,23.604,23.604,23.604
2011-09-03 06:00:00,23.604,23.604,23.604,23.604,23.604,23.604,23.604,23.604,23.604,23.604,23.604,23.604
2011-09-03 07:00:00,23.097,23.097,23.097,23.097,23.097,23.097,23.097,23.097,23.097,23.097,23.097,23.097
2011-09-03 08:00:00,17.413,17.413,17.413,17.413,17.413,17.413,17.413,17.413,17.413,17.413,17.413,17.413
2011-09-03 09:00:00,14.58,14.58,14.58,14.58,14.58,14.58,14.58,14.58,14.58,14.58,14.58,14.58
2011-09-03 10:00:00,14.58,14.58,14.58,14.58,14.58,14.58,14.58,14.58,14.58,14.58,14.58,14.58
2011-09-03 11:00:00,14.58,14.58,14.58,14.58,14.58,14.58,14.58,14.58,14.58,14.58,14.58,14.58
2011-09-03 12:00:00,16.989,16.989,16.989,16.989,16.989,16.989,16.989,16.989,16.989,16.989,16.989,16.989
2011-09-03 13:00:00,17.574,17.574,17.574,17.574,17.574,17.574,17.574,17.574,17.574,17.574,17.574,17.574
2011-09-03 14:00:00,20.8,20.8,20.8,20.8,20.8,20.8,20.8,20.8,20.8,20.8,20.8,20.8
2011-09-03 15:00:00,23.604,23.604,23.604,23.604,23.604,23.604,23.604,23.604,23.604,23.604,23.604,23.604
2011-09-03 16:00:00,23.604,23.604,23.604,23.604,23.604,23.604,23.604,23.604,23.604,23.604,23.604,23.604
2011-09-03 17:00:00,23.709,23.709,23.709,23.709,23.709,23.709,23.709,23.709,23.709,23.709,23.709,23.709
2011-09-03 18:00:00,23.604,23.604,23.604,23.604,23.604,23.604,23.604,23.604,23.604,23.604,23.604,23.604
2011-09-03 19:00:00,23.604,23.604,23.604,23.604,23.604,23.604,23.604,23.604,23.604,23.604,23.604,23.604
2011-09-03 20:00:00,23.604,23.604,23.604,23.604,23.604,23.604,23.604,23.604,23.604,23.604,23.604,23.604
2011-09-03 21:00:00,23.604,23.604,23.604,23.604,23.604,23.604,23.604,23.604,23.604,23.604,23.604,23.604
2011-09-03 22:00:00,23.604,23.604,23.604,23.604,23.604,23.604,23.604,23.604,23.604,23.604,23.604,23.604
2011-09-03 23:00:00,23.604,23.604,23.604,23.604,23.604,23.604,23.604,23.604,23.604,23.604,23.604,23.604
2011-09-04 00:00:00,20.715,20.715,20.715,20.715,20.715,20.715,20.715,20.715,20.715,20.715,20.715,20.715
2011-09-04 01:00:00,20.715,20.715,20.715,20.715,20.715,20.715,20.715,20.715,20.715,20.715,20.715,20.715
2011-09-04 02:00:00,20.715,20.715,20.715,20.715,20.715,20.715,20.715,20.715,20.715,20.715,20.715,20.715
2011-09-04 03:00:00,20.715,20.715,20.715,20.715,20.715,20.715,20.715,20.715,20.715,20.715,20.715,20.715
2011-09-04 04:00:00,20.715,20.715,20.715,20.715,20.715,20.715,20.715,20.715,20.715,20.715,20.715,20.715
2011-09-04 05:00:00,20.715,20.715,20.715,20.715,20.715,20.715,20.715,20.715,20.715,20.715,20.715,20.715
2011-09-04 06:00:00,20.715,20.715,20.715,20.715,20.715,20.715,20.715,20.715,20.715,20.715,20.715,20.715
2011-09-04 07:00:00,20.265,20.265,20.265,20.265,20.265,20.265,20.265,20.265,20.265,20.265,20.265,20.265
2011-09-04 08:00:00,18.41,18.41,18.41,18.41,18.41,18.41,18.41,18.41,18.41,18.41,18.41,18.41
2011-09-04 09:00:00,15.334,15.334,15.334,15.334,15.334,15.334,15.334,15.334,15.334,15.334,15.334,15.334
2011-09-04 10:00:00,15.334,15.334,15.334,15.334,15.334,15.334,15.334,15.334,15.334,15.334,15.334,15.334
2011-09-04 11:00:00,15.403,15.403,15.403,15.403,15.403,15.403,15.403,15.403,15.403,15.403,15.403,15.403
2011-09-04 12:00:00,15.503,15.503,15.503,15.503,15.503,15.503,15.503,15.503,15.503,15.503,15.503,15.503
2011-09-04 13:00:00,18.391,18.391,18.391,18.391,18.391,18.391,18.391,18.391,18.391,18.391,18.391,18.391
2011-09-04 14:00:00,20.265,20.265,20.265,20.265,20.265,20.265,20.265,20.265,20.265,20.265,20.265,20.265
2011-09-04 15:00:00,20.715,20.715,20.715,20.715,20.715,20.715,20.715,20.715,20.715,20.715,20.715,20.715
2011-09-04 16:00:00,20.94,20.94,20.94,20.94,20.94,20.94,20.94,20.94,20.94,20.94,20.94,20.94
2011-09-04 17:00:00,21.088,21.088,21.088,21.088,21.088,21.088,21.088,21.088,21.088,21.088,21.088,21.088
2011-09-04 18:00:00,21.278,21.278,21.278,21.278,21.278,21.278,21.278,21.278,21.278,21.278,21.278,21.278
2011-09-04 19:00:00,21.278,21.278,21.278,21.278,21.278,21.278,21.278,21.278,21.278,21.278,21.278,21.278
2011-09-04 20:00:00,21.278,21.278,21.278,21.278,21.278,21.278,21.278,21.278,21.278,21.278,21.278,21.278
2011-09-04 21:00:00,21.278,21.278,21.278,21.278,21.278,21.278,21.278,21.278,21.278,21.278,21.278,21.278
2011-09-04 22:00:00,21.278,21.278,21.278,21.278,21.278,21.278,21.278,21.278,21.278,21.278,21.278,21.278
2011-09-04 23:00:00,21.278,21.278,21.278,21.278,21.278,21.278,21.278,21.278,21.278,21.278,21.278,21.278
2011-09-05 00:00:00,18.475,18.475,18.475,18.475,18.475,18.475,18.475,18.475,18.475,18.475,18.475,18.475
2011-09-05 01:00:00,18.475,18.475,18.475,18.475,18.475,18.475,18.475,18.475,18.475,18.475,18.475,18.475
2011-09-05 02:00:00,18.475,18.475,18.475,18.475,18.475,18.475,18.475,18.475,18.475,18.475,18.475,18.475
2011-09-05 03:00:00,18.475,18.475,18.475,18.475,18.475,18.475,18.475,18.475,18.475,18.475,18.475,18.475
2011-09-05 04:00:00,18.475,18.475,18.475,18.475,18.475,18.475,18.475,18.475,18.475,18.475,18.475,18.475
2011-09-05 05:00:00,18.548,18.548,18.548,18.548,18.548,18.548,18.548,18.548,18.548,18.548,18.548,18.548
2011-09-05 06:00:00,18.183,18.183,18.183,18.183,18.183,18.183,18.183,18.183,18.183,18.183,18.183,18.183
2011-09-05 07:00:00,5.966,5.966,5.966,5.966,5.966,5.966,5.966,5.966,5.966,5.966,5.966,5.966
2011-09-05 08:00:00,3.938,3.938,3.938,3.938,3.938,3.938,3.938,3.938,3.938,3.938,3.938,3.938
2011-09-05 09:00:00,3.869,3.869,3.869,3.869,3.869,3.869,3.869,3.869,3.869,3.869,3.869,3.869
2011-09-05 10:00:00,3.869,3.869,3.869,3.869,3.869,3.869,3.869,3.869,3.869,3.869,3.869,3.869
2011-09-05 11:00:00,3.788,3.788,3.788,3.788,3.788,3.788,3.788,3.788,3.788,3.788,3.788,3.788
2011-09-05 12:00:00,3.781,3.781,3.781,3.781,3.781,3.781,3.781,3.781,3.781,3.781,3.781,3.781
2011-09-05 13:00:00,3.781,3.781,3.781,3.781,3.781,3.781,3.781,3.781,3.781,3.781,3.781,3.781
2011-09-05 14:00:00,3.781,3.781,3.781,3.781,3.781,3.781,3.781,3.781,3.781,3.781,3.781,3.781
2011-09-05 15:00:00,4.654,4.654,4.654,4.654,4.654,4.654,4.654,4.654,4.654,4.654,4.654,4.654
2011-09-05 16:00:00,18.475,18.475,18.475,18.475,18.475,18.475,18.475,18.475,18.475,18.475,18.475,18.475
2011-09-05 17:00:00,18.475,18.475,18.475,18.475,18.475,18.475,18.475,18.475,18.475,18.475,18.475,18.475
2011-09-05 18:00:00,18.475,18.475,18.475,18.475,18.475,18.475,18.475,18.475,18.475,18.475,18.475,18.475
2011-09-05 19:00:00,18.475,18.475,18.475,18.475,18.475,18.475,18.475,18.475,18.475,18.475,18.475,18.475
2011-09-05 20:00:00,18.475,18.475,18.475,18.475,18.475,18.475,18.475,18.475,18.475,18.475,18.475,18.475
2011-09-05 21:00:00,18.475,18.475,18.475,18.475,18.475,18.475,18.475,18.475,18.475,18.475,18.475,18.475
2011-09-05 22:00:00,18.475,18.475,18.475,18.475,18.475,18.475,18.475,18.475,18.475,18.475,18.475,18.475
2011-09-05 23:00:00,18.475,18.475,18.475,18.475,18.475,18.475,18.475,18.475,18.475,18.475,18.475,18.475
2011-09-06 00:00:00,18.083,18.083,18.083,18.083,18.083,18.083,18.083,18.083,18.083,18.083,18.083,18.083
2011-09-06 01:00:00,18.083,18.083,18.083,18.083,18.083,18.083,18.083,18.083,18.083,18.083,18.083,18.083
2011-09-06 02:00:00,18.083,18.083,18.083,18.083,18.083,18.083,18.083,18.083,18.083,18.083,18.083,18.083
2011-09-06 03:00:00,18.083,18.083,18.083,18.083,18.083,18.083,18.083,18.083,18.083,18.083,18.083,18.083
2011-09-06 04:00:00,18.083,18.083,18.083,18.083,18.083,18.083,18.083,18.083,18.083,18.083,18.083,18.083
2011-09-06 05:00:00,18.083,18.083,18.083,18.083,18.083,18.083,18.083,18.083,18.083,18.083,18.083,18.083
2011-09-06 06:00:00,11.168,11.168,11.168,11.168,11.168,11.168,11.168,11.168,11.168,11.168,11.168,11.168
2011-09-06 07:00:00,4.714,4.714,4.714,4.714,4.714,4.714,4.714,4.714,4.714,4.714,4.714,4.714
2011-09-06 08:00:00,3.317,3.317,3.317,3.317,3.317,3.317,3.317,3.317,3.317,3.317,3.317,3.317
2011-09-06 09:00:00,3.275,3.275,3.275,3.275,3.275,3.275,3.275,3.275,3.275,3.275,3.275,3.275
2011-09-06 10:00:00,3.275,3.275,3.275,3.275,3.275,3.275,3.275,3.275,3.275,3.275,3.275,3.275
2011-09-06 11:00:00,3.275,3.275,3.275,3.275,3.275,3.275,3.275,3.275,3.275,3.275,3.275,3.275
2011-09-06 12:00:00,3.275,3.275,3.275,3.275,3.275,3.275,3.275,3.275,3.275,3.275,3.275,3.275
2011-09-06 13:00:00,3.367,3.367,3.367,3.367,3.367,3.367,3.367,3.367,3.367,3.367,3.367,3.367
2011-09-06 14:00:00,3.691,3.691,3.691,3.691,3.691,3.691,3.691,3.691,3.691,3.691,3.691,3.691
2011-09-06 15:00:00,7.412,7.412,7.412,7.412,7.412,7.412,7.412,7.412,7.412,7.412,7.412,7.412
2011-09-06 16:00:00,18.083,18.083,18.083,18.083,18.083,18.083,18.083,18.083,18.083,18.083,18.083,18.083
2011-09-06 17:00:00,18.083,18.083,18.083,18.083,18.083,18.083,18.083,18.083,18.083,18.083,18.083,18.083
2011-09-06 18:00:00,18.083,18.083,18.083,18.083,18.083,18.083,18.083,18.083,18.083,18.083,18.083,18.083
2011-09-06 19:00:00,18.083,18.083,18.083,18.083,18.083,18.083,18.083,18.083,18.083,18.083,18.083,18.083
2011-09-06 20:00:00,18.083,18.083,18.083,18.083,18.083,18.083,18.083,18.083,18.083,18.083,18.083,18.083
2011-09-06 21:00:00,18.083,18.083,18.083,18.083,18.083,18.083,18.083,18.083,18.083,18.083,18.083,18.083
2011-09-06 22:00:00,18.083,18.083,18.083,18.083,18.083,18.083,18.083,18.083,18.083,18.083,18.083,18.083
2011-09-06 23:00:00,18.083,18.083,18.083,18.083,18.083,18.083,18.083,18.083,18.083,18.083,18.083,18.083
2011-09-07 00:00:00,17.61,17.61,17.61,17.61,17.61,17.61,17.61,17.61,17.61,17.61,17.61,17.61
2011-09-07 01:00:00,17.61,17.61,17.61,17.61,17.61,17.61,17.61,17.61,17.61,17.61,17.61,17.61
2011-09-07 02:00:00,17.61,17.61,17.61,17.61,17.61,17.61,17.61,17.61,17.61,17.61,17.61,17.61
2011-09-07 03:00:00,17.61,17.61,17.61,17.61,17.61,17.61,17.61,17.61,17.61,17.61,17.61,17.61
2011-09-07 04:00:00,17.61,17.61,17.61,17.61,17.61,17.61,17.61,17.61,17.61,17.61,17.61,17.61
2011-09-07 05:00:00,17.61,17.61,17.61,17.61,17.61,17.61,17.61,17.61,17.61,17.61,17.61,17.61
2011-09-07 06:00:00,13.011,13.011,13.011,13.011,13.011,13.011,13.011,13.011,13.011,13.011,13.011,13.011
2011-09-07 07:00:00,3.963,3.963,3.963,3.963,3.963,3.963,3.963,3.963,3.963,3.963,3.963,3.963
2011-09-07 08:00:00,3.16,3.16,3.16,3.16,3.16,3.16,3.16,3.16,3.16,3.16,3.16,3.16
2011-09-07 09:00:00,2.302,2.302,2.302,2.302,2.302,2.302,2.302,2.302,2.302,2.302,2.302,2.302
2011-09-07 10:00:00,2.304,2.304,2.304,2.304,2.304,2.304,2.304,2.304,2.304,2.304,2.304,2.304
2011-09-07 11:00:00,3.276,3.276,3.276,3.276,3.276,3.276,3.276,3.276,3.276,3.276,3.276,3.276
2011-09-07 12:00:00,3.308,3.308,3.308,3.308,3.308,3.308,3.308,3.308,3.308,3.308,3.308,3.308
2011-09-07 13:00:00,3.367,3.367,3.367,3.367,3.367,3.367,3.367,3.367,3.367,3.367,3.367,3.367
2011-09-07 14:00:00,3.395,3.395,3.395,3.395,3.395,3.395,3.395,3.395,3.395,3.395,3.395,3.395
2011-09-07 15:00:00,3.691,3.691,3.691,3.691,3.691,3.691,3.691,3.691,3.691,3.691,3.691,3.691
2011-09-07 16:00:00,17.61,17.61,17.61,17.61,17.61,17.61,17.61,17.61,17.61,17.61,17.61,17.61
2011-09-07 17:00:00,18.098,18.098,18.098,18.098,18.098,18.098,18.098,18.098,18.098,18.098,18.098,18.098
2011-09-07 18:00:00,18.098,18.098,18.098,18.098,18.098,18.098,18.098,18.098,18.098,18.098,18.098,18.098
2011-09-07 19:00:00,18.098,18.098,18.098,18.098,18.098,18.098,18.098,18.098,18.098,18.098,18.098,18.098
2011-09-07 20:00:00,18.098,18.098,18.098,18.098,18.098,18.098,18.098,18.098,18.098,18.098,18.098,18.098
2011-09-07 21:00:00,18.098,18.098,18.098,18.098,18.098,18.098,18.098,18.098,18.098,18.098,18.098,18.098
2011-09-07 22:00:00,18.098,18.098,18.098,18.098,18.098,18.098,18.098,18.098,18.098,18.098,18.098,18.098
2011-09-07 23:00:00,18.098,18.098,18.098,18.098,18.098,18.098,18.098,18.098,18.098,18.098,18.098,18.098
2011-09-08 00:00:00,23.61,23.61,23.61,23.61,23.61,23.61,23.61,23.61,23.61,23.61,23.61,23.61
2011-09-08 01:00:00,23.61,23.61,23.61,23.61,23.61,23.61,23.61,23.61,23.61,23.61,23.61,23.61
2011-09-08 02:00:00,23.61,23.61,23.61,23.61,23.61,23.61,23.61,23.61,23.61,23.61,23.61,23.61
2011-09-08 03:00:00,23.61,23.61,23.61,23.61,23.61,23.61,23.61,23.61,23.61,23.61,23.61,23.61
2011-09-08 04:00:00,23.61,23.61,23.61,23.61,23.61,23.61,23.61,23.61,23.61,23.61,23.61,23.61
2011-09-08 05:00:00,23.61,23.61,23.61,23.61,23.61,23.61,23.61,23.61,23.61,23.61,23.61,23.61
2011-09-08 06:00:00,22.921,22.921,22.921,22.921,22.921,22.921,22.921,22.921,22.921,22.921,22.921,22.921
2011-09-08 07:00:00,18.06,18.06,18.06,18.06,18.06,18.06,18.06,18.06,18.06,18.06,18.06,18.06
2011-09-08 08:00:00,14.047,14.047,14.047,14.047,14.047,14.047,14.047,14.047,14.047,14.047,14.047,14.047
2011-09-08 09:00:00,12.595,12.595,12.595,12.595,12.595,12.595,12.595,12.595,12.595,12.595,12.595,12.595
2011-09-08 10:00:00,12.595,12.595,12.595,12.595,12.595,12.595,12.595,12.595,12.595,12.595,12.595,12.595
2011-09-08 11:00:00,12.595,12.595,12.595,12.595,12.595,12.595,12.595,12.595,12.595,12.595,12.595,12.595
2011-09-08 12:00:00,16.833,16.833,16.833,16.833,16.833,16.833,16.833,16.833,16.833,16.833,16.833,16.833
2011-09-08 13:00:00,18.189,18.189,18.189,18.189,18.189,18.189,18.189,18.189,18.189,18.189,18.189,18.189
2011-09-08 14:00:00,18.189,18.189,18.189,18.189,18.189,18.189,18.189,18.189,18.189,18.189,18.189,18.189
2011-09-08 15:00:00,22.363,22.363,22.363,22.363,22.363,22.363,22.363,22.363,22.363,22.363,22.363,22.363
2011-09-08 16:00:00,23.61,23.61,23.61,23.61,23.61,23.61,23.61,23.61,23.61,23.61,23.61,23.61
2011-09-08 17:00:00,23.61,23.61,23.61,23.61,23.61,23.61,23.61,23.61,23.61,23.61,23.61,23.61
2011-09-08 18:00:00,23.61,23.61,23.61,23.61,23.61,23.61,23.61,23.61,23.61,23.61,23.61,23.61
2011-09-08 19:00:00,23.61,23.61,23.61,23.61,23.61,23.61,23.61,23.61,23.61,23.61,23.61,23.61
2011-09-08 20:00:00,23.61,23.61,23.61,23.61,23.61,23.61,23.61,23.61,23.61,23.61,23.61,23.61
2011-09-08 21:00:00,23.61,23.61,23.61,23.61,23.61,23.61,23.61,23.61,23.61,23.61,23.61,23.61
2011-09-08 22:00:00,23.702,23.702,23.702,23.702,23.702,23.702,23.702,23.702,23.702,23.702,23.702,23.702
2011-09-08 23:00:00,23.702,23.702,23.702,23.702,23.702,23.702,23.702,23.702,23.702,23.702,23.702,23.702
2011-09-09 00:00:00,22.719,22.719,22.719,22.719,22.719,22.719,22.719,22.719,22.719,22.719,22.719,22.719
2011-09-09 01:00:00,22.719,22.719,22.719,22.719,22.719,22.719,22.719,22.719,22.719,22.719,22.719,22.719
2011-09-09 02:00:00,22.719,22.719,22.719,22.719,22.719,22.719,22.719,22.719,22.719,22.719,22.719,22.719
2011-09-09 03:00:00,22.719,22.719,22.719,22.719,22.719,22.719,22.719,22.719,22.719,22.719,22.719,22.719
2011-09-09 04:00:00,22.719,22.719,22.719,22.719,22.719,22.719,22.719,22.719,22.719,22.719,22.719,22.719
2011-09-09 05:00:00,22.719,22.719,22.719,22.719,22.719,22.719,22.719,22.719,22.719,22.719,22.719,22.719
2011-09-09 06:00:00,15.368,15.368,15.368,15.368,15.368,15.368,15.368,15.368,15.368,15.368,15.368,15.368
2011-09-09 07:00:00,8.105,8.105,8.105,8.105,8.105,8.105,8.105,8.105,8.105,8.105,8.105,8.105
2011-09-09 08:00:00,5.057,5.057,5.057,5.057,5.057,5.057,5.057,5.057,5.057,5.057,5.057,5.057
2011-09-09 09:00:00,5.057,5.057,5.057,5.057,5.057,5.057,5.057,5.057,5.057,5.057,5.057,5.057
2011-09-09 10:00:00,8.983,8.983,8.983,8.983,8.983,8.983,8.983,8.983,8.983,8.983,8.983,8.983
2011-09-09 11:00:00,9.675,9.675,9.675,9.675,9.675,9.675,9.675,9.675,9.675,9.675,9.675,9.675
2011-09-09 12:00:00,9.675,9.675,9.675,9.675,9.675,9.675,9.675,9.675,9.675,9.675,9.675,9.675
2011-09-09 13:00:00,9.972,9.972,9.972,9.972,9.972,9.972,9.972,9.972,9.972,9.972,9.972,9.972
2011-09-09 14:00:00,10.639,10.639,10.639,10.639,10.639,10.639,10.639,10.639,10.639,10.639,10.639,10.639
2011-09-09 15:00:00,18.864,18.864,18.864,18.864,18.864,18.864,18.864,18.864,18.864,18.864,18.864,18.864
2011-09-09 16:00:00,22.55,22.55,22.55,22.55,22.55,22.55,22.55,22.55,22.55,22.55,22.55,22.55
2011-09-09 17:00:00,22.892,22.892,22.892,22.892,22.892,22.892,22.892,22.892,22.892,22.892,22.892,22.892
2011-09-09 18:00:00,23.335,23.335,23.335,23.335,23.335,23.335,23.335,23.335,23.335,23.335,23.335,23.335
2011-09-09 19:00:00,22.966,22.966,22.966,22.966,22.966,22.966,22.966,22.966,22.966,22.966,22.966,22.966
2011-09-09 20:00:00,22.966,22.966,22.966,22.966,22.966,22.966,22.966,22.966,22.966,22.966,22.966,22.966
2011-09-09 21:00:00,22.892,22.892,22.892,22.892,22.892,22.892,22.892,22.892,22.892,22.892,22.892,22.892
2011-09-09 22:00:00,22.892,22.892,22.892,22.892,22.892,22.892,22.892,22.892,22.892,22.892,22.892,22.892
2011-09-09 23:00:00,22.892,22.892,22.892,22.892,22.892,22.892,22.892,22.892,22.892,22.892,22.892,22.892
2011-09-10 00:00:00,19.231,19.231,19.231,19.231,19.231,19.231,19.231,19.231,19.231,19.231,19.231,19.231
2011-09-10 01:00:00,19.231,19.231,19.231,19.231,19.231,19.231,19.231,19.231,19.231,19.231,19.231,19.231
2011-09-10 02:00:00,19.231,19.231,19.231,19.231,19.231,19.231,19.231,19.231,19.231,19.231,19.231,19.231
2011-09-10 03:00:00,19.231,19.231,19.231,19.231,19.231,19.231,19.231,19.231,19.231,19.231,19.231,19.231
2011-09-10 04:00:00,19.231,19.231,19.231,19.231,19.231,19.231,19.231,19.231,19.231,19.231,19.231,19.231
2011-09-10 05:00:00,19.321,19.321,19.321,19.321,19.321,19.321,19.321,19.321,19.321,19.321,19.321,19.321
2011-09-10 06:00:00,19.112,19.112,19.112,19.112,19.112,19.112,19.112,19.112,19.112,19.112,19.112,19.112
2011-09-10 07:00:00,19.112,19.112,19.112,19.112,19.112,19.112,19.112,19.112,19.112,19.112,19.112,19.112
2011-09-10 08:00:00,18.036,18.036,18.036,18.036,18.036,18.036,18.036,18.036,18.036,18.036,18.036,18.036
2011-09-10 09:00:00,15.674,15.674,15.674,15.674,15.674,15.674,15.674,15.674,15.674,15.674,15.674,15.674
2011-09-10 10:00:00,15.674,15.674,15.674,15.674,15.674,15.674,15.674,15.674,15.674,15.674,15.674,15.674
2011-09-10 11:00:00,15.674,15.674,15.674,15.674,15.674,15.674,15.674,15.674,15.674,15.674,15.674,15.674
2011-09-10 12:00:00,15.674,15.674,15.674,15.674,15.674,15.674,15.674,15.674,15.674,15.674,15.674,15.674
2011-09-10 13:00:00,16.899,16.899,16.899,16.899,16.899,16.899,16.899,16.899,16.899,16.899,16.899,16.899
2011-09-10 14:00:00,18.681,18.681,18.681,18.681,18.681,18.681,18.681,18.681,18.681,18.681,18.681,18.681
2011-09-10 15:00:00,19.112,19.112,19.112,19.112,19.112,19.112,19.112,19.112,19.112,19.112,19.112,19.112
2011-09-10 16:00:00,19.112,19.112,19.112,19.112,19.112,19.112,19.112,19.112,19.112,19.112,19.112,19.112
2011-09-10 17:00:00,19.141,19.141,19.141,19.141,19.141,19.141,19.141,19.141,19.141,19.141,19.141,19.141
2011-09-10 18:00:00,19.112,19.112,19.112,19.112,19.112,19.112,19.112,19.112,19.112,19.112,19.112,19.112
2011-09-10 19:00:00,19.112,19.112,19.112,19.112,19.112,19.112,19.112,19.112,19.112,19.112,19.112,19.112
2011-09-10 20:00:00,19.112,19.112,19.112,19.112,19.112,19.112,19.112,19.112,19.112,19.112,19.112,19.112
2011-09-10 21:00:00,19.112,19.112,19.112,19.112,19.112,19.112,19.112,19.112,19.112,19.112,19.112,19.112
2011-09-10 22:00:00,19.112,19.112,19.112,19.112,19.112,19.112,19.112,19.112,19.112,19.112,19.112,19.112
2011-09-10 23:00:00,19.112,19.112,19.112,19.112,19.112,19.112,19.112,19.112,19.112,19.112,19.112,19.112
2011-09-11 00:00:00,19.267,19.267,19.267,19.267,19.267,19.267,19.267,19.267,19.267,19.267,19.267,19.267
2011-09-11 01:00:00,19.267,19.267,19.267,19.267,19.267,19.267,19.267,19.267,19.267,19.267,19.267,19.267
2011-09-11 02:00:00,19.267,19.267,19.267,19.267,19.267,19.267,19.267,19.267,19.267,19.267,19.267,19.267
2011-09-11 03:00:00,19.267,19.267,19.267,19.267,19.267,19.267,19.267,19.267,19.267,19.267,19.267,19.267
2011-09-11 04:00:00,19.267,19.267,19.267,19.267,19.267,19.267,19.267,19.267,19.267,19.267,19.267,19.267
2011-09-11 05:00:00,19.267,19.267,19.267,19.267,19.267,19.267,19.267,19.267,19.267,19.267,19.267,19.267
2011-09-11 06:00:00,19.267,19.267,19.267,19.267,19.267,19.267,19.267,19.267,19.267,19.267,19.267,19.267
2011-09-11 07:00:00,18.601,18.601,18.601,18.601,18.601,18.601,18.601,18.601,18.601,18.601,18.601,18.601
2011-09-11 08:00:00,3.691,3.691,3.691,3.691,3.691,3.691,3.691,3.691,3.691,3.691,3.691,3.691
2011-09-11 09:00:00,3.369,3.369,3.369,3.369,3.369,3.369,3.369,3.369,3.369,3.369,3.369,3.369
2011-09-11 10:00:00,3.369,3.369,3.369,3.369,3.369,3.369,3.369,3.369,3.369,3.369,3.369,3.369
2011-09-11 11:00:00,3.369,3.369,3.369,3.369,3.369,3.369,3.369,3.369,3.369,3.369,3.369,3.369
2011-09-11 12:00:00,3.369,3.369,3.369,3.369,3.369,3.369,3.369,3.369,3.369,3.369,3.369,3.369
2011-09-11 13:00:00,3.72,3.72,3.72,3.72,3.72,3.72,3.72,3.72,3.72,3.72,3.72,3.72
2011-09-11 14:00:00,17.357,17.357,17.357,17.357,17.357,17.357,17.357,17.357,17.357,17.357,17.357,17.357
2011-09-11 15:00:00,19.253,19.253,19.253,19.253,19.253,19.253,19.253,19.253,19.253,19.253,19.253,19.253
2011-09-11 16:00:00,19.267,19.267,19.267,19.267,19.267,19.267,19.267,19.267,19.267,19.267,19.267,19.267
2011-09-11 17:00:00,19.267,19.267,19.267,19.267,19.267,19.267,19.267,19.267,19.267,19.267,19.267,19.267
2011-09-11 18:00:00,19.267,19.267,19.267,19.267,19.267,19.267,19.267,19.267,19.267,19.267,19.267,19.267
2011-09-11 19:00:00,19.267,19.267,19.267,19.267,19.267,19.267,19.267,19.267,19.267,19.267,19.267,19.267
2011-09-11 20:00:00,19.267,19.267,19.267,19.267,19.267,19.267,19.267,19.267,19.267,19.267,19.267,19.267
2011-09-11 21:00:00,19.267,19.267,19.267,19.267,19.267,19.267,19.267,19.267,19.267,19.267,19.267,19.267
2011-09-11 22:00:00,19.267,19.267,19.267,19.267,19.267,19.267,19.267,19.267,19.267,19.267,19.267,19.267
2011-09-11 23:00:00,19.267,19.267,19.267,19.267,19.267,19.267,19.267,19.267,19.267,19.267,19.267,19.267
2011-09-12 00:00:00,18.592,18.592,18.592,18.592,18.592,18.592,18.592,18.592,18.592,18.592,18.592,18.592
2011-09-12 01:00:00,18.592,18.592,18.592,18.592,18.592,18.592,18.592,18.592,18.592,18.592,18.592,18.592
2011-09-12 02:00:00,18.592,18.592,18.592,18.592,18.592,18.592,18.592,18.592,18.592,18.592,18.592,18.592
2011-09-12 03:00:00,18.592,18.592,18.592,18.592,18.592,18.592,18.592,18.592,18.592,18.592,18.592,18.592
2011-09-12 04:00:00,18.602,18.602,18.602,18.602,18.602,18.602,18.602,18.602,18.602,18.602,18.602,18.602
2011-09-12 05:00:00,19.091,19.091,19.091,19.091,19.091,19.091,19.091,19.091,19.091,19.091,19.091,19.091
2011-09-12 06:00:00,15.606,15.606,15.606,15.606,15.606,15.606,15.606,15.606,15.606,15.606,15.606,15.606
2011-09-12 07:00:00,5.375,5.375,5.375,5.375,5.375,5.375,5.375,5.375,5.375,5.375,5.375,5.375
2011-09-12 08:00:00,3.655,3.655,3.655,3.655,3.655,3.655,3.655,3.655,3.655,3.655,3.655,3.655
2011-09-12 09:00:00,3.521,3.521,3.521,3.521,3.521,3.521,3.521,3.521,3.521,3.521,3.521,3.521
2011-09-12 10:00:00,3.521,3.521,3.521,3.521,3.521,3.521,3.521,3.521,3.521,3.521,3.521,3.521
2011-09-12 11:00:00,3.563,3.563,3.563,3.563,3.563,3.563,3.563,3.563,3.563,3.563,3.563,3.563
2011-09-12 12:00:00,3.563,3.563,3.563,3.563,3.563,3.563,3.563,3.563,3.563,3.563,3.563,3.563
2011-09-12 13:00:00,3.571,3.571,3.571,3.571,3.571,3.571,3.571,3.571,3.571,3.571,3.571,3.571
2011-09-12 14:00:00,3.659,3.659,3.659,3.659,3.659,3.659,3.659,3.659,3.659,3.659,3.659,3.659
2011-09-12 15:00:00,5.632,5.632,5.632,5.632,5.632,5.632,5.632,5.632,5.632,5.632,5.632,5.632
2011-09-12 16:00:00,18.592,18.592,18.592,18.592,18.592,18.592,18.592,18.592,18.592,18.592,18.592,18.592
2011-09-12 17:00:00,18.546,18.546,18.546,18.546,18.546,18.546,18.546,18.546,18.546,18.546,18.546,18.546
2011-09-12 18:00:00,18.546,18.546,18.546,18.546,18.546,18.546,18.546,18.546,18.546,18.546,18.546,18.546
2011-09-12 19:00:00,18.546,18.546,18.546,18.546,18.546,18.546,18.546,18.546,18.546,18.546,18.546,18.546
2011-09-12 20:00:00,18.546,18.546,18.546,18.546,18.546,18.546,18.546,18.546,18.546,18.546,18.546,18.546
2011-09-12 21:00:00,18.546,18.546,18.546,18.546,18.546,18.546,18.546,18.546,18.546,18.546,18.546,18.546
2011-09-12 22:00:00,18.546,18.546,18.546,18.546,18.546,18.546,18.546,18.546,18.546,18.546,18.546,18.546
2011-09-12 23:00:00,18.546,18.546,18.546,18.546,18.546,18.546,18.546,18.546,18.546,18.546,18.546,18.546
2011-09-13 00:00:00,12.632,12.632,12.632,12.632,12.632,12.632,12.632,12.632,12.632,12.632,12.632,12.632
2011-09-13 01:00:00,12.632,12.632,12.632,12.632,12.632,12.632,12.632,12.632,12.632,12.632,12.632,12.632
2011-09-13 02:00:00,12.632,12.632,12.632,12.632,12.632,12.632,12.632,12.632,12.632,12.632,12.632,12.632
2011-09-13 03:00:00,12.632,12.632,12.632,12.632,12.632,12.632,12.632,12.632,12.632,12.632,12.632,12.632
2011-09-13 04:00:00,12.632,12.632,12.632,12.632,12.632,12.632,12.632,12.632,12.632,12.632,12.632,12.632
2011-09-13 05:00:00,12.632,12.632,12.632,12.632,12.632,12.632,12.632,12.632,12.632,12.632,12.632,12.632
2011-09-13 06:00:00,11.614,11.614,11.614,11.614,11.614,11.614,11.614,11.614,11.614,11.614,11.614,11.614
2011-09-13 07:00:00,4.463,4.463,4.463,4.463,4.463,4.463,4.463,4.463,4.463,4.463,4.463,4.463
2011-09-13 08:00:00,3.166,3.166,3.166,3.166,3.166,3.166,3.166,3.166,3.166,3.166,3.166,3.166
2011-09-13 09:00:00,2.329,2.329,2.329,2.329,2.329,2.329,2.329,2.329,2.329,2.329,2.329,2.329
2011-09-13 10:00:00,2.329,2.329,2.329,2.329,2.329,2.329,2.329,2.329,2.329,2.329,2.329,2.329
2011-09-13 11:00:00,2.329,2.329,2.329,2.329,2.329,2.329,2.329,2.329,2.329,2.329,2.329,2.329
2011-09-13 12:00:00,2.329,2.329,2.329,2.329,2.329,2.329,2.329,2.329,2.329,2.329,2.329,2.329
2011-09-13 13:00:00,2.92,2.92,2.92,2.92,2.92,2.92,2.92,2.92,2.92,2.92,2.92,2.92
2011-09-13 14:00:00,3.221,3.221,3.221,3.221,3.221,3.221,3.221,3.221,3.221,3.221,3.221,3.221
2011-09-13 15:00:00,3.643,3.643,3.643,3.643,3.643,3.643,3.643,3.643,3.643,3.643,3.643,3.643
2011-09-13 16:00:00,12.591,12.591,12.591,12.591,12.591,12.591,12.591,12.591,12.591,12.591,12.591,12.591
2011-09-13 17:00:00,12.632,12.632,12.632,12.632,12.632,12.632,12.632,12.632,12.632,12.632,12.632,12.632
2011-09-13 18:00:00,12.632,12.632,12.632,12.632,12.632,12.632,12.632,12.632,12.632,12.632,12.632,12.632
2011-09-13 19:00:00,12.632,12.632,12.632,12.632,12.632,12.632,12.632,12.632,12.632,12.632,12.632,12.632
2011-09-13 20:00:00,12.632,12.632,12.632,12.632,12.632,12.632,12.632,12.632,12.632,12.632,12.632,12.632
2011-09-13 21:00:00,12.632,12.632,12.632,12.632,12.632,12.632,12.632,12.632,12.632,12.632,12.632,12.632
2011-09-13 22:00:00,12.632,12.632,12.632,12.632,12.632,12.632,12.632,12.632,12.632,12.632,12.632,12.632
2011-09-13 23:00:00,12.632,12.632,12.632,12.632,12.632,12.632,12.632,12.632,12.632,12.632,12.632,12.632
2011-09-14 00:00:00,19.617,19.617,19.617,19.617,19.617,19.617,19.617,19.617,19.617,19.617,19.617,19.617
2011-09-14 01:00:00,19.617,19.617,19.617,19.617,19.617,19.617,19.617,19.617,19.617,19.617,19.617,19.617
2011-09-14 02:00:00,19.617,19.617,19.617,19.617,19.617,19.617,19.617,19.617,19.617,19.617,19.617,19.617
2011-09-14 03:00:00,19.617,19.617,19.617,19.617,19.617,19.617,19.617,19.617,19.617,19.617,19.617,19.617
2011-09-14 04:00:00,19.617,19.617,19.617,19.617,19.617,19.617,19.617,19.617,19.617,19.617,19.617,19.617
2011-09-14 05:00:00,19.617,19.617,19.617,19.617,19.617,19.617,19.617,19.617,19.617,19.617,19.617,19.617
2011-09-14 06:00:00,17.753,17.753,17.753,17.753,17.753,17.753,17.753,17.753,17.753,17.753,17.753,17.753
2011-09-14 07:00:00,5.746,5.746,5.746,5.746,5.746,5.746,5.746,5.746,5.746,5.746,5.746,5.746
2011-09-14 08:00:00,3.61,3.61,3.61,3.61,3.61,3.61,3.61,3.61,3.61,3.61,3.61,3.61
2011-09-14 09:00:00,3.334,3.334,3.334,3.334,3.334,3.334,3.334,3.334,3.334,3.334,3.334,3.334
2011-09-14 10:00:00,3.334,3.334,3.334,3.334,3.334,3.334,3.334,3.334,3.334,3.334,3.334,3.334
2011-09-14 11:00:00,3.347,3.347,3.347,3.347,3.347,3.347,3.347,3.347,3.347,3.347,3.347,3.347
2011-09-14 12:00:00,3.367,3.367,3.367,3.367,3.367,3.367,3.367,3.367,3.367,3.367,3.367,3.367
2011-09-14 13:00:00,3.434,3.434,3.434,3.434,3.434,3.434,3.434,3.434,3.434,3.434,3.434,3.434
2011-09-14 14:00:00,3.517,3.517,3.517,3.517,3.517,3.517,3.517,3.517,3.517,3.517,3.517,3.517
2011-09-14 15:00:00,8.287,8.287,8.287,8.287,8.287,8.287,8.287,8.287,8.287,8.287,8.287,8.287
2011-09-14 16:00:00,19.406,19.406,19.406,19.406,19.406,19.406,19.406,19.406,19.406,19.406,19.406,19.406
2011-09-14 17:00:00,19.617,19.617,19.617,19.617,19.617,19.617,19.617,19.617,19.617,19.617,19.617,19.617
2011-09-14 18:00:00,19.617,19.617,19.617,19.617,19.617,19.617,19.617,19.617,19.617,19.617,19.617,19.617
2011-09-14 19:00:00,19.617,19.617,19.617,19.617,19.617,19.617,19.617,19.617,19.617,19.617,19.617,19.617
2011-09-14 20:00:00,19.617,19.617,19.617,19.617,19.617,19.617,19.617,19.617,19.617,19.617,19.617,19.617
2011-09-14 21:00:00,19.617,19.617,19.617,19.617,19.617,19.617,19.617,19.617,19.617,19.617,19.617,19.617
2011-09-14 22:00:00,19.617,19.617,19.617,19.617,19.617,19.617,19.617,19.617,19.617,19.617,19.617,19.617
2011-09-14 23:00:00,19.617,19.617,19.617,19.617,19.617,19.617,19.617,19.617,19.617,19.617,19.617,19.617
2011-09-15 00:00:00,19.594,19.594,19.594,19.594,19.594,19.594,19.594,19.594,19.594,19.594,19.594,19.594
2011-09-15 01:00:00,19.594,19.594,19.594,19.594,19.594,19.594,19.594,19.594,19.594,19.594,19.594,19.594
2011-09-15 02:00:00,19.594,19.594,19.594,19.594,19.594,19.594,19.594,19.594,19.594,19.594,19.594,19.594
2011-09-15 03:00:00,19.594,19.594,19.594,19.594,19.594,19.594,19.594,19.594,19.594,19.594,19.594,19.594
2011-09-15 04:00:00,19.594,19.594,19.594,19.594,19.594,19.594,19.594,19.594,19.594,19.594,19.594,19.594
2011-09-15 05:00:00,19.594,19.594,19.594,19.594,19.594,19.594,19.594,19.594,19.594,19.594,19.594,19.594
2011-09-15 06:00:00,19.015,19.015,19.015,19.015,19.015,19.015,19.015,19.015,19.015,19.015,19.015,19.015
2011-09-15 07:00:00,13.806,13.806,13.806,13.806,13.806,13.806,13.806,13.806,13.806,13.806,13.806,13.806
2011-09-15 08:00:00,9.011,9.011,9.011,9.011,9.011,9.011,9.011,9.011,9.011,9.011,9.011,9.011
2011-09-15 09:00:00,6.541,6.541,6.541,6.541,6.541,6.541,6.541,6.541,6.541,6.541,6.541,6.541
2011-09-15 10:00:00,6.815,6.815,6.815,6.815,6.815,6.815,6.815,6.815,6.815,6.815,6.815,6.815
2011-09-15 11:00:00,6.541,6.541,6.541,6.541,6.541,6.541,6.541,6.541,6.541,6.541,6.541,6.541
2011-09-15 12:00:00,6.541,6.541,6.541,6.541,6.541,6.541,6.541,6.541,6.541,6.541,6.541,6.541
2011-09-15 13:00:00,8.897,8.897,8.897,8.897,8.897,8.897,8.897,8.897,8.897,8.897,8.897,8.897
2011-09-15 14:00:00,11.698,11.698,11.698,11.698,11.698,11.698,11.698,11.698,11.698,11.698,11.698,11.698
2011-09-15 15:00:00,18.294,18.294,18.294,18.294,18.294,18.294,18.294,18.294,18.294,18.294,18.294,18.294
2011-09-15 16:00:00,19.287,19.287,19.287,19.287,19.287,19.287,19.287,19.287,19.287,19.287,19.287,19.287
2011-09-15 17:00:00,19.594,19.594,19.594,19.594,19.594,19.594,19.594,19.594,19.594,19.594,19.594,19.594
2011-09-15 18:00:00,19.594,19.594,19.594,19.594,19.594,19.594,19.594,19.594,19.594,19.594,19.594,19.594
2011-09-15 19:00:00,19.594,19.594,19.594,19.594,19.594,19.594,19.594,19.594,19.594,19.594,19.594,19.594
2011-09-15 20:00:00,19.594,19.594,19.594,19.594,19.594,19.594,19.594,19.594,19.594,19.594,19.594,19.594
2011-09-15 21:00:00,19.594,19.594,19.594,19.594,19.594,19.594,19.594,19.594,19.594,19.594,19.594,19.594
2011-09-15 22:00:00,19.594,19.594,19.594,19.594,19.594,19.594,19.594,19.594,19.594,19.594,19.594,19.594
2011-09-15 23:00:00,19.594,19.594,19.594,19.594,19.594,19.594,19.594,19.594,19.594,19.594,19.594,19.594
2011-09-16 00:00:00,17.722,17.722,17.722,17.722,17.722,17.722,17.722,17.722,17.722,17.722,17.722,17.722
2011-09-16 01:00:00,17.722,17.722,17.722,17.722,17.722,17.722,17.722,17.722,17.722,17.722,17.722,17.722
2011-09-16 02:00:00,17.722,17.722,17.722,17.722,17.722,17.722,17.722,17.722,17.722,17.722,17.722,17.722
2011-09-16 03:00:00,17.722,17.722,17.722,17.722,17.722,17.722,17.722,17.722,17.722,17.722,17.722,17.722
2011-09-16 04:00:00,17.722,17.722,17.722,17.722,17.722,17.722,17.722,17.722,17.722,17.722,17.722,17.722
2011-09-16 05:00:00,17.722,17.722,17.722,17.722,17.722,17.722,17.722,17.722,17.722,17.722,17.722,17.722
2011-09-16 06:00:00,11.087,11.087,11.087,11.087,11.087,11.087,11.087,11.087,11.087,11.087,11.087,11.087
2011-09-16 07:00:00,7.06,7.06,7.06,7.06,7.06,7.06,7.06,7.06,7.06,7.06,7.06,7.06
2011-09-16 08:00:00,3.952,3.952,3.952,3.952,3.952,3.952,3.952,3.952,3.952,3.952,3.952,3.952
2011-09-16 09:00:00,3.867,3.867,3.867,3.867,3.867,3.867,3.867,3.867,3.867,3.867,3.867,3.867
2011-09-16 10:00:00,6.117,6.117,6.117,6.117,6.117,6.117,6.117,6.117,6.117,6.117,6.117,6.117
2011-09-16 11:00:00,6.117,6.117,6.117,6.117,6.117,6.117,6.117,6.117,6.117,6.117,6.117,6.117
2011-09-16 12:00:00,6.117,6.117,6.117,6.117,6.117,6.117,6.117,6.117,6.117,6.117,6.117,6.117
2011-09-16 13:00:00,7.013,7.013,7.013,7.013,7.013,7.013,7.013,7.013,7.013,7.013,7.013,7.013
2011-09-16 14:00:00,7.866,7.866,7.866,7.866,7.866,7.866,7.866,7.866,7.866,7.866,7.866,7.866
2011-09-16 15:00:00,16.013,16.013,16.013,16.013,16.013,16.013,16.013,16.013,16.013,16.013,16.013,16.013
2011-09-16 16:00:00,18.439,18.439,18.439,18.439,18.439,18.439,18.439,18.439,18.439,18.439,18.439,18.439
2011-09-16 17:00:00,21.775,21.775,21.775,21.775,21.775,21.775,21.775,21.775,21.775,21.775,21.775,21.775
2011-09-16 18:00:00,21.433,21.433,21.433,21.433,21.433,21.433,21.433,21.433,21.433,21.433,21.433,21.433
2011-09-16 19:00:00,21.433,21.433,21.433,21.433,21.433,21.433,21.433,21.433,21.433,21.433,21.433,21.433
2011-09-16 20:00:00,21.433,21.433,21.433,21.433,21.433,21.433,21.433,21.433,21.433,21.433,21.433,21.433
2011-09-16 21:00:00,21.433,21.433,21.433,21.433,21.433,21.433,21.433,21.433,21.433,21.433,21.433,21.433
2011-09-16 22:00:00,20.916,20.916,20.916,20.916,20.916,20.916,20.916,20.916,20.916,20.916,20.916,20.916
2011-09-16 23:00:00,21.433,21.433,21.433,21.433,21.433,21.433,21.433,21.433,21.433,21.433,21.433,21.433
2011-09-17 00:00:00,18.906,18.906,18.906,18.906,18.906,18.906,18.906,18.906,18.906,18.906,18.906,18.906
2011-09-17 01:00:00,18.906,18.906,18.906,18.906,18.906,18.906,18.906,18.906,18.906,18.906,18.906,18.906
2011-09-17 02:00:00,18.906,18.906,18.906,18.906,18.906,18.906,18.906,18.906,18.906,18.906,18.906,18.906
2011-09-17 03:00:00,18.906,18.906,18.906,18.906,18.906,18.906,18.906,18.906,18.906,18.906,18.906,18.906
2011-09-17 04:00:00,18.906,18.906,18.906,18.906,18.906,18.906,18.906,18.906,18.906,18.906,18.906,18.906
2011-09-17 05:00:00,18.906,18.906,18.906,18.906,18.906,18.906,18.906,18.906,18.906,18.906,18.906,18.906
2011-09-17 06:00:00,18.906,18.906,18.906,18.906,18.906,18.906,18.906,18.906,18.906,18.906,18.906,18.906
2011-09-17 07:00:00,18.584,18.584,18.584,18.584,18.584,18.584,18.584,18.584,18.584,18.584,18.584,18.584
2011-09-17 08:00:00,16.236,16.236,16.236,16.236,16.236,16.236,16.236,16.236,16.236,16.236,16.236,16.236
2011-09-17 09:00:00,6.618,6.618,6.618,6.618,6.618,6.618,6.618,6.618,6.618,6.618,6.618,6.618
2011-09-17 10:00:00,6.618,6.618,6.618,6.618,6.618,6.618,6.618,6.618,6.618,6.618,6.618,6.618
2011-09-17 11:00:00,6.618,6.618,6.618,6.618,6.618,6.618,6.618,6.618,6.618,6.618,6.618,6.618
2011-09-17 12:00:00,12.595,12.595,12.595,12.595,12.595,12.595,12.595,12.595,12.595,12.595,12.595,12.595
2011-09-17 13:00:00,16.452,16.452,16.452,16.452,16.452,16.452,16.452,16.452,16.452,16.452,16.452,16.452
2011-09-17 14:00:00,18.1,18.1,18.1,18.1,18.1,18.1,18.1,18.1,18.1,18.1,18.1,18.1
2011-09-17 15:00:00,18.906,18.906,18.906,18.906,18.906,18.906,18.906,18.906,18.906,18.906,18.906,18.906
2011-09-17 16:00:00,18.991,18.991,18.991,18.991,18.991,18.991,18.991,18.991,18.991,18.991,18.991,18.991
2011-09-17 17:00:00,18.938,18.938,18.938,18.938,18.938,18.938,18.938,18.938,18.938,18.938,18.938,18.938
2011-09-17 18:00:00,18.938,18.938,18.938,18.938,18.938,18.938,18.938,18.938,18.938,18.938,18.938,18.938
2011-09-17 19:00:00,18.938,18.938,18.938,18.938,18.938,18.938,18.938,18.938,18.938,18.938,18.938,18.938
2011-09-17 20:00:00,18.938,18.938,18.938,18.938,18.938,18.938,18.938,18.938,18.938,18.938,18.938,18.938
2011-09-17 21:00:00,18.906,18.906,18.906,18.906,18.906,18.906,18.906,18.906,18.906,18.906,18.906,18.906
2011-09-17 22:00:00,18.906,18.906,18.906,18.906,18.906,18.906,18.906,18.906,18.906,18.906,18.906,18.906
2011-09-17 23:00:00,18.906,18.906,18.906,18.906,18.906,18.906,18.906,18.906,18.906,18.906,18.906,18.906
2011-09-18 00:00:00,19.57,19.57,19.57,19.57,19.57,19.57,19.57,19.57,19.57,19.57,19.57,19.57
2011-09-18 01:00:00,19.57,19.57,19.57,19.57,19.57,19.57,19.57,19.57,19.57,19.57,19.57,19.57
2011-09-18 02:00:00,19.57,19.57,19.57,19.57,19.57,19.57,19.57,19.57,19.57,19.57,19.57,19.57
2011-09-18 03:00:00,19.57,19.57,19.57,19.57,19.57,19.57,19.57,19.57,19.57,19.57,19.57,19.57
2011-09-18 04:00:00,19.57,19.57,19.57,19.57,19.57,19.57,19.57,19.57,19.57,19.57,19.57,19.57
2011-09-18 05:00:00,19.57,19.57,19.57,19.57,19.57,19.57,19.57,19.57,19.57,19.57,19.57,19.57
2011-09-18 06:00:00,19.57,19.57,19.57,19.57,19.57,19.57,19.57,19.57,19.57,19.57,19.57,19.57
2011-09-18 07:00:00,19.57,19.57,19.57,19.57,19.57,19.57,19.57,19.57,19.57,19.57,19.57,19.57
2011-09-18 08:00:00,17.829,17.829,17.829,17.829,17.829,17.829,17.829,17.829,17.829,17.829,17.829,17.829
2011-09-18 09:00:00,4.663,4.663,4.663,4.663,4.663,4.663,4.663,4.663,4.663,4.663,4.663,4.663
2011-09-18 10:00:00,4.663,4.663,4.663,4.663,4.663,4.663,4.663,4.663,4.663,4.663,4.663,4.663
2011-09-18 11:00:00,4.663,4.663,4.663,4.663,4.663,4.663,4.663,4.663,4.663,4.663,4.663,4.663
2011-09-18 12:00:00,4.663,4.663,4.663,4.663,4.663,4.663,4.663,4.663,4.663,4.663,4.663,4.663
2011-09-18 13:00:00,4.779,4.779,4.779,4.779,4.779,4.779,4.779,4.779,4.779,4.779,4.779,4.779
2011-09-18 14:00:00,14.593,14.593,14.593,14.593,14.593,14.593,14.593,14.593,14.593,14.593,14.593,14.593
2011-09-18 15:00:00,19.57,19.57,19.57,19.57,19.57,19.57,19.57,19.57,19.57,19.57,19.57,19.57
2011-09-18 16:00:00,19.57,19.57,19.57,19.57,19.57,19.57,19.57,19.57,19.57,19.57,19.57,19.57
2011-09-18 17:00:00,19.57,19.57,19.57,19.57,19.57,19.57,19.57,19.57,19.57,19.57,19.57,19.57
2011-09-18 18:00:00,19.57,19.57,19.57,19.57,19.57,19.57,19.57,19.57,19.57,19.57,19.57,19.57
2011-09-18 19:00:00,19.57,19.57,19.57,19.57,19.57,19.57,19.57,19.57,19.57,19.57,19.57,19.57
2011-09-18 20:00:00,19.57,19.57,19.57,19.57,19.57,19.57,19.57,19.57,19.57,19.57,19.57,19.57
2011-09-18 21:00:00,19.57,19.57,19.57,19.57,19.57,19.57,19.57,19.57,19.57,19.57,19.57,19.57
2011-09-18 22:00:00,19.57,19.57,19.57,19.57,19.57,19.57,19.57,19.57,19.57,19.57,19.57,19.57
2011-09-18 23:00:00,19.57,19.57,19.57,19.57,19.57,19.57,19.57,19.57,19.57,19.57,19.57,19.57
2011-09-19 00:00:00,23.394,23.394,23.394,23.394,23.394,23.394,23.394,23.394,23.394,23.394,23.394,23.394
2011-09-19 01:00:00,23.394,23.394,23.394,23.394,23.394,23.394,23.394,23.394,23.394,23.394,23.394,23.394
2011-09-19 02:00:00,23.394,23.394,23.394,23.394,23.394,23.394,23.394,23.394,23.394,23.394,23.394,23.394
2011-09-19 03:00:00,23.394,23.394,23.394,23.394,23.394,23.394,23.394,23.394,23.394,23.394,23.394,23.394
2011-09-19 04:00:00,23.394,23.394,23.394,23.394,23.394,23.394,23.394,23.394,23.394,23.394,23.394,23.394
2011-09-19 05:00:00,23.394,23.394,23.394,23.394,23.394,23.394,23.394,23.394,23.394,23.394,23.394,23.394
2011-09-19 06:00:00,23.03,23.03,23.03,23.03,23.03,23.03,23.03,23.03,23.03,23.03,23.03,23.03
2011-09-19 07:00:00,18.472,18.472,18.472,18.472,18.472,18.472,18.472,18.472,18.472,18.472,18.472,18.472
2011-09-19 08:00:00,16.011,16.011,16.011,16.011,16.011,16.011,16.011,16.011,16.011,16.011,16.011,16.011
2011-09-19 09:00:00,15.013,15.013,15.013,15.013,15.013,15.013,15.013,15.013,15.013,15.013,15.013,15.013
2011-09-19 10:00:00,15.013,15.013,15.013,15.013,15.013,15.013,15.013,15.013,15.013,15.013,15.013,15.013
2011-09-19 11:00:00,15.013,15.013,15.013,15.013,15.013,15.013,15.013,15.013,15.013,15.013,15.013,15.013
2011-09-19 12:00:00,17.937,17.937,17.937,17.937,17.937,17.937,17.937,17.937,17.937,17.937,17.937,17.937
2011-09-19 13:00:00,19.682,19.682,19.682,19.682,19.682,19.682,19.682,19.682,19.682,19.682,19.682,19.682
2011-09-19 14:00:00,22.022,22.022,22.022,22.022,22.022,22.022,22.022,22.022,22.022,22.022,22.022,22.022
2011-09-19 15:00:00,23.111,23.111,23.111,23.111,23.111,23.111,23.111,23.111,23.111,23.111,23.111,23.111
2011-09-19 16:00:00,23.394,23.394,23.394,23.394,23.394,23.394,23.394,23.394,23.394,23.394,23.394,23.394
2011-09-19 17:00:00,23.394,23.394,23.394,23.394,23.394,23.394,23.394,23.394,23.394,23.394,23.394,23.394
2011-09-19 18:00:00,23.394,23.394,23.394,23.394,23.394,23.394,23.394,23.394,23.394,23.394,23.394,23.394
2011-09-19 19:00:00,23.394,23.394,23.394,23.394,23.394,23.394,23.394,23.394,23.394,23.394,23.394,23.394
2011-09-19 20:00:00,23.394,23.394,23.394,23.394,23.394,23.394,23.394,23.394,23.394,23.394,23.394,23.394
2011-09-19 21:00:00,23.394,23.394,23.394,23.394,23.394,23.394,23.394,23.394,23.394,23.394,23.394,23.394
2011-09-19 22:00:00,23.394,23.394,23.394,23.394,23.394,23.394,23.394,23.394,23.394,23.394,23.394,23.394
2011-09-19 23:00:00,23.394,23.394,23.394,23.394,23.394,23.394,23.394,23.394,23.394,23.394,23.394,23.394
2011-09-20 00:00:00,23.611,23.611,23.611,23.611,23.611,23.611,23.611,23.611,23.611,23.611,23.611,23.611
2011-09-20 01:00:00,23.611,23.611,23.611,23.611,23.611,23.611,23.611,23.611,23.611,23.611,23.611,23.611
2011-09-20 02:00:00,23.611,23.611,23.611,23.611,23.611,23.611,23.611,23.611,23.611,23.611,23.611,23.611
2011-09-20 03:00:00,23.611,23.611,23.611,23.611,23.611,23.611,23.611,23.611,23.611,23.611,23.611,23.611
2011-09-20 04:00:00,23.611,23.611,23.611,23.611,23.611,23.611,23.611,23.611,23.611,23.611,23.611,23.611
2011-09-20 05:00:00,23.611,23.611,23.611,23.611,23.611,23.611,23.611,23.611,23.611,23.611,23.611,23.611
2011-09-20 06:00:00,22.902,22.902,22.902,22.902,22.902,22.902,22.902,22.902,22.902,22.902,22.902,22.902
2011-09-20 07:00:00,13.142,13.142,13.142,13.142,13.142,13.142,13.142,13.142,13.142,13.142,13.142,13.142
2011-09-20 08:00:00,10.458,10.458,10.458,10.458,10.458,10.458,10.458,10.458,10.458,10.458,10.458,10.458
2011-09-20 09:00:00,8.799,8.799,8.799,8.799,8.799,8.799,8.799,8.799,8.799,8.799,8.799,8.799
2011-09-20 10:00:00,8.799,8.799,8.799,8.799,8.799,8.799,8.799,8.799,8.799,8.799,8.799,8.799
2011-09-20 11:00:00,8.799,8.799,8.799,8.799,8.799,8.799,8.799,8.799,8.799,8.799,8.799,8.799
2011-09-20 12:00:00,8.799,8.799,8.799,8.799,8.799,8.799,8.799,8.799,8.799,8.799,8.799,8.799
2011-09-20 13:00:00,12.143,12.143,12.143,12.143,12.143,12.143,12.143,12.143,12.143,12.143,12.143,12.143
2011-09-20 14:00:00,12.215,12.215,12.215,12.215,12.215,12.215,12.215,12.215,12.215,12.215,12.215,12.215
2011-09-20 15:00:00,20.606,20.606,20.606,20.606,20.606,20.606,20.606,20.606,20.606,20.606,20.606,20.606
2011-09-20 16:00:00,23.611,23.611,23.611,23.611,23.611,23.611,23.611,23.611,23.611,23.611,23.611,23.611
2011-09-20 17:00:00,23.611,23.611,23.611,23.611,23.611,23.611,23.611,23.611,23.611,23.611,23.611,23.611
2011-09-20 18:00:00,23.611,23.611,23.611,23.611,23.611,23.611,23.611,23.611,23.611,23.611,23.611,23.611
2011-09-20 19:00:00,23.611,23.611,23.611,23.611,23.611,23.611,23.611,23.611,23.611,23.611,23.611,23.611
2011-09-20 20:00:00,23.611,23.611,23.611,23.611,23.611,23.611,23.611,23.611,23.611,23.611,23.611,23.611
2011-09-20 21:00:00,23.611,23.611,23.611,23.611,23.611,23.611,23.611,23.611,23.611,23.611,23.611,23.611
2011-09-20 22:00:00,23.611,23.611,23.611,23.611,23.611,23.611,23.611,23.611,23.611,23.611,23.611,23.611
2011-09-20 23:00:00,23.611,23.611,23.611,23.611,23.611,23.611,23.611,23.611,23.611,23.611,23.611,23.611
2011-09-21 00:00:00,21.84,21.84,21.84,21.84,21.84,21.84,21.84,21.84,21.84,21.84,21.84,21.84
2011-09-21 01:00:00,21.84,21.84,21.84,21.84,21.84,21.84,21.84,21.84,21.84,21.84,21.84,21.84
2011-09-21 02:00:00,21.84,21.84,21.84,21.84,21.84,21.84,21.84,21.84,21.84,21.84,21.84,21.84
2011-09-21 03:00:00,21.84,21.84,21.84,21.84,21.84,21.84,21.84,21.84,21.84,21.84,21.84,21.84
2011-09-21 04:00:00,21.84,21.84,21.84,21.84,21.84,21.84,21.84,21.84,21.84,21.84,21.84,21.84
2011-09-21 05:00:00,22.396,22.396,22.396,22.396,22.396,22.396,22.396,22.396,22.396,22.396,22.396,22.396
2011-09-21 06:00:00,21.965,21.965,21.965,21.965,21.965,21.965,21.965,21.965,21.965,21.965,21.965,21.965
2011-09-21 07:00:00,20.215,20.215,20.215,20.215,20.215,20.215,20.215,20.215,20.215,20.215,20.215,20.215
2011-09-21 08:00:00,18.754,18.754,18.754,18.754,18.754,18.754,18.754,18.754,18.754,18.754,18.754,18.754
2011-09-21 09:00:00,18.606,18.606,18.606,18.606,18.606,18.606,18.606,18.606,18.606,18.606,18.606,18.606
2011-09-21 10:00:00,18.06,18.06,18.06,18.06,18.06,18.06,18.06,18.06,18.06,18.06,18.06,18.06
2011-09-21 11:00:00,14.697,14.697,14.697,14.697,14.697,14.697,14.697,14.697,14.697,14.697,14.697,14.697
2011-09-21 12:00:00,14.697,14.697,14.697,14.697,14.697,14.697,14.697,14.697,14.697,14.697,14.697,14.697
2011-09-21 13:00:00,14.697,14.697,14.697,14.697,14.697,14.697,14.697,14.697,14.697,14.697,14.697,14.697
2011-09-21 14:00:00,17.622,17.622,17.622,17.622,17.622,17.622,17.622,17.622,17.622,17.622,17.622,17.622
2011-09-21 15:00:00,21.255,21.255,21.255,21.255,21.255,21.255,21.255,21.255,21.255,21.255,21.255,21.255
2011-09-21 16:00:00,21.84,21.84,21.84,21.84,21.84,21.84,21.84,21.84,21.84,21.84,21.84,21.84
2011-09-21 17:00:00,21.84,21.84,21.84,21.84,21.84,21.84,21.84,21.84,21.84,21.84,21.84,21.84
2011-09-21 18:00:00,21.84,21.84,21.84,21.84,21.84,21.84,21.84,21.84,21.84,21.84,21.84,21.84
2011-09-21 19:00:00,21.84,21.84,21.84,21.84,21.84,21.84,21.84,21.84,21.84,21.84,21.84,21.84
2011-09-21 20:00:00,21.84,21.84,21.84,21.84,21.84,21.84,21.84,21.84,21.84,21.84,21.84,21.84
2011-09-21 21:00:00,21.84,21.84,21.84,21.84,21.84,21.84,21.84,21.84,21.84,21.84,21.84,21.84
2011-09-21 22:00:00,21.84,21.84,21.84,21.84,21.84,21.84,21.84,21.84,21.84,21.84,21.84,21.84
2011-09-21 23:00:00,21.84,21.84,21.84,21.84,21.84,21.84,21.84,21.84,21.84,21.84,21.84,21.84
2011-09-22 00:00:00,21.185,21.185,21.185,21.185,21.185,21.185,21.185,21.185,21.185,21.185,21.185,21.185
2011-09-22 01:00:00,21.185,21.185,21.185,21.185,21.185,21.185,21.185,21.185,21.185,21.185,21.185,21.185
2011-09-22 02:00:00,21.185,21.185,21.185,21.185,21.185,21.185,21.185,21.185,21.185,21.185,21.185,21.185
2011-09-22 03:00:00,21.185,21.185,21.185,21.185,21.185,21.185,21.185,21.185,21.185,21.185,21.185,21.185
2011-09-22 04:00:00,21.185,21.185,21.185,21.185,21.185,21.185,21.185,21.185,21.185,21.185,21.185,21.185
2011-09-22 05:00:00,21.185,21.185,21.185,21.185,21.185,21.185,21.185,21.185,21.185,21.185,21.185,21.185
2011-09-22 06:00:00,20.228,20.228,20.228,20.228,20.228,20.228,20.228,20.228,20.228,20.228,20.228,20.228
2011-09-22 07:00:00,8.915,8.915,8.915,8.915,8.915,8.915,8.915,8.915,8.915,8.915,8.915,8.915
2011-09-22 08:00:00,5.217,5.217,5.217,5.217,5.217,5.217,5.217,5.217,5.217,5.217,5.217,5.217
2011-09-22 09:00:00,3.832,3.832,3.832,3.832,3.832,3.832,3.832,3.832,3.832,3.832,3.832,3.832
2011-09-22 10:00:00,3.844,3.844,3.844,3.844,3.844,3.844,3.844,3.844,3.844,3.844,3.844,3.844
2011-09-22 11:00:00,3.853,3.853,3.853,3.853,3.853,3.853,3.853,3.853,3.853,3.853,3.853,3.853
2011-09-22 12:00:00,3.855,3.855,3.855,3.855,3.855,3.855,3.855,3.855,3.855,3.855,3.855,3.855
2011-09-22 13:00:00,3.861,3.861,3.861,3.861,3.861,3.861,3.861,3.861,3.861,3.861,3.861,3.861
2011-09-22 14:00:00,5.096,5.096,5.096,5.096,5.096,5.096,5.096,5.096,5.096,5.096,5.096,5.096
2011-09-22 15:00:00,17.549,17.549,17.549,17.549,17.549,17.549,17.549,17.549,17.549,17.549,17.549,17.549
2011-09-22 16:00:00,20.944,20.944,20.944,20.944,20.944,20.944,20.944,20.944,20.944,20.944,20.944,20.944
2011-09-22 17:00:00,21.185,21.185,21.185,21.185,21.185,21.185,21.185,21.185,21.185,21.185,21.185,21.185
2011-09-22 18:00:00,21.185,21.185,21.185,21.185,21.185,21.185,21.185,21.185,21.185,21.185,21.185,21.185
2011-09-22 19:00:00,21.185,21.185,21.185,21.185,21.185,21.185,21.185,21.185,21.185,21.185,21.185,21.185
2011-09-22 20:00:00,21.185,21.185,21.185,21.185,21.185,21.185,21.185,21.185,21.185,21.185,21.185,21.185
2011-09-22 21:00:00,21.185,21.185,21.185,21.185,21.185,21.185,21.185,21.185,21.185,21.185,21.185,21.185
2011-09-22 22:00:00,21.185,21.185,21.185,21.185,21.185,21.185,21.185,21.185,21.185,21.185,21.185,21.185
2011-09-22 23:00:00,21.185,21.185,21.185,21.185,21.185,21.185,21.185,21.185,21.185,21.185,21.185,21.185
2011-09-23 00:00:00,13.385,13.385,13.385,13.385,13.385,13.385,13.385,13.385,13.385,13.385,13.385,13.385
2011-09-23 01:00:00,13.385,13.385,13.385,13.385,13.385,13.385,13.385,13.385,13.385,13.385,13.385,13.385
2011-09-23 02:00:00,13.385,13.385,13.385,13.385,13.385,13.385,13.385,13.385,13.385,13.385,13.385,13.385
2011-09-23 03:00:00,13.385,13.385,13.385,13.385,13.385,13.385,13.385,13.385,13.385,13.385,13.385,13.385
2011-09-23 04:00:00,13.385,13.385,13.385,13.385,13.385,13.385,13.385,13.385,13.385,13.385,13.385,13.385
2011-09-23 05:00:00,13.385,13.385,13.385,13.385,13.385,13.385,13.385,13.385,13.385,13.385,13.385,13.385
2011-09-23 06:00:00,7.957,7.957,7.957,7.957,7.957,7.957,7.957,7.957,7.957,7.957,7.957,7.957
2011-09-23 07:00:00,7.672,7.672,7.672,7.672,7.672,7.672,7.672,7.672,7.672,7.672,7.672,7.672
2011-09-23 08:00:00,7.214,7.214,7.214,7.214,7.214,7.214,7.214,7.214,7.214,7.214,7.214,7.214
2011-09-23 09:00:00,5.067,5.067,5.067,5.067,5.067,5.067,5.067,5.067,5.067,5.067,5.067,5.067
2011-09-23 10:00:00,5.018,5.018,5.018,5.018,5.018,5.018,5.018,5.018,5.018,5.018,5.018,5.018
2011-09-23 11:00:00,5.018,5.018,5.018,5.018,5.018,5.018,5.018,5.018,5.018,5.018,5.018,5.018
2011-09-23 12:00:00,5.018,5.018,5.018,5.018,5.018,5.018,5.018,5.018,5.018,5.018,5.018,5.018
2011-09-23 13:00:00,7.112,7.112,7.112,7.112,7.112,7.112,7.112,7.112,7.112,7.112,7.112,7.112
2011-09-23 14:00:00,7.211,7.211,7.211,7.211,7.211,7.211,7.211,7.211,7.211,7.211,7.211,7.211
2011-09-23 15:00:00,7.792,7.792,7.792,7.792,7.792,7.792,7.792,7.792,7.792,7.792,7.792,7.792
2011-09-23 16:00:00,7.952,7.952,7.952,7.952,7.952,7.952,7.952,7.952,7.952,7.952,7.952,7.952
2011-09-23 17:00:00,13.385,13.385,13.385,13.385,13.385,13.385,13.385,13.385,13.385,13.385,13.385,13.385
2011-09-23 18:00:00,13.385,13.385,13.385,13.385,13.385,13.385,13.385,13.385,13.385,13.385,13.385,13.385
2011-09-23 19:00:00,13.385,13.385,13.385,13.385,13.385,13.385,13.385,13.385,13.385,13.385,13.385,13.385
2011-09-23 20:00:00,13.521,13.521,13.521,13.521,13.521,13.521,13.521,13.521,13.521,13.521,13.521,13.521
2011-09-23 21:00:00,18.441,18.441,18.441,18.441,18.441,18.441,18.441,18.441,18.441,18.441,18.441,18.441
2011-09-23 22:00:00,18.441,18.441,18.441,18.441,18.441,18.441,18.441,18.441,18.441,18.441,18.441,18.441
2011-09-23 23:00:00,18.441,18.441,18.441,18.441,18.441,18.441,18.441,18.441,18.441,18.441,18.441,18.441
2011-09-24 00:00:00,39.725,39.725,39.725,39.725,39.725,39.725,39.725,39.725,39.725,39.725,39.725,39.725
2011-09-24 01:00:00,39.725,39.725,39.725,39.725,39.725,39.725,39.725,39.725,39.725,39.725,39.725,39.725
2011-09-24 02:00:00,39.725,39.725,39.725,39.725,39.725,39.725,39.725,39.725,39.725,39.725,39.725,39.725
2011-09-24 03:00:00,39.725,39.725,39.725,39.725,39.725,39.725,39.725,39.725,39.725,39.725,39.725,39.725
2011-09-24 04:00:00,39.725,39.725,39.725,39.725,39.725,39.725,39.725,39.725,39.725,39.725,39.725,39.725
2011-09-24 05:00:00,39.725,39.725,39.725,39.725,39.725,39.725,39.725,39.725,39.725,39.725,39.725,39.725
2011-09-24 06:00:00,39.725,39.725,39.725,39.725,39.725,39.725,39.725,39.725,39.725,39.725,39.725,39.725
2011-09-24 07:00:00,23.305,23.305,23.305,23.305,23.305,23.305,23.305,23.305,23.305,23.305,23.305,23.305
2011-09-24 08:00:00,16.734,16.734,16.734,16.734,16.734,16.734,16.734,16.734,16.734,16.734,16.734,16.734
2011-09-24 09:00:00,13.346,13.346,13.346,13.346,13.346,13.346,13.346,13.346,13.346,13.346,13.346,13.346
2011-09-24 10:00:00,13.346,13.346,13.346,13.346,13.346,13.346,13.346,13.346,13.346,13.346,13.346,13.346
2011-09-24 11:00:00,13.346,13.346,13.346,13.346,13.346,13.346,13.346,13.346,13.346,13.346,13.346,13.346
2011-09-24 12:00:00,14.646,14.646,14.646,14.646,14.646,14.646,14.646,14.646,14.646,14.646,14.646,14.646
2011-09-24 13:00:00,16.776,16.776,16.776,16.776,16.776,16.776,16.776,16.776,16.776,16.776,16.776,16.776
2011-09-24 14:00:00,19.61,19.61,19.61,19.61,19.61,19.61,19.61,19.61,19.61,19.61,19.61,19.61
2011-09-24 15:00:00,27.112,27.112,27.112,27.112,27.112,27.112,27.112,27.112,27.112,27.112,27.112,27.112
2011-09-24 16:00:00,39.725,39.725,39.725,39.725,39.725,39.725,39.725,39.725,39.725,39.725,39.725,39.725
2011-09-24 17:00:00,39.923,39.923,39.923,39.923,39.923,39.923,39.923,39.923,39.923,39.923,39.923,39.923
2011-09-24 18:00:00,39.757,39.757,39.757,39.757,39.757,39.757,39.757,39.757,39.757,39.757,39.757,39.757
2011-09-24 19:00:00,39.725,39.725,39.725,39.725,39.725,39.725,39.725,39.725,39.725,39.725,39.725,39.725
2011-09-24 20:00:00,39.725,39.725,39.725,39.725,39.725,39.725,39.725,39.725,39.725,39.725,39.725,39.725
2011-09-24 21:00:00,39.725,39.725,39.725,39.725,39.725,39.725,39.725,39.725,39.725,39.725,39.725,39.725
2011-09-24 22:00:00,39.725,39.725,39.725,39.725,39.725,39.725,39.725,39.725,39.725,39.725,39.725,39.725
2011-09-24 23:00:00,39.725,39.725,39.725,39.725,39.725,39.725,39.725,39.725,39.725,39.725,39.725,39.725
2011-09-25 00:00:00,45.538,45.538,45.538,45.538,45.538,45.538,45.538,45.538,45.538,45.538,45.538,45.538
2011-09-25 01:00:00,45.538,45.538,45.538,45.538,45.538,45.538,45.538,45.538,45.538,45.538,45.538,45.538
2011-09-25 02:00:00,45.538,45.538,45.538,45.538,45.538,45.538,45.538,45.538,45.538,45.538,45.538,45.538
2011-09-25 03:00:00,45.538,45.538,45.538,45.538,45.538,45.538,45.538,45.538,45.538,45.538,45.538,45.538
2011-09-25 04:00:00,45.538,45.538,45.538,45.538,45.538,45.538,45.538,45.538,45.538,45.538,45.538,45.538
2011-09-25 05:00:00,45.538,45.538,45.538,45.538,45.538,45.538,45.538,45.538,45.538,45.538,45.538,45.538
2011-09-25 06:00:00,45.538,45.538,45.538,45.538,45.538,45.538,45.538,45.538,45.538,45.538,45.538,45.538
2011-09-25 07:00:00,43.461,43.461,43.461,43.461,43.461,43.461,43.461,43.461,43.461,43.461,43.461,43.461
2011-09-25 08:00:00,18.206,18.206,18.206,18.206,18.206,18.206,18.206,18.206,18.206,18.206,18.206,18.206
2011-09-25 09:00:00,15.962,15.962,15.962,15.962,15.962,15.962,15.962,15.962,15.962,15.962,15.962,15.962
2011-09-25 10:00:00,15.962,15.962,15.962,15.962,15.962,15.962,15.962,15.962,15.962,15.962,15.962,15.962
2011-09-25 11:00:00,15.962,15.962,15.962,15.962,15.962,15.962,15.962,15.962,15.962,15.962,15.962,15.962
2011-09-25 12:00:00,15.962,15.962,15.962,15.962,15.962,15.962,15.962,15.962,15.962,15.962,15.962,15.962
2011-09-25 13:00:00,19.06,19.06,19.06,19.06,19.06,19.06,19.06,19.06,19.06,19.06,19.06,19.06
2011-09-25 14:00:00,22.474,22.474,22.474,22.474,22.474,22.474,22.474,22.474,22.474,22.474,22.474,22.474
2011-09-25 15:00:00,45.538,45.538,45.538,45.538,45.538,45.538,45.538,45.538,45.538,45.538,45.538,45.538
2011-09-25 16:00:00,45.538,45.538,45.538,45.538,45.538,45.538,45.538,45.538,45.538,45.538,45.538,45.538
2011-09-25 17:00:00,45.538,45.538,45.538,45.538,45.538,45.538,45.538,45.538,45.538,45.538,45.538,45.538
2011-09-25 18:00:00,45.538,45.538,45.538,45.538,45.538,45.538,45.538,45.538,45.538,45.538,45.538,45.538
2011-09-25 19:00:00,45.538,45.538,45.538,45.538,45.538,45.538,45.538,45.538,45.538,45.538,45.538,45.538
2011-09-25 20:00:00,45.538,45.538,45.538,45.538,45.538,45.538,45.538,45.538,45.538,45.538,45.538,45.538
2011-09-25 21:00:00,45.538,45.538,45.538,45.538,45.538,45.538,45.538,45.538,45.538,45.538,45.538,45.538
2011-09-25 22:00:00,45.538,45.538,45.538,45.538,45.538,45.538,45.538,45.538,45.538,45.538,45.538,45.538
2011-09-25 23:00:00,45.538,45.538,45.538,45.538,45.538,45.538,45.538,45.538,45.538,45.538,45.538,45.538
2011-09-26 00:00:00,23.331,23.331,23.331,23.331,23.331,23.331,23.331,23.331,23.331,23.331,23.331,23.331
2011-09-26 01:00:00,23.331,23.331,23.331,23.331,23.331,23.331,23.331,23.331,23.331,23.331,23.331,23.331
2011-09-26 02:00:00,23.331,23.331,23.331,23.331,23.331,23.331,23.331,23.331,23.331,23.331,23.331,23.331
2011-09-26 03:00:00,23.331,23.331,23.331,23.331,23.331,23.331,23.331,23.331,23.331,23.331,23.331,23.331
2011-09-26 04:00:00,23.331,23.331,23.331,23.331,23.331,23.331,23.331,23.331,23.331,23.331,23.331,23.331
2011-09-26 05:00:00,31.556,31.556,31.556,31.556,31.556,31.556,31.556,31.556,31.556,31.556,31.556,31.556
2011-09-26 06:00:00,23.097,23.097,23.097,23.097,23.097,23.097,23.097,23.097,23.097,23.097,23.097,23.097
2011-09-26 07:00:00,18.605,18.605,18.605,18.605,18.605,18.605,18.605,18.605,18.605,18.605,18.605,18.605
2011-09-26 08:00:00,17.982,17.982,17.982,17.982,17.982,17.982,17.982,17.982,17.982,17.982,17.982,17.982
2011-09-26 09:00:00,15.385,15.385,15.385,15.385,15.385,15.385,15.385,15.385,15.385,15.385,15.385,15.385
2011-09-26 10:00:00,15.315,15.315,15.315,15.315,15.315,15.315,15.315,15.315,15.315,15.315,15.315,15.315
2011-09-26 11:00:00,15.494,15.494,15.494,15.494,15.494,15.494,15.494,15.494,15.494,15.494,15.494,15.494
2011-09-26 12:00:00,17.981,17.981,17.981,17.981,17.981,17.981,17.981,17.981,17.981,17.981,17.981,17.981
2011-09-26 13:00:00,18.447,18.447,18.447,18.447,18.447,18.447,18.447,18.447,18.447,18.447,18.447,18.447
2011-09-26 14:00:00,18.77,18.77,18.77,18.77,18.77,18.77,18.77,18.77,18.77,18.77,18.77,18.77
2011-09-26 15:00:00,19.072,19.072,19.072,19.072,19.072,19.072,19.072,19.072,19.072,19.072,19.072,19.072
2011-09-26 16:00:00,23.331,23.331,23.331,23.331,23.331,23.331,23.331,23.331,23.331,23.331,23.331,23.331
2011-09-26 17:00:00,23.331,23.331,23.331,23.331,23.331,23.331,23.331,23.331,23.331,23.331,23.331,23.331
2011-09-26 18:00:00,23.331,23.331,23.331,23.331,23.331,23.331,23.331,23.331,23.331,23.331,23.331,23.331
2011-09-26 19:00:00,23.331,23.331,23.331,23.331,23.331,23.331,23.331,23.331,23.331,23.331,23.331,23.331
2011-09-26 20:00:00,23.331,23.331,23.331,23.331,23.331,23.331,23.331,23.331,23.331,23.331,23.331,23.331
2011-09-26 21:00:00,23.331,23.331,23.331,23.331,23.331,23.331,23.331,23.331,23.331,23.331,23.331,23.331
2011-09-26 22:00:00,23.331,23.331,23.331,23.331,23.331,23.331,23.331,23.331,23.331,23.331,23.331,23.331
2011-09-26 23:00:00,23.331,23.331,23.331,23.331,23.331,23.331,23.331,23.331,23.331,23.331,23.331,23.331
2011-09-27 00:00:00,33.698,33.698,33.698,33.698,33.698,33.698,33.698,33.698,33.698,33.698,33.698,33.698
2011-09-27 01:00:00,33.698,33.698,33.698,33.698,33.698,33.698,33.698,33.698,33.698,33.698,33.698,33.698
2011-09-27 02:00:00,33.698,33.698,33.698,33.698,33.698,33.698,33.698,33.698,33.698,33.698,33.698,33.698
2011-09-27 03:00:00,33.698,33.698,33.698,33.698,33.698,33.698,33.698,33.698,33.698,33.698,33.698,33.698
2011-09-27 04:00:00,33.698,33.698,33.698,33.698,33.698,33.698,33.698,33.698,33.698,33.698,33.698,33.698
2011-09-27 05:00:00,34.063,34.063,34.063,34.063,34.063,34.063,34.063,34.063,34.063,34.063,34.063,34.063
2011-09-27 06:00:00,18.973,18.973,18.973,18.973,18.973,18.973,18.973,18.973,18.973,18.973,18.973,18.973
2011-09-27 07:00:00,14.582,14.582,14.582,14.582,14.582,14.582,14.582,14.582,14.582,14.582,14.582,14.582
2011-09-27 08:00:00,14.124,14.124,14.124,14.124,14.124,14.124,14.124,14.124,14.124,14.124,14.124,14.124
2011-09-27 09:00:00,13.762,13.762,13.762,13.762,13.762,13.762,13.762,13.762,13.762,13.762,13.762,13.762
2011-09-27 10:00:00,13.666,13.666,13.666,13.666,13.666,13.666,13.666,13.666,13.666,13.666,13.666,13.666
2011-09-27 11:00:00,13.038,13.038,13.038,13.038,13.038,13.038,13.038,13.038,13.038,13.038,13.038,13.038
2011-09-27 12:00:00,13.458,13.458,13.458,13.458,13.458,13.458,13.458,13.458,13.458,13.458,13.458,13.458
2011-09-27 13:00:00,13.715,13.715,13.715,13.715,13.715,13.715,13.715,13.715,13.715,13.715,13.715,13.715
2011-09-27 14:00:00,14.079,14.079,14.079,14.079,14.079,14.079,14.079,14.079,14.079,14.079,14.079,14.079
2011-09-27 15:00:00,16.111,16.111,16.111,16.111,16.111,16.111,16.111,16.111,16.111,16.111,16.111,16.111
2011-09-27 16:00:00,18.382,18.382,18.382,18.382,18.382,18.382,18.382,18.382,18.382,18.382,18.382,18.382
2011-09-27 17:00:00,35.386,35.386,35.386,35.386,35.386,35.386,35.386,35.386,35.386,35.386,35.386,35.386
2011-09-27 18:00:00,33.698,33.698,33.698,33.698,33.698,33.698,33.698,33.698,33.698,33.698,33.698,33.698
2011-09-27 19:00:00,33.698,33.698,33.698,33.698,33.698,33.698,33.698,33.698,33.698,33.698,33.698,33.698
2011-09-27 20:00:00,33.698,33.698,33.698,33.698,33.698,33.698,33.698,33.698,33.698,33.698,33.698,33.698
2011-09-27 21:00:00,33.698,33.698,33.698,33.698,33.698,33.698,33.698,33.698,33.698,33.698,33.698,33.698
2011-09-27 22:00:00,33.698,33.698,33.698,33.698,33.698,33.698,33.698,33.698,33.698,33.698,33.698,33.698
2011-09-27 23:00:00,33.698,33.698,33.698,33.698,33.698,33.698,33.698,33.698,33.698,33.698,33.698,33.698
2011-09-28 00:00:00,14.099,14.099,14.099,14.099,14.099,14.099,14.099,14.099,14.099,14.099,14.099,14.099
2011-09-28 01:00:00,14.099,14.099,14.099,14.099,14.099,14.099,14.099,14.099,14.099,14.099,14.099,14.099
2011-09-28 02:00:00,14.099,14.099,14.099,14.099,14.099,14.099,14.099,14.099,14.099,14.099,14.099,14.099
2011-09-28 03:00:00,14.099,14.099,14.099,14.099,14.099,14.099,14.099,14.099,14.099,14.099,14.099,14.099
2011-09-28 04:00:00,14.099,14.099,14.099,14.099,14.099,14.099,14.099,14.099,14.099,14.099,14.099,14.099
2011-09-28 05:00:00,14.099,14.099,14.099,14.099,14.099,14.099,14.099,14.099,14.099,14.099,14.099,14.099
2011-09-28 06:00:00,12.264,12.264,12.264,12.264,12.264,12.264,12.264,12.264,12.264,12.264,12.264,12.264
2011-09-28 07:00:00,8.266,8.266,8.266,8.266,8.266,8.266,8.266,8.266,8.266,8.266,8.266,8.266
2011-09-28 08:00:00,8.146,8.146,8.146,8.146,8.146,8.146,8.146,8.146,8.146,8.146,8.146,8.146
2011-09-28 09:00:00,7.556,7.556,7.556,7.556,7.556,7.556,7.556,7.556,7.556,7.556,7.556,7.556
2011-09-28 10:00:00,6.263,6.263,6.263,6.263,6.263,6.263,6.263,6.263,6.263,6.263,6.263,6.263
2011-09-28 11:00:00,6.263,6.263,6.263,6.263,6.263,6.263,6.263,6.263,6.263,6.263,6.263,6.263
2011-09-28 12:00:00,6.263,6.263,6.263,6.263,6.263,6.263,6.263,6.263,6.263,6.263,6.263,6.263
2011-09-28 13:00:00,6.263,6.263,6.263,6.263,6.263,6.263,6.263,6.263,6.263,6.263,6.263,6.263
2011-09-28 14:00:00,7.903,7.903,7.903,7.903,7.903,7.903,7.903,7.903,7.903,7.903,7.903,7.903
2011-09-28 15:00:00,8.426,8.426,8.426,8.426,8.426,8.426,8.426,8.426,8.426,8.426,8.426,8.426
2011-09-28 16:00:00,14.099,14.099,14.099,14.099,14.099,14.099,14.099,14.099,14.099,14.099,14.099,14.099
2011-09-28 17:00:00,14.099,14.099,14.099,14.099,14.099,14.099,14.099,14.099,14.099,14.099,14.099,14.099
2011-09-28 18:00:00,14.099,14.099,14.099,14.099,14.099,14.099,14.099,14.099,14.099,14.099,14.099,14.099
2011-09-28 19:00:00,14.099,14.099,14.099,14.099,14.099,14.099,14.099,14.099,14.099,14.099,14.099,14.099
2011-09-28 20:00:00,14.099,14.099,14.099,14.099,14.099,14.099,14.099,14.099,14.099,14.099,14.099,14.099
2011-09-28 21:00:00,14.099,14.099,14.099,14.099,14.099,14.099,14.099,14.099,14.099,14.099,14.099,14.099
2011-09-28 22:00:00,14.099,14.099,14.099,14.099,14.099,14.099,14.099,14.099,14.099,14.099,14.099,14.099
2011-09-28 23:00:00,14.099,14.099,14.099,14.099,14.099,14.099,14.099,14.099,14.099,14.099,14.099,14.099
2011-09-29 00:00:00,20.955,20.955,20.955,20.955,20.955,20.955,20.955,20.955,20.955,20.955,20.955,20.955
2011-09-29 01:00:00,20.955,20.955,20.955,20.955,20.955,20.955,20.955,20.955,20.955,20.955,20.955,20.955
2011-09-29 02:00:00,20.955,20.955,20.955,20.955,20.955,20.955,20.955,20.955,20.955,20.955,20.955,20.955
2011-09-29 03:00:00,20.955,20.955,20.955,20.955,20.955,20.955,20.955,20.955,20.955,20.955,20.955,20.955
2011-09-29 04:00:00,20.955,20.955,20.955,20.955,20.955,20.955,20.955,20.955,20.955,20.955,20.955,20.955
2011-09-29 05:00:00,20.955,20.955,20.955,20.955,20.955,20.955,20.955,20.955,20.955,20.955,20.955,20.955
2011-09-29 06:00:00,18.702,18.702,18.702,18.702,18.702,18.702,18.702,18.702,18.702,18.702,18.702,18.702
2011-09-29 07:00:00,14.451,14.451,14.451,14.451,14.451,14.451,14.451,14.451,14.451,14.451,14.451,14.451
2011-09-29 08:00:00,10.909,10.909,10.909,10.909,10.909,10.909,10.909,10.909,10.909,10.909,10.909,10.909
2011-09-29 09:00:00,10.868,10.868,10.868,10.868,10.868,10.868,10.868,10.868,10.868,10.868,10.868,10.868
2011-09-29 10:00:00,12.952,12.952,12.952,12.952,12.952,12.952,12.952,12.952,12.952,12.952,12.952,12.952
2011-09-29 11:00:00,14.291,14.291,14.291,14.291,14.291,14.291,14.291,14.291,14.291,14.291,14.291,14.291
2011-09-29 12:00:00,14.291,14.291,14.291,14.291,14.291,14.291,14.291,14.291,14.291,14.291,14.291,14.291
2011-09-29 13:00:00,14.291,14.291,14.291,14.291,14.291,14.291,14.291,14.291,14.291,14.291,14.291,14.291
2011-09-29 14:00:00,14.805,14.805,14.805,14.805,14.805,14.805,14.805,14.805,14.805,14.805,14.805,14.805
2011-09-29 15:00:00,16.388,16.388,16.388,16.388,16.388,16.388,16.388,16.388,16.388,16.388,16.388,16.388
2011-09-29 16:00:00,19.926,19.926,19.926,19.926,19.926,19.926,19.926,19.926,19.926,19.926,19.926,19.926
2011-09-29 17:00:00,24.098,24.098,24.098,24.098,24.098,24.098,24.098,24.098,24.098,24.098,24.098,24.098
2011-09-29 18:00:00,21.166,21.166,21.166,21.166,21.166,21.166,21.166,21.166,21.166,21.166,21.166,21.166
2011-09-29 19:00:00,21.166,21.166,21.166,21.166,21.166,21.166,21.166,21.166,21.166,21.166,21.166,21.166
2011-09-29 20:00:00,20.955,20.955,20.955,20.955,20.955,20.955,20.955,20.955,20.955,20.955,20.955,20.955
2011-09-29 21:00:00,20.955,20.955,20.955,20.955,20.955,20.955,20.955,20.955,20.955,20.955,20.955,20.955
2011-09-29 22:00:00,20.955,20.955,20.955,20.955,20.955,20.955,20.955,20.955,20.955,20.955,20.955,20.955
2011-09-29 23:00:00,20.955,20.955,20.955,20.955,20.955,20.955,20.955,20.955,20.955,20.955,20.955,20.955
2011-09-30 00:00:00,24.643,24.643,24.643,24.643,24.643,24.643,24.643,24.643,24.643,24.643,24.643,24.643
2011-09-30 01:00:00,24.643,24.643,24.643,24.643,24.643,24.643,24.643,24.643,24.643,24.643,24.643,24.643
2011-09-30 02:00:00,24.643,24.643,24.643,24.643,24.643,24.643,24.643,24.643,24.643,24.643,24.643,24.643
2011-09-30 03:00:00,24.643,24.643,24.643,24.643,24.643,24.643,24.643,24.643,24.643,24.643,24.643,24.643
2011-09-30 04:00:00,24.643,24.643,24.643,24.643,24.643,24.643,24.643,24.643,24.643,24.643,24.643,24.643
2011-09-30 05:00:00,24.643,24.643,24.643,24.643,24.643,24.643,24.643,24.643,24.643,24.643,24.643,24.643
2011-09-30 06:00:00,16.122,16.122,16.122,16.122,16.122,16.122,16.122,16.122,16.122,16.122,16.122,16.122
2011-09-30 07:00:00,7.415,7.415,7.415,7.415,7.415,7.415,7.415,7.415,7.415,7.415,7.415,7.415
2011-09-30 08:00:00,6.675,6.675,6.675,6.675,6.675,6.675,6.675,6.675,6.675,6.675,6.675,6.675
2011-09-30 09:00:00,4.909,4.909,4.909,4.909,4.909,4.909,4.909,4.909,4.909,4.909,4.909,4.909
2011-09-30 10:00:00,4.909,4.909,4.909,4.909,4.909,4.909,4.909,4.909,4.909,4.909,4.909,4.909
2011-09-30 11:00:00,4.945,4.945,4.945,4.945,4.945,4.945,4.945,4.945,4.945,4.945,4.945,4.945
2011-09-30 12:00:00,7.546,7.546,7.546,7.546,7.546,7.546,7.546,7.546,7.546,7.546,7.546,7.546
2011-09-30 13:00:00,8.413,8.413,8.413,8.413,8.413,8.413,8.413,8.413,8.413,8.413,8.413,8.413
2011-09-30 14:00:00,8.699,8.699,8.699,8.699,8.699,8.699,8.699,8.699,8.699,8.699,8.699,8.699
2011-09-30 15:00:00,11.696,11.696,11.696,11.696,11.696,11.696,11.696,11.696,11.696,11.696,11.696,11.696
2011-09-30 16:00:00,18.601,18.601,18.601,18.601,18.601,18.601,18.601,18.601,18.601,18.601,18.601,18.601
2011-09-30 17:00:00,25.163,25.163,25.163,25.163,25.163,25.163,25.163,25.163,25.163,25.163,25.163,25.163
2011-09-30 18:00:00,24.643,24.643,24.643,24.643,24.643,24.643,24.643,24.643,24.643,24.643,24.643,24.643
2011-09-30 19:00:00,24.643,24.643,24.643,24.643,24.643,24.643,24.643,24.643,24.643,24.643,24.643,24.643
2011-09-30 20:00:00,24.643,24.643,24.643,24.643,24.643,24.643,24.643,24.643,24.643,24.643,24.643,24.643
2011-09-30 21:00:00,24.643,24.643,24.643,24.643,24.643,24.643,24.643,24.643,24.643,24.643,24.643,24.643
2011-09-30 22:00:00,24.643,24.643,24.643,24.643,24.643,24.643,24.643,24.643,24.643,24.643,24.643,24.643
2011-09-30 23:00:00,24.643,24.643,24.643,24.643,24.643,24.643,24.643,24.643,24.643,24.643,24.643,24.643
2011-10-01 00:00:00,39.113,39.113,39.113,39.113,39.113,39.113,39.113,39.113,39.113,39.113,39.113,39.113
2011-10-01 01:00:00,39.113,39.113,39.113,39.113,39.113,39.113,39.113,39.113,39.113,39.113,39.113,39.113
2011-10-01 02:00:00,39.113,39.113,39.113,39.113,39.113,39.113,39.113,39.113,39.113,39.113,39.113,39.113
2011-10-01 03:00:00,39.113,39.113,39.113,39.113,39.113,39.113,39.113,39.113,39.113,39.113,39.113,39.113
2011-10-01 04:00:00,39.113,39.113,39.113,39.113,39.113,39.113,39.113,39.113,39.113,39.113,39.113,39.113
2011-10-01 05:00:00,39.113,39.113,39.113,39.113,39.113,39.113,39.113,39.113,39.113,39.113,39.113,39.113
2011-10-01 06:00:00,39.113,39.113,39.113,39.113,39.113,39.113,39.113,39.113,39.113,39.113,39.113,39.113
2011-10-01 07:00:00,37.887,37.887,37.887,37.887,37.887,37.887,37.887,37.887,37.887,37.887,37.887,37.887
2011-10-01 08:00:00,22.219,22.219,22.219,22.219,22.219,22.219,22.219,22.219,22.219,22.219,22.219,22.219
2011-10-01 09:00:00,16.217,16.217,16.217,16.217,16.217,16.217,16.217,16.217,16.217,16.217,16.217,16.217
2011-10-01 10:00:00,16.217,16.217,16.217,16.217,16.217,16.217,16.217,16.217,16.217,16.217,16.217,16.217
2011-10-01 11:00:00,16.217,16.217,16.217,16.217,16.217,16.217,16.217,16.217,16.217,16.217,16.217,16.217
2011-10-01 12:00:00,16.217,16.217,16.217,16.217,16.217,16.217,16.217,16.217,16.217,16.217,16.217,16.217
2011-10-01 13:00:00,16.217,16.217,16.217,16.217,16.217,16.217,16.217,16.217,16.217,16.217,16.217,16.217
2011-10-01 14:00:00,21.283,21.283,21.283,21.283,21.283,21.283,21.283,21.283,21.283,21.283,21.283,21.283
2011-10-01 15:00:00,38.819,38.819,38.819,38.819,38.819,38.819,38.819,38.819,38.819,38.819,38.819,38.819
2011-10-01 16:00:00,38.819,38.819,38.819,38.819,38.819,38.819,38.819,38.819,38.819,38.819,38.819,38.819
2011-10-01 17:00:00,39.113,39.113,39.113,39.113,39.113,39.113,39.113,39.113,39.113,39.113,39.113,39.113
2011-10-01 18:00:00,39.113,39.113,39.113,39.113,39.113,39.113,39.113,39.113,39.113,39.113,39.113,39.113
2011-10-01 19:00:00,39.113,39.113,39.113,39.113,39.113,39.113,39.113,39.113,39.113,39.113,39.113,39.113
2011-10-01 20:00:00,39.113,39.113,39.113,39.113,39.113,39.113,39.113,39.113,39.113,39.113,39.113,39.113
2011-10-01 21:00:00,39.113,39.113,39.113,39.113,39.113,39.113,39.113,39.113,39.113,39.113,39.113,39.113
2011-10-01 22:00:00,39.113,39.113,39.113,39.113,39.113,39.113,39.113,39.113,39.113,39.113,39.113,39.113
2011-10-01 23:00:00,39.113,39.113,39.113,39.113,39.113,39.113,39.113,39.113,39.113,39.113,39.113,39.113
2011-10-02 00:00:00,36.786,36.786,36.786,36.786,36.786,36.786,36.786,36.786,36.786,36.786,36.786,36.786
2011-10-02 01:00:00,36.786,36.786,36.786,36.786,36.786,36.786,36.786,36.786,36.786,36.786,36.786,36.786
2011-10-02 02:00:00,28.795,28.795,28.795,28.795,28.795,28.795,28.795,28.795,28.795,28.795,28.795,28.795
2011-10-02 03:00:00,36.786,36.786,36.786,36.786,36.786,36.786,36.786,36.786,36.786,36.786,36.786,36.786
2011-10-02 04:00:00,37.361,37.361,37.361,37.361,37.361,37.361,37.361,37.361,37.361,37.361,37.361,37.361
2011-10-02 05:00:00,37.361,37.361,37.361,37.361,37.361,37.361,37.361,37.361,37.361,37.361,37.361,37.361
2011-10-02 06:00:00,37.361,37.361,37.361,37.361,37.361,37.361,37.361,37.361,37.361,37.361,37.361,37.361
2011-10-02 07:00:00,21.987,21.987,21.987,21.987,21.987,21.987,21.987,21.987,21.987,21.987,21.987,21.987
2011-10-02 08:00:00,15.157,15.157,15.157,15.157,15.157,15.157,15.157,15.157,15.157,15.157,15.157,15.157
2011-10-02 09:00:00,12.36,12.36,12.36,12.36,12.36,12.36,12.36,12.36,12.36,12.36,12.36,12.36
2011-10-02 10:00:00,12.36,12.36,12.36,12.36,12.36,12.36,12.36,12.36,12.36,12.36,12.36,12.36
2011-10-02 11:00:00,12.36,12.36,12.36,12.36,12.36,12.36,12.36,12.36,12.36,12.36,12.36,12.36
2011-10-02 12:00:00,12.36,12.36,12.36,12.36,12.36,12.36,12.36,12.36,12.36,12.36,12.36,12.36
2011-10-02 13:00:00,12.82,12.82,12.82,12.82,12.82,12.82,12.82,12.82,12.82,12.82,12.82,12.82
2011-10-02 14:00:00,15.475,15.475,15.475,15.475,15.475,15.475,15.475,15.475,15.475,15.475,15.475,15.475
2011-10-02 15:00:00,21.767,21.767,21.767,21.767,21.767,21.767,21.767,21.767,21.767,21.767,21.767,21.767
2011-10-02 16:00:00,27.118,27.118,27.118,27.118,27.118,27.118,27.118,27.118,27.118,27.118,27.118,27.118
2011-10-02 17:00:00,27.118,27.118,27.118,27.118,27.118,27.118,27.118,27.118,27.118,27.118,27.118,27.118
2011-10-02 18:00:00,27.118,27.118,27.118,27.118,27.118,27.118,27.118,27.118,27.118,27.118,27.118,27.118
2011-10-02 19:00:00,27.118,27.118,27.118,27.118,27.118,27.118,27.118,27.118,27.118,27.118,27.118,27.118
2011-10-02 20:00:00,27.118,27.118,27.118,27.118,27.118,27.118,27.118,27.118,27.118,27.118,27.118,27.118
2011-10-02 21:00:00,27.118,27.118,27.118,27.118,27.118,27.118,27.118,27.118,27.118,27.118,27.118,27.118
2011-10-02 22:00:00,27.118,27.118,27.118,27.118,27.118,27.118,27.118,27.118,27.118,27.118,27.118,27.118
2011-10-02 23:00:00,27.118,27.118,27.118,27.118,27.118,27.118,27.118,27.118,27.118,27.118,27.118,27.118
2011-10-03 00:00:00,18.685,18.685,18.685,18.685,18.685,18.685,18.685,18.685,18.685,18.685,18.685,18.685
2011-10-03 01:00:00,18.685,18.685,18.685,18.685,18.685,18.685,18.685,18.685,18.685,18.685,18.685,18.685
2011-10-03 02:00:00,18.685,18.685,18.685,18.685,18.685,18.685,18.685,18.685,18.685,18.685,18.685,18.685
2011-10-03 03:00:00,18.685,18.685,18.685,18.685,18.685,18.685,18.685,18.685,18.685,18.685,18.685,18.685
2011-10-03 04:00:00,18.685,18.685,18.685,18.685,18.685,18.685,18.685,18.685,18.685,18.685,18.685,18.685
2011-10-03 05:00:00,18.735,18.735,18.735,18.735,18.735,18.735,18.735,18.735,18.735,18.735,18.735,18.735
2011-10-03 06:00:00,18.666,18.666,18.666,18.666,18.666,18.666,18.666,18.666,18.666,18.666,18.666,18.666
2011-10-03 07:00:00,8.671,8.671,8.671,8.671,8.671,8.671,8.671,8.671,8.671,8.671,8.671,8.671
2011-10-03 08:00:00,4.066,4.066,4.066,4.066,4.066,4.066,4.066,4.066,4.066,4.066,4.066,4.066
2011-10-03 09:00:00,4.063,4.063,4.063,4.063,4.063,4.063,4.063,4.063,4.063,4.063,4.063,4.063
2011-10-03 10:00:00,11.528,11.528,11.528,11.528,11.528,11.528,11.528,11.528,11.528,11.528,11.528,11.528
2011-10-03 11:00:00,9.331,9.331,9.331,9.331,9.331,9.331,9.331,9.331,9.331,9.331,9.331,9.331
2011-10-03 12:00:00,8.467,8.467,8.467,8.467,8.467,8.467,8.467,8.467,8.467,8.467,8.467,8.467
2011-10-03 13:00:00,8.467,8.467,8.467,8.467,8.467,8.467,8.467,8.467,8.467,8.467,8.467,8.467
2011-10-03 14:00:00,9.331,9.331,9.331,9.331,9.331,9.331,9.331,9.331,9.331,9.331,9.331,9.331
2011-10-03 15:00:00,17.227,17.227,17.227,17.227,17.227,17.227,17.227,17.227,17.227,17.227,17.227,17.227
2011-10-03 16:00:00,18.685,18.685,18.685,18.685,18.685,18.685,18.685,18.685,18.685,18.685,18.685,18.685
2011-10-03 17:00:00,18.685,18.685,18.685,18.685,18.685,18.685,18.685,18.685,18.685,18.685,18.685,18.685
2011-10-03 18:00:00,18.685,18.685,18.685,18.685,18.685,18.685,18.685,18.685,18.685,18.685,18.685,18.685
2011-10-03 19:00:00,18.685,18.685,18.685,18.685,18.685,18.685,18.685,18.685,18.685,18.685,18.685,18.685
2011-10-03 20:00:00,18.685,18.685,18.685,18.685,18.685,18.685,18.685,18.685,18.685,18.685,18.685,18.685
2011-10-03 21:00:00,18.685,18.685,18.685,18.685,18.685,18.685,18.685,18.685,18.685,18.685,18.685,18.685
2011-10-03 22:00:00,18.685,18.685,18.685,18.685,18.685,18.685,18.685,18.685,18.685,18.685,18.685,18.685
2011-10-03 23:00:00,18.685,18.685,18.685,18.685,18.685,18.685,18.685,18.685,18.685,18.685,18.685,18.685
2011-10-04 00:00:00,18.368,18.368,18.368,18.368,18.368,18.368,18.368,18.368,18.368,18.368,18.368,18.368
2011-10-04 01:00:00,18.368,18.368,18.368,18.368,18.368,18.368,18.368,18.368,18.368,18.368,18.368,18.368
2011-10-04 02:00:00,18.368,18.368,18.368,18.368,18.368,18.368,18.368,18.368,18.368,18.368,18.368,18.368
2011-10-04 03:00:00,18.368,18.368,18.368,18.368,18.368,18.368,18.368,18.368,18.368,18.368,18.368,18.368
2011-10-04 04:00:00,18.368,18.368,18.368,18.368,18.368,18.368,18.368,18.368,18.368,18.368,18.368,18.368
2011-10-04 05:00:00,18.68,18.68,18.68,18.68,18.68,18.68,18.68,18.68,18.68,18.68,18.68,18.68
2011-10-04 06:00:00,18.349,18.349,18.349,18.349,18.349,18.349,18.349,18.349,18.349,18.349,18.349,18.349
2011-10-04 07:00:00,5.028,5.028,5.028,5.028,5.028,5.028,5.028,5.028,5.028,5.028,5.028,5.028
2011-10-04 08:00:00,3.389,3.389,3.389,3.389,3.389,3.389,3.389,3.389,3.389,3.389,3.389,3.389
2011-10-04 09:00:00,3.334,3.334,3.334,3.334,3.334,3.334,3.334,3.334,3.334,3.334,3.334,3.334
2011-10-04 10:00:00,3.334,3.334,3.334,3.334,3.334,3.334,3.334,3.334,3.334,3.334,3.334,3.334
2011-10-04 11:00:00,3.334,3.334,3.334,3.334,3.334,3.334,3.334,3.334,3.334,3.334,3.334,3.334
2011-10-04 12:00:00,3.334,3.334,3.334,3.334,3.334,3.334,3.334,3.334,3.334,3.334,3.334,3.334
2011-10-04 13:00:00,3.334,3.334,3.334,3.334,3.334,3.334,3.334,3.334,3.334,3.334,3.334,3.334
2011-10-04 14:00:00,3.436,3.436,3.436,3.436,3.436,3.436,3.436,3.436,3.436,3.436,3.436,3.436
2011-10-04 15:00:00,5.398,5.398,5.398,5.398,5.398,5.398,5.398,5.398,5.398,5.398,5.398,5.398
2011-10-04 16:00:00,18.368,18.368,18.368,18.368,18.368,18.368,18.368,18.368,18.368,18.368,18.368,18.368
2011-10-04 17:00:00,18.368,18.368,18.368,18.368,18.368,18.368,18.368,18.368,18.368,18.368,18.368,18.368
2011-10-04 18:00:00,18.368,18.368,18.368,18.368,18.368,18.368,18.368,18.368,18.368,18.368,18.368,18.368
2011-10-04 19:00:00,18.368,18.368,18.368,18.368,18.368,18.368,18.368,18.368,18.368,18.368,18.368,18.368
2011-10-04 20:00:00,18.368,18.368,18.368,18.368,18.368,18.368,18.368,18.368,18.368,18.368,18.368,18.368
2011-10-04 21:00:00,18.368,18.368,18.368,18.368,18.368,18.368,18.368,18.368,18.368,18.368,18.368,18.368
2011-10-04 22:00:00,18.368,18.368,18.368,18.368,18.368,18.368,18.368,18.368,18.368,18.368,18.368,18.368
2011-10-04 23:00:00,18.368,18.368,18.368,18.368,18.368,18.368,18.368,18.368,18.368,18.368,18.368,18.368
2011-10-05 00:00:00,18.584,18.584,18.584,18.584,18.584,18.584,18.584,18.584,18.584,18.584,18.584,18.584
2011-10-05 01:00:00,18.584,18.584,18.584,18.584,18.584,18.584,18.584,18.584,18.584,18.584,18.584,18.584
2011-10-05 02:00:00,18.584,18.584,18.584,18.584,18.584,18.584,18.584,18.584,18.584,18.584,18.584,18.584
2011-10-05 03:00:00,18.584,18.584,18.584,18.584,18.584,18.584,18.584,18.584,18.584,18.584,18.584,18.584
2011-10-05 04:00:00,18.584,18.584,18.584,18.584,18.584,18.584,18.584,18.584,18.584,18.584,18.584,18.584
2011-10-05 05:00:00,18.584,18.584,18.584,18.584,18.584,18.584,18.584,18.584,18.584,18.584,18.584,18.584
2011-10-05 06:00:00,10.277,10.277,10.277,10.277,10.277,10.277,10.277,10.277,10.277,10.277,10.277,10.277
2011-10-05 07:00:00,6.497,6.497,6.497,6.497,6.497,6.497,6.497,6.497,6.497,6.497,6.497,6.497
2011-10-05 08:00:00,3.6,3.6,3.6,3.6,3.6,3.6,3.6,3.6,3.6,3.6,3.6,3.6
2011-10-05 09:00:00,3.443,3.443,3.443,3.443,3.443,3.443,3.443,3.443,3.443,3.443,3.443,3.443
2011-10-05 10:00:00,3.443,3.443,3.443,3.443,3.443,3.443,3.443,3.443,3.443,3.443,3.443,3.443
2011-10-05 11:00:00,3.443,3.443,3.443,3.443,3.443,3.443,3.443,3.443,3.443,3.443,3.443,3.443
2011-10-05 12:00:00,3.443,3.443,3.443,3.443,3.443,3.443,3.443,3.443,3.443,3.443,3.443,3.443
2011-10-05 13:00:00,3.443,3.443,3.443,3.443,3.443,3.443,3.443,3.443,3.443,3.443,3.443,3.443
2011-10-05 14:00:00,3.547,3.547,3.547,3.547,3.547,3.547,3.547,3.547,3.547,3.547,3.547,3.547
2011-10-05 15:00:00,7.125,7.125,7.125,7.125,7.125,7.125,7.125,7.125,7.125,7.125,7.125,7.125
2011-10-05 16:00:00,18.584,18.584,18.584,18.584,18.584,18.584,18.584,18.584,18.584,18.584,18.584,18.584
2011-10-05 17:00:00,18.584,18.584,18.584,18.584,18.584,18.584,18.584,18.584,18.584,18.584,18.584,18.584
2011-10-05 18:00:00,18.584,18.584,18.584,18.584,18.584,18.584,18.584,18.584,18.584,18.584,18.584,18.584
2011-10-05 19:00:00,18.584,18.584,18.584,18.584,18.584,18.584,18.584,18.584,18.584,18.584,18.584,18.584
2011-10-05 20:00:00,18.584,18.584,18.584,18.584,18.584,18.584,18.584,18.584,18.584,18.584,18.584,18.584
2011-10-05 21:00:00,18.584,18.584,18.584,18.584,18.584,18.584,18.584,18.584,18.584,18.584,18.584,18.584
2011-10-05 22:00:00,18.584,18.584,18.584,18.584,18.584,18.584,18.584,18.584,18.584,18.584,18.584,18.584
2011-10-05 23:00:00,18.584,18.584,18.584,18.584,18.584,18.584,18.584,18.584,18.584,18.584,18.584,18.584
2011-10-06 00:00:00,17.274,17.274,17.274,17.274,17.274,17.274,17.274,17.274,17.274,17.274,17.274,17.274
2011-10-06 01:00:00,17.274,17.274,17.274,17.274,17.274,17.274,17.274,17.274,17.274,17.274,17.274,17.274
2011-10-06 02:00:00,17.274,17.274,17.274,17.274,17.274,17.274,17.274,17.274,17.274,17.274,17.274,17.274
2011-10-06 03:00:00,17.274,17.274,17.274,17.274,17.274,17.274,17.274,17.274,17.274,17.274,17.274,17.274
2011-10-06 04:00:00,17.274,17.274,17.274,17.274,17.274,17.274,17.274,17.274,17.274,17.274,17.274,17.274
2011-10-06 05:00:00,17.274,17.274,17.274,17.274,17.274,17.274,17.274,17.274,17.274,17.274,17.274,17.274
2011-10-06 06:00:00,14.074,14.074,14.074,14.074,14.074,14.074,14.074,14.074,14.074,14.074,14.074,14.074
2011-10-06 07:00:00,4.949,4.949,4.949,4.949,4.949,4.949,4.949,4.949,4.949,4.949,4.949,4.949
2011-10-06 08:00:00,3.68,3.68,3.68,3.68,3.68,3.68,3.68,3.68,3.68,3.68,3.68,3.68
2011-10-06 09:00:00,3.536,3.536,3.536,3.536,3.536,3.536,3.536,3.536,3.536,3.536,3.536,3.536
2011-10-06 10:00:00,3.522,3.522,3.522,3.522,3.522,3.522,3.522,3.522,3.522,3.522,3.522,3.522
2011-10-06 11:00:00,3.369,3.369,3.369,3.369,3.369,3.369,3.369,3.369,3.369,3.369,3.369,3.369
2011-10-06 12:00:00,3.369,3.369,3.369,3.369,3.369,3.369,3.369,3.369,3.369,3.369,3.369,3.369
2011-10-06 13:00:00,3.369,3.369,3.369,3.369,3.369,3.369,3.369,3.369,3.369,3.369,3.369,3.369
2011-10-06 14:00:00,3.44,3.44,3.44,3.44,3.44,3.44,3.44,3.44,3.44,3.44,3.44,3.44
2011-10-06 15:00:00,4.122,4.122,4.122,4.122,4.122,4.122,4.122,4.122,4.122,4.122,4.122,4.122
2011-10-06 16:00:00,17.274,17.274,17.274,17.274,17.274,17.274,17.274,17.274,17.274,17.274,17.274,17.274
2011-10-06 17:00:00,17.329,17.329,17.329,17.329,17.329,17.329,17.329,17.329,17.329,17.329,17.329,17.329
2011-10-06 18:00:00,17.274,17.274,17.274,17.274,17.274,17.274,17.274,17.274,17.274,17.274,17.274,17.274
2011-10-06 19:00:00,17.274,17.274,17.274,17.274,17.274,17.274,17.274,17.274,17.274,17.274,17.274,17.274
2011-10-06 20:00:00,17.274,17.274,17.274,17.274,17.274,17.274,17.274,17.274,17.274,17.274,17.274,17.274
2011-10-06 21:00:00,17.274,17.274,17.274,17.274,17.274,17.274,17.274,17.274,17.274,17.274,17.274,17.274
2011-10-06 22:00:00,17.274,17.274,17.274,17.274,17.274,17.274,17.274,17.274,17.274,17.274,17.274,17.274
2011-10-06 23:00:00,17.274,17.274,17.274,17.274,17.274,17.274,17.274,17.274,17.274,17.274,17.274,17.274
2011-10-07 00:00:00,17.485,17.485,17.485,17.485,17.485,17.485,17.485,17.485,17.485,17.485,17.485,17.485
2011-10-07 01:00:00,17.485,17.485,17.485,17.485,17.485,17.485,17.485,17.485,17.485,17.485,17.485,17.485
2011-10-07 02:00:00,17.485,17.485,17.485,17.485,17.485,17.485,17.485,17.485,17.485,17.485,17.485,17.485
2011-10-07 03:00:00,17.541,17.541,17.541,17.541,17.541,17.541,17.541,17.541,17.541,17.541,17.541,17.541
2011-10-07 04:00:00,17.541,17.541,17.541,17.541,17.541,17.541,17.541,17.541,17.541,17.541,17.541,17.541
2011-10-07 05:00:00,17.541,17.541,17.541,17.541,17.541,17.541,17.541,17.541,17.541,17.541,17.541,17.541
2011-10-07 06:00:00,16.694,16.694,16.694,16.694,16.694,16.694,16.694,16.694,16.694,16.694,16.694,16.694
2011-10-07 07:00:00,5.305,5.305,5.305,5.305,5.305,5.305,5.305,5.305,5.305,5.305,5.305,5.305
2011-10-07 08:00:00,3.443,3.443,3.443,3.443,3.443,3.443,3.443,3.443,3.443,3.443,3.443,3.443
2011-10-07 09:00:00,3.315,3.315,3.315,3.315,3.315,3.315,3.315,3.315,3.315,3.315,3.315,3.315
2011-10-07 10:00:00,3.315,3.315,3.315,3.315,3.315,3.315,3.315,3.315,3.315,3.315,3.315,3.315
2011-10-07 11:00:00,3.315,3.315,3.315,3.315,3.315,3.315,3.315,3.315,3.315,3.315,3.315,3.315
2011-10-07 12:00:00,3.414,3.414,3.414,3.414,3.414,3.414,3.414,3.414,3.414,3.414,3.414,3.414
2011-10-07 13:00:00,3.522,3.522,3.522,3.522,3.522,3.522,3.522,3.522,3.522,3.522,3.522,3.522
2011-10-07 14:00:00,5.267,5.267,5.267,5.267,5.267,5.267,5.267,5.267,5.267,5.267,5.267,5.267
2011-10-07 15:00:00,16.678,16.678,16.678,16.678,16.678,16.678,16.678,16.678,16.678,16.678,16.678,16.678
2011-10-07 16:00:00,17.485,17.485,17.485,17.485,17.485,17.485,17.485,17.485,17.485,17.485,17.485,17.485
2011-10-07 17:00:00,17.485,17.485,17.485,17.485,17.485,17.485,17.485,17.485,17.485,17.485,17.485,17.485
2011-10-07 18:00:00,17.485,17.485,17.485,17.485,17.485,17.485,17.485,17.485,17.485,17.485,17.485,17.485
2011-10-07 19:00:00,17.485,17.485,17.485,17.485,17.485,17.485,17.485,17.485,17.485,17.485,17.485,17.485
2011-10-07 20:00:00,17.485,17.485,17.485,17.485,17.485,17.485,17.485,17.485,17.485,17.485,17.485,17.485
2011-10-07 21:00:00,17.485,17.485,17.485,17.485,17.485,17.485,17.485,17.485,17.485,17.485,17.485,17.485
2011-10-07 22:00:00,17.485,17.485,17.485,17.485,17.485,17.485,17.485,17.485,17.485,17.485,17.485,17.485
2011-10-07 23:00:00,17.485,17.485,17.485,17.485,17.485,17.485,17.485,17.485,17.485,17.485,17.485,17.485
2011-10-08 00:00:00,19.41,19.41,19.41,19.41,19.41,19.41,19.41,19.41,19.41,19.41,19.41,19.41
2011-10-08 01:00:00,19.41,19.41,19.41,19.41,19.41,19.41,19.41,19.41,19.41,19.41,19.41,19.41
2011-10-08 02:00:00,19.41,19.41,19.41,19.41,19.41,19.41,19.41,19.41,19.41,19.41,19.41,19.41
2011-10-08 03:00:00,19.41,19.41,19.41,19.41,19.41,19.41,19.41,19.41,19.41,19.41,19.41,19.41
2011-10-08 04:00:00,19.41,19.41,19.41,19.41,19.41,19.41,19.41,19.41,19.41,19.41,19.41,19.41
2011-10-08 05:00:00,19.41,19.41,19.41,19.41,19.41,19.41,19.41,19.41,19.41,19.41,19.41,19.41
2011-10-08 06:00:00,19.41,19.41,19.41,19.41,19.41,19.41,19.41,19.41,19.41,19.41,19.41,19.41
2011-10-08 07:00:00,19.054,19.054,19.054,19.054,19.054,19.054,19.054,19.054,19.054,19.054,19.054,19.054
2011-10-08 08:00:00,4.771,4.771,4.771,4.771,4.771,4.771,4.771,4.771,4.771,4.771,4.771,4.771
2011-10-08 09:00:00,4.044,4.044,4.044,4.044,4.044,4.044,4.044,4.044,4.044,4.044,4.044,4.044
2011-10-08 10:00:00,4.044,4.044,4.044,4.044,4.044,4.044,4.044,4.044,4.044,4.044,4.044,4.044
2011-10-08 11:00:00,4.044,4.044,4.044,4.044,4.044,4.044,4.044,4.044,4.044,4.044,4.044,4.044
2011-10-08 12:00:00,4.044,4.044,4.044,4.044,4.044,4.044,4.044,4.044,4.044,4.044,4.044,4.044
2011-10-08 13:00:00,4.044,4.044,4.044,4.044,4.044,4.044,4.044,4.044,4.044,4.044,4.044,4.044
2011-10-08 14:00:00,6.693,6.693,6.693,6.693,6.693,6.693,6.693,6.693,6.693,6.693,6.693,6.693
2011-10-08 15:00:00,19.41,19.41,19.41,19.41,19.41,19.41,19.41,19.41,19.41,19.41,19.41,19.41
2011-10-08 16:00:00,19.41,19.41,19.41,19.41,19.41,19.41,19.41,19.41,19.41,19.41,19.41,19.41
2011-10-08 17:00:00,19.41,19.41,19.41,19.41,19.41,19.41,19.41,19.41,19.41,19.41,19.41,19.41
2011-10-08 18:00:00,19.41,19.41,19.41,19.41,19.41,19.41,19.41,19.41,19.41,19.41,19.41,19.41
2011-10-08 19:00:00,19.41,19.41,19.41,19.41,19.41,19.41,19.41,19.41,19.41,19.41,19.41,19.41
2011-10-08 20:00:00,19.41,19.41,19.41,19.41,19.41,19.41,19.41,19.41,19.41,19.41,19.41,19.41
2011-10-08 21:00:00,19.679,19.679,19.679,19.679,19.679,19.679,19.679,19.679,19.679,19.679,19.679,19.679
2011-10-08 22:00:00,20.671,20.671,20.671,20.671,20.671,20.671,20.671,20.671,20.671,20.671,20.671,20.671
2011-10-08 23:00:00,21.239,21.239,21.239,21.239,21.239,21.239,21.239,21.239,21.239,21.239,21.239,21.239
2011-10-09 00:00:00,23.663,23.663,23.663,23.663,23.663,23.663,23.663,23.663,23.663,23.663,23.663,23.663
2011-10-09 01:00:00,23.7,23.7,23.7,23.7,23.7,23.7,23.7,23.7,23.7,23.7,23.7,23.7
2011-10-09 02:00:00,24.099,24.099,24.099,24.099,24.099,24.099,24.099,24.099,24.099,24.099,24.099,24.099
2011-10-09 03:00:00,24.266,24.266,24.266,24.266,24.266,24.266,24.266,24.266,24.266,24.266,24.266,24.266
2011-10-09 04:00:00,24.266,24.266,24.266,24.266,24.266,24.266,24.266,24.266,24.266,24.266,24.266,24.266
2011-10-09 05:00:00,25.981,25.981,25.981,25.981,25.981,25.981,25.981,25.981,25.981,25.981,25.981,25.981
2011-10-09 06:00:00,25.282,25.282,25.282,25.282,25.282,25.282,25.282,25.282,25.282,25.282,25.282,25.282
2011-10-09 07:00:00,22.963,22.963,22.963,22.963,22.963,22.963,22.963,22.963,22.963,22.963,22.963,22.963
2011-10-09 08:00:00,22.222,22.222,22.222,22.222,22.222,22.222,22.222,22.222,22.222,22.222,22.222,22.222
2011-10-09 09:00:00,16.201,16.201,16.201,16.201,16.201,16.201,16.201,16.201,16.201,16.201,16.201,16.201
2011-10-09 10:00:00,15.697,15.697,15.697,15.697,15.697,15.697,15.697,15.697,15.697,15.697,15.697,15.697
2011-10-09 11:00:00,15.229,15.229,15.229,15.229,15.229,15.229,15.229,15.229,15.229,15.229,15.229,15.229
2011-10-09 12:00:00,15.229,15.229,15.229,15.229,15.229,15.229,15.229,15.229,15.229,15.229,15.229,15.229
2011-10-09 13:00:00,15.229,15.229,15.229,15.229,15.229,15.229,15.229,15.229,15.229,15.229,15.229,15.229
2011-10-09 14:00:00,18.693,18.693,18.693,18.693,18.693,18.693,18.693,18.693,18.693,18.693,18.693,18.693
2011-10-09 15:00:00,21.993,21.993,21.993,21.993,21.993,21.993,21.993,21.993,21.993,21.993,21.993,21.993
2011-10-09 16:00:00,21.993,21.993,21.993,21.993,21.993,21.993,21.993,21.993,21.993,21.993,21.993,21.993
2011-10-09 17:00:00,21.993,21.993,21.993,21.993,21.993,21.993,21.993,21.993,21.993,21.993,21.993,21.993
2011-10-09 18:00:00,21.993,21.993,21.993,21.993,21.993,21.993,21.993,21.993,21.993,21.993,21.993,21.993
2011-10-09 19:00:00,21.993,21.993,21.993,21.993,21.993,21.993,21.993,21.993,21.993,21.993,21.993,21.993
2011-10-09 20:00:00,21.993,21.993,21.993,21.993,21.993,21.993,21.993,21.993,21.993,21.993,21.993,21.993
2011-10-09 21:00:00,21.993,21.993,21.993,21.993,21.993,21.993,21.993,21.993,21.993,21.993,21.993,21.993
2011-10-09 22:00:00,21.993,21.993,21.993,21.993,21.993,21.993,21.993,21.993,21.993,21.993,21.993,21.993
2011-10-09 23:00:00,21.993,21.993,21.993,21.993,21.993,21.993,21.993,21.993,21.993,21.993,21.993,21.993
2011-10-10 00:00:00,19.768,19.768,19.768,19.768,19.768,19.768,19.768,19.768,19.768,19.768,19.768,19.768
2011-10-10 01:00:00,19.768,19.768,19.768,19.768,19.768,19.768,19.768,19.768,19.768,19.768,19.768,19.768
2011-10-10 02:00:00,19.768,19.768,19.768,19.768,19.768,19.768,19.768,19.768,19.768,19.768,19.768,19.768
2011-10-10 03:00:00,19.768,19.768,19.768,19.768,19.768,19.768,19.768,19.768,19.768,19.768,19.768,19.768
2011-10-10 04:00:00,19.768,19.768,19.768,19.768,19.768,19.768,19.768,19.768,19.768,19.768,19.768,19.768
2011-10-10 05:00:00,20.093,20.093,20.093,20.093,20.093,20.093,20.093,20.093,20.093,20.093,20.093,20.093
2011-10-10 06:00:00,20.144,20.144,20.144,20.144,20.144,20.144,20.144,20.144,20.144,20.144,20.144,20.144
2011-10-10 07:00:00,9.461,9.461,9.461,9.461,9.461,9.461,9.461,9.461,9.461,9.461,9.461,9.461
2011-10-10 08:00:00,6.183,6.183,6.183,6.183,6.183,6.183,6.183,6.183,6.183,6.183,6.183,6.183
2011-10-10 09:00:00,5.961,5.961,5.961,5.961,5.961,5.961,5.961,5.961,5.961,5.961,5.961,5.961
2011-10-10 10:00:00,5.961,5.961,5.961,5.961,5.961,5.961,5.961,5.961,5.961,5.961,5.961,5.961
2011-10-10 11:00:00,5.961,5.961,5.961,5.961,5.961,5.961,5.961,5.961,5.961,5.961,5.961,5.961
2011-10-10 12:00:00,5.961,5.961,5.961,5.961,5.961,5.961,5.961,5.961,5.961,5.961,5.961,5.961
2011-10-10 13:00:00,5.961,5.961,5.961,5.961,5.961,5.961,5.961,5.961,5.961,5.961,5.961,5.961
2011-10-10 14:00:00,5.961,5.961,5.961,5.961,5.961,5.961,5.961,5.961,5.961,5.961,5.961,5.961
2011-10-10 15:00:00,18.06,18.06,18.06,18.06,18.06,18.06,18.06,18.06,18.06,18.06,18.06,18.06
2011-10-10 16:00:00,19.866,19.866,19.866,19.866,19.866,19.866,19.866,19.866,19.866,19.866,19.866,19.866
2011-10-10 17:00:00,19.866,19.866,19.866,19.866,19.866,19.866,19.866,19.866,19.866,19.866,19.866,19.866
2011-10-10 18:00:00,19.768,19.768,19.768,19.768,19.768,19.768,19.768,19.768,19.768,19.768,19.768,19.768
2011-10-10 19:00:00,19.768,19.768,19.768,19.768,19.768,19.768,19.768,19.768,19.768,19.768,19.768,19.768
2011-10-10 20:00:00,19.768,19.768,19.768,19.768,19.768,19.768,19.768,19.768,19.768,19.768,19.768,19.768
2011-10-10 21:00:00,19.768,19.768,19.768,19.768,19.768,19.768,19.768,19.768,19.768,19.768,19.768,19.768
2011-10-10 22:00:00,19.768,19.768,19.768,19.768,19.768,19.768,19.768,19.768,19.768,19.768,19.768,19.768
2011-10-10 23:00:00,19.768,19.768,19.768,19.768,19.768,19.768,19.768,19.768,19.768,19.768,19.768,19.768
2011-10-11 00:00:00,22.586,22.586,22.586,22.586,22.586,22.586,22.586,22.586,22.586,22.586,22.586,22.586
2011-10-11 01:00:00,22.586,22.586,22.586,22.586,22.586,22.586,22.586,22.586,22.586,22.586,22.586,22.586
2011-10-11 02:00:00,22.586,22.586,22.586,22.586,22.586,22.586,22.586,22.586,22.586,22.586,22.586,22.586
2011-10-11 03:00:00,22.586,22.586,22.586,22.586,22.586,22.586,22.586,22.586,22.586,22.586,22.586,22.586
2011-10-11 04:00:00,22.586,22.586,22.586,22.586,22.586,22.586,22.586,22.586,22.586,22.586,22.586,22.586
2011-10-11 05:00:00,22.669,22.669,22.669,22.669,22.669,22.669,22.669,22.669,22.669,22.669,22.669,22.669
2011-10-11 06:00:00,22.644,22.644,22.644,22.644,22.644,22.644,22.644,22.644,22.644,22.644,22.644,22.644
2011-10-11 07:00:00,13.215,13.215,13.215,13.215,13.215,13.215,13.215,13.215,13.215,13.215,13.215,13.215
2011-10-11 08:00:00,7.765,7.765,7.765,7.765,7.765,7.765,7.765,7.765,7.765,7.765,7.765,7.765
2011-10-11 09:00:00,7.661,7.661,7.661,7.661,7.661,7.661,7.661,7.661,7.661,7.661,7.661,7.661
2011-10-11 10:00:00,10.43,10.43,10.43,10.43,10.43,10.43,10.43,10.43,10.43,10.43,10.43,10.43
2011-10-11 11:00:00,7.661,7.661,7.661,7.661,7.661,7.661,7.661,7.661,7.661,7.661,7.661,7.661
2011-10-11 12:00:00,7.661,7.661,7.661,7.661,7.661,7.661,7.661,7.661,7.661,7.661,7.661,7.661
2011-10-11 13:00:00,7.661,7.661,7.661,7.661,7.661,7.661,7.661,7.661,7.661,7.661,7.661,7.661
2011-10-11 14:00:00,11.867,11.867,11.867,11.867,11.867,11.867,11.867,11.867,11.867,11.867,11.867,11.867
2011-10-11 15:00:00,18.62,18.62,18.62,18.62,18.62,18.62,18.62,18.62,18.62,18.62,18.62,18.62
2011-10-11 16:00:00,22.586,22.586,22.586,22.586,22.586,22.586,22.586,22.586,22.586,22.586,22.586,22.586
2011-10-11 17:00:00,22.586,22.586,22.586,22.586,22.586,22.586,22.586,22.586,22.586,22.586,22.586,22.586
2011-10-11 18:00:00,22.586,22.586,22.586,22.586,22.586,22.586,22.586,22.586,22.586,22.586,22.586,22.586
2011-10-11 19:00:00,22.586,22.586,22.586,22.586,22.586,22.586,22.586,22.586,22.586,22.586,22.586,22.586
2011-10-11 20:00:00,22.586,22.586,22.586,22.586,22.586,22.586,22.586,22.586,22.586,22.586,22.586,22.586
2011-10-11 21:00:00,22.586,22.586,22.586,22.586,22.586,22.586,22.586,22.586,22.586,22.586,22.586,22.586
2011-10-11 22:00:00,22.586,22.586,22.586,22.586,22.586,22.586,22.586,22.586,22.586,22.586,22.586,22.586
2011-10-11 23:00:00,22.586,22.586,22.586,22.586,22.586,22.586,22.586,22.586,22.586,22.586,22.586,22.586
2011-10-12 00:00:00,17.983,17.983,17.983,17.983,17.983,17.983,17.983,17.983,17.983,17.983,17.983,17.983
2011-10-12 01:00:00,17.983,17.983,17.983,17.983,17.983,17.983,17.983,17.983,17.983,17.983,17.983,17.983
2011-10-12 02:00:00,17.983,17.983,17.983,17.983,17.983,17.983,17.983,17.983,17.983,17.983,17.983,17.983
2011-10-12 03:00:00,17.983,17.983,17.983,17.983,17.983,17.983,17.983,17.983,17.983,17.983,17.983,17.983
2011-10-12 04:00:00,17.983,17.983,17.983,17.983,17.983,17.983,17.983,17.983,17.983,17.983,17.983,17.983
2011-10-12 05:00:00,17.983,17.983,17.983,17.983,17.983,17.983,17.983,17.983,17.983,17.983,17.983,17.983
2011-10-12 06:00:00,16.828,16.828,16.828,16.828,16.828,16.828,16.828,16.828,16.828,16.828,16.828,16.828
2011-10-12 07:00:00,14.16,14.16,14.16,14.16,14.16,14.16,14.16,14.16,14.16,14.16,14.16,14.16
2011-10-12 08:00:00,12.336,12.336,12.336,12.336,12.336,12.336,12.336,12.336,12.336,12.336,12.336,12.336
2011-10-12 09:00:00,10.769,10.769,10.769,10.769,10.769,10.769,10.769,10.769,10.769,10.769,10.769,10.769
2011-10-12 10:00:00,12.643,12.643,12.643,12.643,12.643,12.643,12.643,12.643,12.643,12.643,12.643,12.643
2011-10-12 11:00:00,12.374,12.374,12.374,12.374,12.374,12.374,12.374,12.374,12.374,12.374,12.374,12.374
2011-10-12 12:00:00,12.395,12.395,12.395,12.395,12.395,12.395,12.395,12.395,12.395,12.395,12.395,12.395
2011-10-12 13:00:00,12.698,12.698,12.698,12.698,12.698,12.698,12.698,12.698,12.698,12.698,12.698,12.698
2011-10-12 14:00:00,14.16,14.16,14.16,14.16,14.16,14.16,14.16,14.16,14.16,14.16,14.16,14.16
2011-10-12 15:00:00,15.844,15.844,15.844,15.844,15.844,15.844,15.844,15.844,15.844,15.844,15.844,15.844
2011-10-12 16:00:00,17.983,17.983,17.983,17.983,17.983,17.983,17.983,17.983,17.983,17.983,17.983,17.983
2011-10-12 17:00:00,17.983,17.983,17.983,17.983,17.983,17.983,17.983,17.983,17.983,17.983,17.983,17.983
2011-10-12 18:00:00,17.983,17.983,17.983,17.983,17.983,17.983,17.983,17.983,17.983,17.983,17.983,17.983
2011-10-12 19:00:00,17.983,17.983,17.983,17.983,17.983,17.983,17.983,17.983,17.983,17.983,17.983,17.983
2011-10-12 20:00:00,17.983,17.983,17.983,17.983,17.983,17.983,17.983,17.983,17.983,17.983,17.983,17.983
2011-10-12 21:00:00,18.382,18.382,18.382,18.382,18.382,18.382,18.382,18.382,18.382,18.382,18.382,18.382
2011-10-12 22:00:00,18.754,18.754,18.754,18.754,18.754,18.754,18.754,18.754,18.754,18.754,18.754,18.754
2011-10-12 23:00:00,23.794,23.794,23.794,23.794,23.794,23.794,23.794,23.794,23.794,23.794,23.794,23.794
2011-10-13 00:00:00,26.78,26.78,26.78,26.78,26.78,26.78,26.78,26.78,26.78,26.78,26.78,26.78
2011-10-13 01:00:00,26.78,26.78,26.78,26.78,26.78,26.78,26.78,26.78,26.78,26.78,26.78,26.78
2011-10-13 02:00:00,26.78,26.78,26.78,26.78,26.78,26.78,26.78,26.78,26.78,26.78,26.78,26.78
2011-10-13 03:00:00,26.78,26.78,26.78,26.78,26.78,26.78,26.78,26.78,26.78,26.78,26.78,26.78
2011-10-13 04:00:00,26.78,26.78,26.78,26.78,26.78,26.78,26.78,26.78,26.78,26.78,26.78,26.78
2011-10-13 05:00:00,26.78,26.78,26.78,26.78,26.78,26.78,26.78,26.78,26.78,26.78,26.78,26.78
2011-10-13 06:00:00,24.25,24.25,24.25,24.25,24.25,24.25,24.25,24.25,24.25,24.25,24.25,24.25
2011-10-13 07:00:00,10.733,10.733,10.733,10.733,10.733,10.733,10.733,10.733,10.733,10.733,10.733,10.733
2011-10-13 08:00:00,6.798,6.798,6.798,6.798,6.798,6.798,6.798,6.798,6.798,6.798,6.798,6.798
2011-10-13 09:00:00,6.798,6.798,6.798,6.798,6.798,6.798,6.798,6.798,6.798,6.798,6.798,6.798
2011-10-13 10:00:00,11.604,11.604,11.604,11.604,11.604,11.604,11.604,11.604,11.604,11.604,11.604,11.604
2011-10-13 11:00:00,10.426,10.426,10.426,10.426,10.426,10.426,10.426,10.426,10.426,10.426,10.426,10.426
2011-10-13 12:00:00,10.743,10.743,10.743,10.743,10.743,10.743,10.743,10.743,10.743,10.743,10.743,10.743
2011-10-13 13:00:00,11.283,11.283,11.283,11.283,11.283,11.283,11.283,11.283,11.283,11.283,11.283,11.283
2011-10-13 14:00:00,12.54,12.54,12.54,12.54,12.54,12.54,12.54,12.54,12.54,12.54,12.54,12.54
2011-10-13 15:00:00,18.117,18.117,18.117,18.117,18.117,18.117,18.117,18.117,18.117,18.117,18.117,18.117
2011-10-13 16:00:00,26.78,26.78,26.78,26.78,26.78,26.78,26.78,26.78,26.78,26.78,26.78,26.78
2011-10-13 17:00:00,26.78,26.78,26.78,26.78,26.78,26.78,26.78,26.78,26.78,26.78,26.78,26.78
2011-10-13 18:00:00,26.78,26.78,26.78,26.78,26.78,26.78,26.78,26.78,26.78,26.78,26.78,26.78
2011-10-13 19:00:00,26.78,26.78,26.78,26.78,26.78,26.78,26.78,26.78,26.78,26.78,26.78,26.78
2011-10-13 20:00:00,26.78,26.78,26.78,26.78,26.78,26.78,26.78,26.78,26.78,26.78,26.78,26.78
2011-10-13 21:00:00,26.78,26.78,26.78,26.78,26.78,26.78,26.78,26.78,26.78,26.78,26.78,26.78
2011-10-13 22:00:00,26.78,26.78,26.78,26.78,26.78,26.78,26.78,26.78,26.78,26.78,26.78,26.78
2011-10-13 23:00:00,26.78,26.78,26.78,26.78,26.78,26.78,26.78,26.78,26.78,26.78,26.78,26.78
2011-10-14 00:00:00,24.658,24.658,24.658,24.658,24.658,24.658,24.658,24.658,24.658,24.658,24.658,24.658
2011-10-14 01:00:00,24.658,24.658,24.658,24.658,24.658,24.658,24.658,24.658,24.658,24.658,24.658,24.658
2011-10-14 02:00:00,24.658,24.658,24.658,24.658,24.658,24.658,24.658,24.658,24.658,24.658,24.658,24.658
2011-10-14 03:00:00,24.658,24.658,24.658,24.658,24.658,24.658,24.658,24.658,24.658,24.658,24.658,24.658
2011-10-14 04:00:00,24.658,24.658,24.658,24.658,24.658,24.658,24.658,24.658,24.658,24.658,24.658,24.658
2011-10-14 05:00:00,25.038,25.038,25.038,25.038,25.038,25.038,25.038,25.038,25.038,25.038,25.038,25.038
2011-10-14 06:00:00,24.797,24.797,24.797,24.797,24.797,24.797,24.797,24.797,24.797,24.797,24.797,24.797
2011-10-14 07:00:00,22.12,22.12,22.12,22.12,22.12,22.12,22.12,22.12,22.12,22.12,22.12,22.12
2011-10-14 08:00:00,20.445,20.445,20.445,20.445,20.445,20.445,20.445,20.445,20.445,20.445,20.445,20.445
2011-10-14 09:00:00,20.445,20.445,20.445,20.445,20.445,20.445,20.445,20.445,20.445,20.445,20.445,20.445
2011-10-14 10:00:00,21.378,21.378,21.378,21.378,21.378,21.378,21.378,21.378,21.378,21.378,21.378,21.378
2011-10-14 11:00:00,21.378,21.378,21.378,21.378,21.378,21.378,21.378,21.378,21.378,21.378,21.378,21.378
2011-10-14 12:00:00,21.378,21.378,21.378,21.378,21.378,21.378,21.378,21.378,21.378,21.378,21.378,21.378
2011-10-14 13:00:00,21.526,21.526,21.526,21.526,21.526,21.526,21.526,21.526,21.526,21.526,21.526,21.526
2011-10-14 14:00:00,21.526,21.526,21.526,21.526,21.526,21.526,21.526,21.526,21.526,21.526,21.526,21.526
2011-10-14 15:00:00,24.658,24.658,24.658,24.658,24.658,24.658,24.658,24.658,24.658,24.658,24.658,24.658
2011-10-14 16:00:00,24.658,24.658,24.658,24.658,24.658,24.658,24.658,24.658,24.658,24.658,24.658,24.658
2011-10-14 17:00:00,24.658,24.658,24.658,24.658,24.658,24.658,24.658,24.658,24.658,24.658,24.658,24.658
2011-10-14 18:00:00,24.658,24.658,24.658,24.658,24.658,24.658,24.658,24.658,24.658,24.658,24.658,24.658
2011-10-14 19:00:00,24.658,24.658,24.658,24.658,24.658,24.658,24.658,24.658,24.658,24.658,24.658,24.658
2011-10-14 20:00:00,24.658,24.658,24.658,24.658,24.658,24.658,24.658,24.658,24.658,24.658,24.658,24.658
2011-10-14 21:00:00,24.658,24.658,24.658,24.658,24.658,24.658,24.658,24.658,24.658,24.658,24.658,24.658
2011-10-14 22:00:00,24.658,24.658,24.658,24.658,24.658,24.658,24.658,24.658,24.658,24.658,24.658,24.658
2011-10-14 23:00:00,24.658,24.658,24.658,24.658,24.658,24.658,24.658,24.658,24.658,24.658,24.658,24.658
2011-10-15 00:00:00,23.823,23.823,23.823,23.823,23.823,23.823,23.823,23.823,23.823,23.823,23.823,23.823
2011-10-15 01:00:00,23.823,23.823,23.823,23.823,23.823,23.823,23.823,23.823,23.823,23.823,23.823,23.823
2011-10-15 02:00:00,23.823,23.823,23.823,23.823,23.823,23.823,23.823,23.823,23.823,23.823,23.823,23.823
2011-10-15 03:00:00,23.823,23.823,23.823,23.823,23.823,23.823,23.823,23.823,23.823,23.823,23.823,23.823
2011-10-15 04:00:00,23.823,23.823,23.823,23.823,23.823,23.823,23.823,23.823,23.823,23.823,23.823,23.823
2011-10-15 05:00:00,23.823,23.823,23.823,23.823,23.823,23.823,23.823,23.823,23.823,23.823,23.823,23.823
2011-10-15 06:00:00,23.917,23.917,23.917,23.917,23.917,23.917,23.917,23.917,23.917,23.917,23.917,23.917
2011-10-15 07:00:00,23.434,23.434,23.434,23.434,23.434,23.434,23.434,23.434,23.434,23.434,23.434,23.434
2011-10-15 08:00:00,20.773,20.773,20.773,20.773,20.773,20.773,20.773,20.773,20.773,20.773,20.773,20.773
2011-10-15 09:00:00,17.957,17.957,17.957,17.957,17.957,17.957,17.957,17.957,17.957,17.957,17.957,17.957
2011-10-15 10:00:00,17.957,17.957,17.957,17.957,17.957,17.957,17.957,17.957,17.957,17.957,17.957,17.957
2011-10-15 11:00:00,17.957,17.957,17.957,17.957,17.957,17.957,17.957,17.957,17.957,17.957,17.957,17.957
2011-10-15 12:00:00,18.767,18.767,18.767,18.767,18.767,18.767,18.767,18.767,18.767,18.767,18.767,18.767
2011-10-15 13:00:00,19.936,19.936,19.936,19.936,19.936,19.936,19.936,19.936,19.936,19.936,19.936,19.936
2011-10-15 14:00:00,21.706,21.706,21.706,21.706,21.706,21.706,21.706,21.706,21.706,21.706,21.706,21.706
2011-10-15 15:00:00,23.823,23.823,23.823,23.823,23.823,23.823,23.823,23.823,23.823,23.823,23.823,23.823
2011-10-15 16:00:00,23.823,23.823,23.823,23.823,23.823,23.823,23.823,23.823,23.823,23.823,23.823,23.823
2011-10-15 17:00:00,23.823,23.823,23.823,23.823,23.823,23.823,23.823,23.823,23.823,23.823,23.823,23.823
2011-10-15 18:00:00,23.823,23.823,23.823,23.823,23.823,23.823,23.823,23.823,23.823,23.823,23.823,23.823
2011-10-15 19:00:00,23.823,23.823,23.823,23.823,23.823,23.823,23.823,23.823,23.823,23.823,23.823,23.823
2011-10-15 20:00:00,23.823,23.823,23.823,23.823,23.823,23.823,23.823,23.823,23.823,23.823,23.823,23.823
2011-10-15 21:00:00,23.823,23.823,23.823,23.823,23.823,23.823,23.823,23.823,23.823,23.823,23.823,23.823
2011-10-15 22:00:00,23.823,23.823,23.823,23.823,23.823,23.823,23.823,23.823,23.823,23.823,23.823,23.823
2011-10-15 23:00:00,23.823,23.823,23.823,23.823,23.823,23.823,23.823,23.823,23.823,23.823,23.823,23.823
2011-10-16 00:00:00,26.688,26.688,26.688,26.688,26.688,26.688,26.688,26.688,26.688,26.688,26.688,26.688
2011-10-16 01:00:00,26.688,26.688,26.688,26.688,26.688,26.688,26.688,26.688,26.688,26.688,26.688,26.688
2011-10-16 02:00:00,26.688,26.688,26.688,26.688,26.688,26.688,26.688,26.688,26.688,26.688,26.688,26.688
2011-10-16 03:00:00,26.688,26.688,26.688,26.688,26.688,26.688,26.688,26.688,26.688,26.688,26.688,26.688
2011-10-16 04:00:00,26.688,26.688,26.688,26.688,26.688,26.688,26.688,26.688,26.688,26.688,26.688,26.688
2011-10-16 05:00:00,26.814,26.814,26.814,26.814,26.814,26.814,26.814,26.814,26.814,26.814,26.814,26.814
2011-10-16 06:00:00,26.955,26.955,26.955,26.955,26.955,26.955,26.955,26.955,26.955,26.955,26.955,26.955
2011-10-16 07:00:00,26.414,26.414,26.414,26.414,26.414,26.414,26.414,26.414,26.414,26.414,26.414,26.414
2011-10-16 08:00:00,20.765,20.765,20.765,20.765,20.765,20.765,20.765,20.765,20.765,20.765,20.765,20.765
2011-10-16 09:00:00,13.188,13.188,13.188,13.188,13.188,13.188,13.188,13.188,13.188,13.188,13.188,13.188
2011-10-16 10:00:00,13.343,13.343,13.343,13.343,13.343,13.343,13.343,13.343,13.343,13.343,13.343,13.343
2011-10-16 11:00:00,13.39,13.39,13.39,13.39,13.39,13.39,13.39,13.39,13.39,13.39,13.39,13.39
2011-10-16 12:00:00,13.484,13.484,13.484,13.484,13.484,13.484,13.484,13.484,13.484,13.484,13.484,13.484
2011-10-16 13:00:00,13.517,13.517,13.517,13.517,13.517,13.517,13.517,13.517,13.517,13.517,13.517,13.517
2011-10-16 14:00:00,22.764,22.764,22.764,22.764,22.764,22.764,22.764,22.764,22.764,22.764,22.764,22.764
2011-10-16 15:00:00,26.414,26.414,26.414,26.414,26.414,26.414,26.414,26.414,26.414,26.414,26.414,26.414
2011-10-16 16:00:00,27.037,27.037,27.037,27.037,27.037,27.037,27.037,27.037,27.037,27.037,27.037,27.037
2011-10-16 17:00:00,26.901,26.901,26.901,26.901,26.901,26.901,26.901,26.901,26.901,26.901,26.901,26.901
2011-10-16 18:00:00,26.688,26.688,26.688,26.688,26.688,26.688,26.688,26.688,26.688,26.688,26.688,26.688
2011-10-16 19:00:00,26.688,26.688,26.688,26.688,26.688,26.688,26.688,26.688,26.688,26.688,26.688,26.688
2011-10-16 20:00:00,26.688,26.688,26.688,26.688,26.688,26.688,26.688,26.688,26.688,26.688,26.688,26.688
2011-10-16 21:00:00,26.688,26.688,26.688,26.688,26.688,26.688,26.688,26.688,26.688,26.688,26.688,26.688
2011-10-16 22:00:00,26.688,26.688,26.688,26.688,26.688,26.688,26.688,26.688,26.688,26.688,26.688,26.688
2011-10-16 23:00:00,26.688,26.688,26.688,26.688,26.688,26.688,26.688,26.688,26.688,26.688,26.688,26.688
2011-10-17 00:00:00,19.844,19.844,19.844,19.844,19.844,19.844,19.844,19.844,19.844,19.844,19.844,19.844
2011-10-17 01:00:00,19.844,19.844,19.844,19.844,19.844,19.844,19.844,19.844,19.844,19.844,19.844,19.844
2011-10-17 02:00:00,19.844,19.844,19.844,19.844,19.844,19.844,19.844,19.844,19.844,19.844,19.844,19.844
2011-10-17 03:00:00,20.252,20.252,20.252,20.252,20.252,20.252,20.252,20.252,20.252,20.252,20.252,20.252
2011-10-17 04:00:00,21.38,21.38,21.38,21.38,21.38,21.38,21.38,21.38,21.38,21.38,21.38,21.38
2011-10-17 05:00:00,22.352,22.352,22.352,22.352,22.352,22.352,22.352,22.352,22.352,22.352,22.352,22.352
2011-10-17 06:00:00,22.211,22.211,22.211,22.211,22.211,22.211,22.211,22.211,22.211,22.211,22.211,22.211
2011-10-17 07:00:00,18.907,18.907,18.907,18.907,18.907,18.907,18.907,18.907,18.907,18.907,18.907,18.907
2011-10-17 08:00:00,18.336,18.336,18.336,18.336,18.336,18.336,18.336,18.336,18.336,18.336,18.336,18.336
2011-10-17 09:00:00,16.811,16.811,16.811,16.811,16.811,16.811,16.811,16.811,16.811,16.811,16.811,16.811
2011-10-17 10:00:00,17.459,17.459,17.459,17.459,17.459,17.459,17.459,17.459,17.459,17.459,17.459,17.459
2011-10-17 11:00:00,15.673,15.673,15.673,15.673,15.673,15.673,15.673,15.673,15.673,15.673,15.673,15.673
2011-10-17 12:00:00,15.569,15.569,15.569,15.569,15.569,15.569,15.569,15.569,15.569,15.569,15.569,15.569
2011-10-17 13:00:00,15.569,15.569,15.569,15.569,15.569,15.569,15.569,15.569,15.569,15.569,15.569,15.569
2011-10-17 14:00:00,17.814,17.814,17.814,17.814,17.814,17.814,17.814,17.814,17.814,17.814,17.814,17.814
2011-10-17 15:00:00,19.288,19.288,19.288,19.288,19.288,19.288,19.288,19.288,19.288,19.288,19.288,19.288
2011-10-17 16:00:00,20.252,20.252,20.252,20.252,20.252,20.252,20.252,20.252,20.252,20.252,20.252,20.252
2011-10-17 17:00:00,19.844,19.844,19.844,19.844,19.844,19.844,19.844,19.844,19.844,19.844,19.844,19.844
2011-10-17 18:00:00,19.844,19.844,19.844,19.844,19.844,19.844,19.844,19.844,19.844,19.844,19.844,19.844
2011-10-17 19:00:00,19.844,19.844,19.844,19.844,19.844,19.844,19.844,19.844,19.844,19.844,19.844,19.844
2011-10-17 20:00:00,19.844,19.844,19.844,19.844,19.844,19.844,19.844,19.844,19.844,19.844,19.844,19.844
2011-10-17 21:00:00,19.844,19.844,19.844,19.844,19.844,19.844,19.844,19.844,19.844,19.844,19.844,19.844
2011-10-17 22:00:00,19.844,19.844,19.844,19.844,19.844,19.844,19.844,19.844,19.844,19.844,19.844,19.844
2011-10-17 23:00:00,19.844,19.844,19.844,19.844,19.844,19.844,19.844,19.844,19.844,19.844,19.844,19.844
2011-10-18 00:00:00,19.623,19.623,19.623,19.623,19.623,19.623,19.623,19.623,19.623,19.623,19.623,19.623
2011-10-18 01:00:00,19.623,19.623,19.623,19.623,19.623,19.623,19.623,19.623,19.623,19.623,19.623,19.623
2011-10-18 02:00:00,19.623,19.623,19.623,19.623,19.623,19.623,19.623,19.623,19.623,19.623,19.623,19.623
2011-10-18 03:00:00,19.623,19.623,19.623,19.623,19.623,19.623,19.623,19.623,19.623,19.623,19.623,19.623
2011-10-18 04:00:00,19.623,19.623,19.623,19.623,19.623,19.623,19.623,19.623,19.623,19.623,19.623,19.623
2011-10-18 05:00:00,22.084,22.084,22.084,22.084,22.084,22.084,22.084,22.084,22.084,22.084,22.084,22.084
2011-10-18 06:00:00,20.581,20.581,20.581,20.581,20.581,20.581,20.581,20.581,20.581,20.581,20.581,20.581
2011-10-18 07:00:00,11.678,11.678,11.678,11.678,11.678,11.678,11.678,11.678,11.678,11.678,11.678,11.678
2011-10-18 08:00:00,5.79,5.79,5.79,5.79,5.79,5.79,5.79,5.79,5.79,5.79,5.79,5.79
2011-10-18 09:00:00,4.088,4.088,4.088,4.088,4.088,4.088,4.088,4.088,4.088,4.088,4.088,4.088
2011-10-18 10:00:00,4.088,4.088,4.088,4.088,4.088,4.088,4.088,4.088,4.088,4.088,4.088,4.088
2011-10-18 11:00:00,4.081,4.081,4.081,4.081,4.081,4.081,4.081,4.081,4.081,4.081,4.081,4.081
2011-10-18 12:00:00,4.081,4.081,4.081,4.081,4.081,4.081,4.081,4.081,4.081,4.081,4.081,4.081
2011-10-18 13:00:00,4.081,4.081,4.081,4.081,4.081,4.081,4.081,4.081,4.081,4.081,4.081,4.081
2011-10-18 14:00:00,4.081,4.081,4.081,4.081,4.081,4.081,4.081,4.081,4.081,4.081,4.081,4.081
2011-10-18 15:00:00,12.639,12.639,12.639,12.639,12.639,12.639,12.639,12.639,12.639,12.639,12.639,12.639
2011-10-18 16:00:00,22.38,22.38,22.38,22.38,22.38,22.38,22.38,22.38,22.38,22.38,22.38,22.38
2011-10-18 17:00:00,22.256,22.256,22.256,22.256,22.256,22.256,22.256,22.256,22.256,22.256,22.256,22.256
2011-10-18 18:00:00,22.014,22.014,22.014,22.014,22.014,22.014,22.014,22.014,22.014,22.014,22.014,22.014
2011-10-18 19:00:00,19.997,19.997,19.997,19.997,19.997,19.997,19.997,19.997,19.997,19.997,19.997,19.997
2011-10-18 20:00:00,19.623,19.623,19.623,19.623,19.623,19.623,19.623,19.623,19.623,19.623,19.623,19.623
2011-10-18 21:00:00,19.623,19.623,19.623,19.623,19.623,19.623,19.623,19.623,19.623,19.623,19.623,19.623
2011-10-18 22:00:00,19.623,19.623,19.623,19.623,19.623,19.623,19.623,19.623,19.623,19.623,19.623,19.623
2011-10-18 23:00:00,19.623,19.623,19.623,19.623,19.623,19.623,19.623,19.623,19.623,19.623,19.623,19.623
2011-10-19 00:00:00,23.698,23.698,23.698,23.698,23.698,23.698,23.698,23.698,23.698,23.698,23.698,23.698
2011-10-19 01:00:00,23.698,23.698,23.698,23.698,23.698,23.698,23.698,23.698,23.698,23.698,23.698,23.698
2011-10-19 02:00:00,23.698,23.698,23.698,23.698,23.698,23.698,23.698,23.698,23.698,23.698,23.698,23.698
2011-10-19 03:00:00,23.698,23.698,23.698,23.698,23.698,23.698,23.698,23.698,23.698,23.698,23.698,23.698
2011-10-19 04:00:00,23.715,23.715,23.715,23.715,23.715,23.715,23.715,23.715,23.715,23.715,23.715,23.715
2011-10-19 05:00:00,23.715,23.715,23.715,23.715,23.715,23.715,23.715,23.715,23.715,23.715,23.715,23.715
2011-10-19 06:00:00,23.427,23.427,23.427,23.427,23.427,23.427,23.427,23.427,23.427,23.427,23.427,23.427
2011-10-19 07:00:00,20.794,20.794,20.794,20.794,20.794,20.794,20.794,20.794,20.794,20.794,20.794,20.794
2011-10-19 08:00:00,18.107,18.107,18.107,18.107,18.107,18.107,18.107,18.107,18.107,18.107,18.107,18.107
2011-10-19 09:00:00,13.3,13.3,13.3,13.3,13.3,13.3,13.3,13.3,13.3,13.3,13.3,13.3
2011-10-19 10:00:00,13.331,13.331,13.331,13.331,13.331,13.331,13.331,13.331,13.331,13.331,13.331,13.331
2011-10-19 11:00:00,13.331,13.331,13.331,13.331,13.331,13.331,13.331,13.331,13.331,13.331,13.331,13.331
2011-10-19 12:00:00,14.793,14.793,14.793,14.793,14.793,14.793,14.793,14.793,14.793,14.793,14.793,14.793
2011-10-19 13:00:00,17.782,17.782,17.782,17.782,17.782,17.782,17.782,17.782,17.782,17.782,17.782,17.782
2011-10-19 14:00:00,18.693,18.693,18.693,18.693,18.693,18.693,18.693,18.693,18.693,18.693,18.693,18.693
2011-10-19 15:00:00,22.723,22.723,22.723,22.723,22.723,22.723,22.723,22.723,22.723,22.723,22.723,22.723
2011-10-19 16:00:00,23.698,23.698,23.698,23.698,23.698,23.698,23.698,23.698,23.698,23.698,23.698,23.698
2011-10-19 17:00:00,23.698,23.698,23.698,23.698,23.698,23.698,23.698,23.698,23.698,23.698,23.698,23.698
2011-10-19 18:00:00,23.698,23.698,23.698,23.698,23.698,23.698,23.698,23.698,23.698,23.698,23.698,23.698
2011-10-19 19:00:00,23.698,23.698,23.698,23.698,23.698,23.698,23.698,23.698,23.698,23.698,23.698,23.698
2011-10-19 20:00:00,23.698,23.698,23.698,23.698,23.698,23.698,23.698,23.698,23.698,23.698,23.698,23.698
2011-10-19 21:00:00,23.698,23.698,23.698,23.698,23.698,23.698,23.698,23.698,23.698,23.698,23.698,23.698
2011-10-19 22:00:00,23.698,23.698,23.698,23.698,23.698,23.698,23.698,23.698,23.698,23.698,23.698,23.698
2011-10-19 23:00:00,23.698,23.698,23.698,23.698,23.698,23.698,23.698,23.698,23.698,23.698,23.698,23.698
2011-10-20 00:00:00,23.176,23.176,23.176,23.176,23.176,23.176,23.176,23.176,23.176,23.176,23.176,23.176
2011-10-20 01:00:00,23.176,23.176,23.176,23.176,23.176,23.176,23.176,23.176,23.176,23.176,23.176,23.176
2011-10-20 02:00:00,23.176,23.176,23.176,23.176,23.176,23.176,23.176,23.176,23.176,23.176,23.176,23.176
2011-10-20 03:00:00,23.176,23.176,23.176,23.176,23.176,23.176,23.176,23.176,23.176,23.176,23.176,23.176
2011-10-20 04:00:00,23.176,23.176,23.176,23.176,23.176,23.176,23.176,23.176,23.176,23.176,23.176,23.176
2011-10-20 05:00:00,23.176,23.176,23.176,23.176,23.176,23.176,23.176,23.176,23.176,23.176,23.176,23.176
2011-10-20 06:00:00,22.56,22.56,22.56,22.56,22.56,22.56,22.56,22.56,22.56,22.56,22.56,22.56
2011-10-20 07:00:00,20.96,20.96,20.96,20.96,20.96,20.96,20.96,20.96,20.96,20.96,20.96,20.96
2011-10-20 08:00:00,14.696,14.696,14.696,14.696,14.696,14.696,14.696,14.696,14.696,14.696,14.696,14.696
2011-10-20 09:00:00,14.696,14.696,14.696,14.696,14.696,14.696,14.696,14.696,14.696,14.696,14.696,14.696
2011-10-20 10:00:00,17.316,17.316,17.316,17.316,17.316,17.316,17.316,17.316,17.316,17.316,17.316,17.316
2011-10-20 11:00:00,17.722,17.722,17.722,17.722,17.722,17.722,17.722,17.722,17.722,17.722,17.722,17.722
2011-10-20 12:00:00,17.735,17.735,17.735,17.735,17.735,17.735,17.735,17.735,17.735,17.735,17.735,17.735
2011-10-20 13:00:00,17.735,17.735,17.735,17.735,17.735,17.735,17.735,17.735,17.735,17.735,17.735,17.735
2011-10-20 14:00:00,17.799,17.799,17.799,17.799,17.799,17.799,17.799,17.799,17.799,17.799,17.799,17.799
2011-10-20 15:00:00,21.924,21.924,21.924,21.924,21.924,21.924,21.924,21.924,21.924,21.924,21.924,21.924
2011-10-20 16:00:00,23.512,23.512,23.512,23.512,23.512,23.512,23.512,23.512,23.512,23.512,23.512,23.512
2011-10-20 17:00:00,23.176,23.176,23.176,23.176,23.176,23.176,23.176,23.176,23.176,23.176,23.176,23.176
2011-10-20 18:00:00,23.176,23.176,23.176,23.176,23.176,23.176,23.176,23.176,23.176,23.176,23.176,23.176
2011-10-20 19:00:00,23.176,23.176,23.176,23.176,23.176,23.176,23.176,23.176,23.176,23.176,23.176,23.176
2011-10-20 20:00:00,23.176,23.176,23.176,23.176,23.176,23.176,23.176,23.176,23.176,23.176,23.176,23.176
2011-10-20 21:00:00,23.176,23.176,23.176,23.176,23.176,23.176,23.176,23.176,23.176,23.176,23.176,23.176
2011-10-20 22:00:00,23.176,23.176,23.176,23.176,23.176,23.176,23.176,23.176,23.176,23.176,23.176,23.176
2011-10-20 23:00:00,23.176,23.176,23.176,23.176,23.176,23.176,23.176,23.176,23.176,23.176,23.176,23.176
2011-10-21 00:00:00,23.18,23.18,23.18,23.18,23.18,23.18,23.18,23.18,23.18,23.18,23.18,23.18
2011-10-21 01:00:00,23.18,23.18,23.18,23.18,23.18,23.18,23.18,23.18,23.18,23.18,23.18,23.18
2011-10-21 02:00:00,23.18,23.18,23.18,23.18,23.18,23.18,23.18,23.18,23.18,23.18,23.18,23.18
2011-10-21 03:00:00,23.413,23.413,23.413,23.413,23.413,23.413,23.413,23.413,23.413,23.413,23.413,23.413
2011-10-21 04:00:00,23.824,23.824,23.824,23.824,23.824,23.824,23.824,23.824,23.824,23.824,23.824,23.824
2011-10-21 05:00:00,24.303,24.303,24.303,24.303,24.303,24.303,24.303,24.303,24.303,24.303,24.303,24.303
2011-10-21 06:00:00,23.929,23.929,23.929,23.929,23.929,23.929,23.929,23.929,23.929,23.929,23.929,23.929
2011-10-21 07:00:00,21.99,21.99,21.99,21.99,21.99,21.99,21.99,21.99,21.99,21.99,21.99,21.99
2011-10-21 08:00:00,19.66,19.66,19.66,19.66,19.66,19.66,19.66,19.66,19.66,19.66,19.66,19.66
2011-10-21 09:00:00,18.379,18.379,18.379,18.379,18.379,18.379,18.379,18.379,18.379,18.379,18.379,18.379
2011-10-21 10:00:00,18.912,18.912,18.912,18.912,18.912,18.912,18.912,18.912,18.912,18.912,18.912,18.912
2011-10-21 11:00:00,18.912,18.912,18.912,18.912,18.912,18.912,18.912,18.912,18.912,18.912,18.912,18.912
2011-10-21 12:00:00,18.912,18.912,18.912,18.912,18.912,18.912,18.912,18.912,18.912,18.912,18.912,18.912
2011-10-21 13:00:00,21.437,21.437,21.437,21.437,21.437,21.437,21.437,21.437,21.437,21.437,21.437,21.437
2011-10-21 14:00:00,22.089,22.089,22.089,22.089,22.089,22.089,22.089,22.089,22.089,22.089,22.089,22.089
2011-10-21 15:00:00,23.144,23.144,23.144,23.144,23.144,23.144,23.144,23.144,23.144,23.144,23.144,23.144
2011-10-21 16:00:00,23.144,23.144,23.144,23.144,23.144,23.144,23.144,23.144,23.144,23.144,23.144,23.144
2011-10-21 17:00:00,23.144,23.144,23.144,23.144,23.144,23.144,23.144,23.144,23.144,23.144,23.144,23.144
2011-10-21 18:00:00,23.144,23.144,23.144,23.144,23.144,23.144,23.144,23.144,23.144,23.144,23.144,23.144
2011-10-21 19:00:00,23.144,23.144,23.144,23.144,23.144,23.144,23.144,23.144,23.144,23.144,23.144,23.144
2011-10-21 20:00:00,23.144,23.144,23.144,23.144,23.144,23.144,23.144,23.144,23.144,23.144,23.144,23.144
2011-10-21 21:00:00,23.144,23.144,23.144,23.144,23.144,23.144,23.144,23.144,23.144,23.144,23.144,23.144
2011-10-21 22:00:00,23.144,23.144,23.144,23.144,23.144,23.144,23.144,23.144,23.144,23.144,23.144,23.144
2011-10-21 23:00:00,23.144,23.144,23.144,23.144,23.144,23.144,23.144,23.144,23.144,23.144,23.144,23.144
2011-10-22 00:00:00,20.896,20.896,20.896,20.896,20.896,20.896,20.896,20.896,20.896,20.896,20.896,20.896
2011-10-22 01:00:00,20.896,20.896,20.896,20.896,20.896,20.896,20.896,20.896,20.896,20.896,20.896,20.896
2011-10-22 02:00:00,20.896,20.896,20.896,20.896,20.896,20.896,20.896,20.896,20.896,20.896,20.896,20.896
2011-10-22 03:00:00,20.896,20.896,20.896,20.896,20.896,20.896,20.896,20.896,20.896,20.896,20.896,20.896
2011-10-22 04:00:00,20.896,20.896,20.896,20.896,20.896,20.896,20.896,20.896,20.896,20.896,20.896,20.896
2011-10-22 05:00:00,20.896,20.896,20.896,20.896,20.896,20.896,20.896,20.896,20.896,20.896,20.896,20.896
2011-10-22 06:00:00,20.896,20.896,20.896,20.896,20.896,20.896,20.896,20.896,20.896,20.896,20.896,20.896
2011-10-22 07:00:00,20.822,20.822,20.822,20.822,20.822,20.822,20.822,20.822,20.822,20.822,20.822,20.822
2011-10-22 08:00:00,18.056,18.056,18.056,18.056,18.056,18.056,18.056,18.056,18.056,18.056,18.056,18.056
2011-10-22 09:00:00,13.942,13.942,13.942,13.942,13.942,13.942,13.942,13.942,13.942,13.942,13.942,13.942
2011-10-22 10:00:00,13.942,13.942,13.942,13.942,13.942,13.942,13.942,13.942,13.942,13.942,13.942,13.942
2011-10-22 11:00:00,13.942,13.942,13.942,13.942,13.942,13.942,13.942,13.942,13.942,13.942,13.942,13.942
2011-10-22 12:00:00,15.846,15.846,15.846,15.846,15.846,15.846,15.846,15.846,15.846,15.846,15.846,15.846
2011-10-22 13:00:00,18.456,18.456,18.456,18.456,18.456,18.456,18.456,18.456,18.456,18.456,18.456,18.456
2011-10-22 14:00:00,19.991,19.991,19.991,19.991,19.991,19.991,19.991,19.991,19.991,19.991,19.991,19.991
2011-10-22 15:00:00,20.913,20.913,20.913,20.913,20.913,20.913,20.913,20.913,20.913,20.913,20.913,20.913
2011-10-22 16:00:00,21.061,21.061,21.061,21.061,21.061,21.061,21.061,21.061,21.061,21.061,21.061,21.061
2011-10-22 17:00:00,21.007,21.007,21.007,21.007,21.007,21.007,21.007,21.007,21.007,21.007,21.007,21.007
2011-10-22 18:00:00,20.913,20.913,20.913,20.913,20.913,20.913,20.913,20.913,20.913,20.913,20.913,20.913
2011-10-22 19:00:00,20.913,20.913,20.913,20.913,20.913,20.913,20.913,20.913,20.913,20.913,20.913,20.913
2011-10-22 20:00:00,20.913,20.913,20.913,20.913,20.913,20.913,20.913,20.913,20.913,20.913,20.913,20.913
2011-10-22 21:00:00,20.913,20.913,20.913,20.913,20.913,20.913,20.913,20.913,20.913,20.913,20.913,20.913
2011-10-22 22:00:00,20.913,20.913,20.913,20.913,20.913,20.913,20.913,20.913,20.913,20.913,20.913,20.913
2011-10-22 23:00:00,20.913,20.913,20.913,20.913,20.913,20.913,20.913,20.913,20.913,20.913,20.913,20.913
2011-10-23 00:00:00,23.583,23.583,23.583,23.583,23.583,23.583,23.583,23.583,23.583,23.583,23.583,23.583
2011-10-23 01:00:00,23.583,23.583,23.583,23.583,23.583,23.583,23.583,23.583,23.583,23.583,23.583,23.583
2011-10-23 02:00:00,23.583,23.583,23.583,23.583,23.583,23.583,23.583,23.583,23.583,23.583,23.583,23.583
2011-10-23 03:00:00,23.583,23.583,23.583,23.583,23.583,23.583,23.583,23.583,23.583,23.583,23.583,23.583
2011-10-23 04:00:00,23.583,23.583,23.583,23.583,23.583,23.583,23.583,23.583,23.583,23.583,23.583,23.583
2011-10-23 05:00:00,23.583,23.583,23.583,23.583,23.583,23.583,23.583,23.583,23.583,23.583,23.583,23.583
2011-10-23 06:00:00,23.583,23.583,23.583,23.583,23.583,23.583,23.583,23.583,23.583,23.583,23.583,23.583
2011-10-23 07:00:00,23.583,23.583,23.583,23.583,23.583,23.583,23.583,23.583,23.583,23.583,23.583,23.583
2011-10-23 08:00:00,20.249,20.249,20.249,20.249,20.249,20.249,20.249,20.249,20.249,20.249,20.249,20.249
2011-10-23 09:00:00,12.749,12.749,12.749,12.749,12.749,12.749,12.749,12.749,12.749,12.749,12.749,12.749
2011-10-23 10:00:00,12.749,12.749,12.749,12.749,12.749,12.749,12.749,12.749,12.749,12.749,12.749,12.749
2011-10-23 11:00:00,12.749,12.749,12.749,12.749,12.749,12.749,12.749,12.749,12.749,12.749,12.749,12.749
2011-10-23 12:00:00,12.749,12.749,12.749,12.749,12.749,12.749,12.749,12.749,12.749,12.749,12.749,12.749
2011-10-23 13:00:00,13.761,13.761,13.761,13.761,13.761,13.761,13.761,13.761,13.761,13.761,13.761,13.761
2011-10-23 14:00:00,20.601,20.601,20.601,20.601,20.601,20.601,20.601,20.601,20.601,20.601,20.601,20.601
2011-10-23 15:00:00,23.483,23.483,23.483,23.483,23.483,23.483,23.483,23.483,23.483,23.483,23.483,23.483
2011-10-23 16:00:00,23.583,23.583,23.583,23.583,23.583,23.583,23.583,23.583,23.583,23.583,23.583,23.583
2011-10-23 17:00:00,23.583,23.583,23.583,23.583,23.583,23.583,23.583,23.583,23.583,23.583,23.583,23.583
2011-10-23 18:00:00,23.583,23.583,23.583,23.583,23.583,23.583,23.583,23.583,23.583,23.583,23.583,23.583
2011-10-23 19:00:00,23.583,23.583,23.583,23.583,23.583,23.583,23.583,23.583,23.583,23.583,23.583,23.583
2011-10-23 20:00:00,23.583,23.583,23.583,23.583,23.583,23.583,23.583,23.583,23.583,23.583,23.583,23.583
2011-10-23 21:00:00,23.583,23.583,23.583,23.583,23.583,23.583,23.583,23.583,23.583,23.583,23.583,23.583
2011-10-23 22:00:00,23.583,23.583,23.583,23.583,23.583,23.583,23.583,23.583,23.583,23.583,23.583,23.583
2011-10-23 23:00:00,23.583,23.583,23.583,23.583,23.583,23.583,23.583,23.583,23.583,23.583,23.583,23.583
2011-10-24 00:00:00,22.477,22.477,22.477,22.477,22.477,22.477,22.477,22.477,22.477,22.477,22.477,22.477
2011-10-24 01:00:00,22.477,22.477,22.477,22.477,22.477,22.477,22.477,22.477,22.477,22.477,22.477,22.477
2011-10-24 02:00:00,22.477,22.477,22.477,22.477,22.477,22.477,22.477,22.477,22.477,22.477,22.477,22.477
2011-10-24 03:00:00,22.477,22.477,22.477,22.477,22.477,22.477,22.477,22.477,22.477,22.477,22.477,22.477
2011-10-24 04:00:00,22.477,22.477,22.477,22.477,22.477,22.477,22.477,22.477,22.477,22.477,22.477,22.477
2011-10-24 05:00:00,22.516,22.516,22.516,22.516,22.516,22.516,22.516,22.516,22.516,22.516,22.516,22.516
2011-10-24 06:00:00,22.73,22.73,22.73,22.73,22.73,22.73,22.73,22.73,22.73,22.73,22.73,22.73
2011-10-24 07:00:00,20.131,20.131,20.131,20.131,20.131,20.131,20.131,20.131,20.131,20.131,20.131,20.131
2011-10-24 08:00:00,18.189,18.189,18.189,18.189,18.189,18.189,18.189,18.189,18.189,18.189,18.189,18.189
2011-10-24 09:00:00,14.225,14.225,14.225,14.225,14.225,14.225,14.225,14.225,14.225,14.225,14.225,14.225
2011-10-24 10:00:00,14.225,14.225,14.225,14.225,14.225,14.225,14.225,14.225,14.225,14.225,14.225,14.225
2011-10-24 11:00:00,14.225,14.225,14.225,14.225,14.225,14.225,14.225,14.225,14.225,14.225,14.225,14.225
2011-10-24 12:00:00,14.225,14.225,14.225,14.225,14.225,14.225,14.225,14.225,14.225,14.225,14.225,14.225
2011-10-24 13:00:00,14.324,14.324,14.324,14.324,14.324,14.324,14.324,14.324,14.324,14.324,14.324,14.324
2011-10-24 14:00:00,17.542,17.542,17.542,17.542,17.542,17.542,17.542,17.542,17.542,17.542,17.542,17.542
2011-10-24 15:00:00,22.3,22.3,22.3,22.3,22.3,22.3,22.3,22.3,22.3,22.3,22.3,22.3
2011-10-24 16:00:00,22.477,22.477,22.477,22.477,22.477,22.477,22.477,22.477,22.477,22.477,22.477,22.477
2011-10-24 17:00:00,22.477,22.477,22.477,22.477,22.477,22.477,22.477,22.477,22.477,22.477,22.477,22.477
2011-10-24 18:00:00,22.477,22.477,22.477,22.477,22.477,22.477,22.477,22.477,22.477,22.477,22.477,22.477
2011-10-24 19:00:00,22.477,22.477,22.477,22.477,22.477,22.477,22.477,22.477,22.477,22.477,22.477,22.477
2011-10-24 20:00:00,22.477,22.477,22.477,22.477,22.477,22.477,22.477,22.477,22.477,22.477,22.477,22.477
2011-10-24 21:00:00,22.477,22.477,22.477,22.477,22.477,22.477,22.477,22.477,22.477,22.477,22.477,22.477
2011-10-24 22:00:00,22.477,22.477,22.477,22.477,22.477,22.477,22.477,22.477,22.477,22.477,22.477,22.477
2011-10-24 23:00:00,22.477,22.477,22.477,22.477,22.477,22.477,22.477,22.477,22.477,22.477,22.477,22.477
2011-10-25 00:00:00,24.27,24.27,24.27,24.27,24.27,24.27,24.27,24.27,24.27,24.27,24.27,24.27
2011-10-25 01:00:00,24.27,24.27,24.27,24.27,24.27,24.27,24.27,24.27,24.27,24.27,24.27,24.27
2011-10-25 02:00:00,24.27,24.27,24.27,24.27,24.27,24.27,24.27,24.27,24.27,24.27,24.27,24.27
2011-10-25 03:00:00,24.27,24.27,24.27,24.27,24.27,24.27,24.27,24.27,24.27,24.27,24.27,24.27
2011-10-25 04:00:00,24.27,24.27,24.27,24.27,24.27,24.27,24.27,24.27,24.27,24.27,24.27,24.27
2011-10-25 05:00:00,24.27,24.27,24.27,24.27,24.27,24.27,24.27,24.27,24.27,24.27,24.27,24.27
2011-10-25 06:00:00,23.543,23.543,23.543,23.543,23.543,23.543,23.543,23.543,23.543,23.543,23.543,23.543
2011-10-25 07:00:00,21.875,21.875,21.875,21.875,21.875,21.875,21.875,21.875,21.875,21.875,21.875,21.875
2011-10-25 08:00:00,20.707,20.707,20.707,20.707,20.707,20.707,20.707,20.707,20.707,20.707,20.707,20.707
2011-10-25 09:00:00,18.474,18.474,18.474,18.474,18.474,18.474,18.474,18.474,18.474,18.474,18.474,18.474
2011-10-25 10:00:00,18.474,18.474,18.474,18.474,18.474,18.474,18.474,18.474,18.474,18.474,18.474,18.474
2011-10-25 11:00:00,18.474,18.474,18.474,18.474,18.474,18.474,18.474,18.474,18.474,18.474,18.474,18.474
2011-10-25 12:00:00,20.001,20.001,20.001,20.001,20.001,20.001,20.001,20.001,20.001,20.001,20.001,20.001
2011-10-25 13:00:00,21.852,21.852,21.852,21.852,21.852,21.852,21.852,21.852,21.852,21.852,21.852,21.852
2011-10-25 14:00:00,22.651,22.651,22.651,22.651,22.651,22.651,22.651,22.651,22.651,22.651,22.651,22.651
2011-10-25 15:00:00,24.27,24.27,24.27,24.27,24.27,24.27,24.27,24.27,24.27,24.27,24.27,24.27
2011-10-25 16:00:00,24.27,24.27,24.27,24.27,24.27,24.27,24.27,24.27,24.27,24.27,24.27,24.27
2011-10-25 17:00:00,24.27,24.27,24.27,24.27,24.27,24.27,24.27,24.27,24.27,24.27,24.27,24.27
2011-10-25 18:00:00,24.27,24.27,24.27,24.27,24.27,24.27,24.27,24.27,24.27,24.27,24.27,24.27
2011-10-25 19:00:00,24.27,24.27,24.27,24.27,24.27,24.27,24.27,24.27,24.27,24.27,24.27,24.27
2011-10-25 20:00:00,24.27,24.27,24.27,24.27,24.27,24.27,24.27,24.27,24.27,24.27,24.27,24.27
2011-10-25 21:00:00,24.27,24.27,24.27,24.27,24.27,24.27,24.27,24.27,24.27,24.27,24.27,24.27
2011-10-25 22:00:00,24.27,24.27,24.27,24.27,24.27,24.27,24.27,24.27,24.27,24.27,24.27,24.27
2011-10-25 23:00:00,24.27,24.27,24.27,24.27,24.27,24.27,24.27,24.27,24.27,24.27,24.27,24.27
2011-10-26 00:00:00,23.472,23.472,23.472,23.472,23.472,23.472,23.472,23.472,23.472,23.472,23.472,23.472
2011-10-26 01:00:00,23.472,23.472,23.472,23.472,23.472,23.472,23.472,23.472,23.472,23.472,23.472,23.472
2011-10-26 02:00:00,23.472,23.472,23.472,23.472,23.472,23.472,23.472,23.472,23.472,23.472,23.472,23.472
2011-10-26 03:00:00,23.472,23.472,23.472,23.472,23.472,23.472,23.472,23.472,23.472,23.472,23.472,23.472
2011-10-26 04:00:00,23.472,23.472,23.472,23.472,23.472,23.472,23.472,23.472,23.472,23.472,23.472,23.472
2011-10-26 05:00:00,23.472,23.472,23.472,23.472,23.472,23.472,23.472,23.472,23.472,23.472,23.472,23.472
2011-10-26 06:00:00,22.318,22.318,22.318,22.318,22.318,22.318,22.318,22.318,22.318,22.318,22.318,22.318
2011-10-26 07:00:00,21.378,21.378,21.378,21.378,21.378,21.378,21.378,21.378,21.378,21.378,21.378,21.378
2011-10-26 08:00:00,20.606,20.606,20.606,20.606,20.606,20.606,20.606,20.606,20.606,20.606,20.606,20.606
2011-10-26 09:00:00,18.371,18.371,18.371,18.371,18.371,18.371,18.371,18.371,18.371,18.371,18.371,18.371
2011-10-26 10:00:00,18.371,18.371,18.371,18.371,18.371,18.371,18.371,18.371,18.371,18.371,18.371,18.371
2011-10-26 11:00:00,18.441,18.441,18.441,18.441,18.441,18.441,18.441,18.441,18.441,18.441,18.441,18.441
2011-10-26 12:00:00,19.442,19.442,19.442,19.442,19.442,19.442,19.442,19.442,19.442,19.442,19.442,19.442
2011-10-26 13:00:00,20.877,20.877,20.877,20.877,20.877,20.877,20.877,20.877,20.877,20.877,20.877,20.877
2011-10-26 14:00:00,21.09,21.09,21.09,21.09,21.09,21.09,21.09,21.09,21.09,21.09,21.09,21.09
2011-10-26 15:00:00,23.118,23.118,23.118,23.118,23.118,23.118,23.118,23.118,23.118,23.118,23.118,23.118
2011-10-26 16:00:00,23.472,23.472,23.472,23.472,23.472,23.472,23.472,23.472,23.472,23.472,23.472,23.472
2011-10-26 17:00:00,23.472,23.472,23.472,23.472,23.472,23.472,23.472,23.472,23.472,23.472,23.472,23.472
2011-10-26 18:00:00,23.472,23.472,23.472,23.472,23.472,23.472,23.472,23.472,23.472,23.472,23.472,23.472
2011-10-26 19:00:00,23.472,23.472,23.472,23.472,23.472,23.472,23.472,23.472,23.472,23.472,23.472,23.472
2011-10-26 20:00:00,23.472,23.472,23.472,23.472,23.472,23.472,23.472,23.472,23.472,23.472,23.472,23.472
2011-10-26 21:00:00,23.472,23.472,23.472,23.472,23.472,23.472,23.472,23.472,23.472,23.472,23.472,23.472
2011-10-26 22:00:00,23.472,23.472,23.472,23.472,23.472,23.472,23.472,23.472,23.472,23.472,23.472,23.472
2011-10-26 23:00:00,23.472,23.472,23.472,23.472,23.472,23.472,23.472,23.472,23.472,23.472,23.472,23.472
2011-10-27 00:00:00,23.868,23.868,23.868,23.868,23.868,23.868,23.868,23.868,23.868,23.868,23.868,23.868
2011-10-27 01:00:00,23.868,23.868,23.868,23.868,23.868,23.868,23.868,23.868,23.868,23.868,23.868,23.868
2011-10-27 02:00:00,23.868,23.868,23.868,23.868,23.868,23.868,23.868,23.868,23.868,23.868,23.868,23.868
2011-10-27 03:00:00,23.868,23.868,23.868,23.868,23.868,23.868,23.868,23.868,23.868,23.868,23.868,23.868
2011-10-27 04:00:00,23.868,23.868,23.868,23.868,23.868,23.868,23.868,23.868,23.868,23.868,23.868,23.868
2011-10-27 05:00:00,23.969,23.969,23.969,23.969,23.969,23.969,23.969,23.969,23.969,23.969,23.969,23.969
2011-10-27 06:00:00,23.573,23.573,23.573,23.573,23.573,23.573,23.573,23.573,23.573,23.573,23.573,23.573
2011-10-27 07:00:00,22.24,22.24,22.24,22.24,22.24,22.24,22.24,22.24,22.24,22.24,22.24,22.24
2011-10-27 08:00:00,21.378,21.378,21.378,21.378,21.378,21.378,21.378,21.378,21.378,21.378,21.378,21.378
2011-10-27 09:00:00,20.094,20.094,20.094,20.094,20.094,20.094,20.094,20.094,20.094,20.094,20.094,20.094
2011-10-27 10:00:00,20.094,20.094,20.094,20.094,20.094,20.094,20.094,20.094,20.094,20.094,20.094,20.094
2011-10-27 11:00:00,20.094,20.094,20.094,20.094,20.094,20.094,20.094,20.094,20.094,20.094,20.094,20.094
2011-10-27 12:00:00,20.188,20.188,20.188,20.188,20.188,20.188,20.188,20.188,20.188,20.188,20.188,20.188
2011-10-27 13:00:00,22.089,22.089,22.089,22.089,22.089,22.089,22.089,22.089,22.089,22.089,22.089,22.089
2011-10-27 14:00:00,22.218,22.218,22.218,22.218,22.218,22.218,22.218,22.218,22.218,22.218,22.218,22.218
2011-10-27 15:00:00,23.494,23.494,23.494,23.494,23.494,23.494,23.494,23.494,23.494,23.494,23.494,23.494
2011-10-27 16:00:00,23.871,23.871,23.871,23.871,23.871,23.871,23.871,23.871,23.871,23.871,23.871,23.871
2011-10-27 17:00:00,23.868,23.868,23.868,23.868,23.868,23.868,23.868,23.868,23.868,23.868,23.868,23.868
2011-10-27 18:00:00,23.868,23.868,23.868,23.868,23.868,23.868,23.868,23.868,23.868,23.868,23.868,23.868
2011-10-27 19:00:00,23.868,23.868,23.868,23.868,23.868,23.868,23.868,23.868,23.868,23.868,23.868,23.868
2011-10-27 20:00:00,23.868,23.868,23.868,23.868,23.868,23.868,23.868,23.868,23.868,23.868,23.868,23.868
2011-10-27 21:00:00,23.868,23.868,23.868,23.868,23.868,23.868,23.868,23.868,23.868,23.868,23.868,23.868
2011-10-27 22:00:00,23.868,23.868,23.868,23.868,23.868,23.868,23.868,23.868,23.868,23.868,23.868,23.868
2011-10-27 23:00:00,23.868,23.868,23.868,23.868,23.868,23.868,23.868,23.868,23.868,23.868,23.868,23.868
2011-10-28 00:00:00,26.448,26.448,26.448,26.448,26.448,26.448,26.448,26.448,26.448,26.448,26.448,26.448
2011-10-28 01:00:00,26.448,26.448,26.448,26.448,26.448,26.448,26.448,26.448,26.448,26.448,26.448,26.448
2011-10-28 02:00:00,26.448,26.448,26.448,26.448,26.448,26.448,26.448,26.448,26.448,26.448,26.448,26.448
2011-10-28 03:00:00,26.448,26.448,26.448,26.448,26.448,26.448,26.448,26.448,26.448,26.448,26.448,26.448
2011-10-28 04:00:00,26.448,26.448,26.448,26.448,26.448,26.448,26.448,26.448,26.448,26.448,26.448,26.448
2011-10-28 05:00:00,26.448,26.448,26.448,26.448,26.448,26.448,26.448,26.448,26.448,26.448,26.448,26.448
2011-10-28 06:00:00,25.829,25.829,25.829,25.829,25.829,25.829,25.829,25.829,25.829,25.829,25.829,25.829
2011-10-28 07:00:00,24.447,24.447,24.447,24.447,24.447,24.447,24.447,24.447,24.447,24.447,24.447,24.447
2011-10-28 08:00:00,23.514,23.514,23.514,23.514,23.514,23.514,23.514,23.514,23.514,23.514,23.514,23.514
2011-10-28 09:00:00,21.416,21.416,21.416,21.416,21.416,21.416,21.416,21.416,21.416,21.416,21.416,21.416
2011-10-28 10:00:00,21.364,21.364,21.364,21.364,21.364,21.364,21.364,21.364,21.364,21.364,21.364,21.364
2011-10-28 11:00:00,21.364,21.364,21.364,21.364,21.364,21.364,21.364,21.364,21.364,21.364,21.364,21.364
2011-10-28 12:00:00,21.831,21.831,21.831,21.831,21.831,21.831,21.831,21.831,21.831,21.831,21.831,21.831
2011-10-28 13:00:00,23.484,23.484,23.484,23.484,23.484,23.484,23.484,23.484,23.484,23.484,23.484,23.484
2011-10-28 14:00:00,23.484,23.484,23.484,23.484,23.484,23.484,23.484,23.484,23.484,23.484,23.484,23.484
2011-10-28 15:00:00,26.448,26.448,26.448,26.448,26.448,26.448,26.448,26.448,26.448,26.448,26.448,26.448
2011-10-28 16:00:00,35.75,35.75,35.75,35.75,35.75,35.75,35.75,35.75,35.75,35.75,35.75,35.75
2011-10-28 17:00:00,35.75,35.75,35.75,35.75,35.75,35.75,35.75,35.75,35.75,35.75,35.75,35.75
2011-10-28 18:00:00,35.75,35.75,35.75,35.75,35.75,35.75,35.75,35.75,35.75,35.75,35.75,35.75
2011-10-28 19:00:00,35.75,35.75,35.75,35.75,35.75,35.75,35.75,35.75,35.75,35.75,35.75,35.75
2011-10-28 20:00:00,35.75,35.75,35.75,35.75,35.75,35.75,35.75,35.75,35.75,35.75,35.75,35.75
2011-10-28 21:00:00,35.75,35.75,35.75,35.75,35.75,35.75,35.75,35.75,35.75,35.75,35.75,35.75
2011-10-28 22:00:00,35.367,35.367,35.367,35.367,35.367,35.367,35.367,35.367,35.367,35.367,35.367,35.367
2011-10-28 23:00:00,35.367,35.367,35.367,35.367,35.367,35.367,35.367,35.367,35.367,35.367,35.367,35.367
2011-10-29 00:00:00,17.027,17.027,17.027,17.027,17.027,17.027,17.027,17.027,17.027,17.027,17.027,17.027
2011-10-29 01:00:00,17.027,17.027,17.027,17.027,17.027,17.027,17.027,17.027,17.027,17.027,17.027,17.027
2011-10-29 02:00:00,17.07,17.07,17.07,17.07,17.07,17.07,17.07,17.07,17.07,17.07,17.07,17.07
2011-10-29 03:00:00,18.62,18.62,18.62,18.62,18.62,18.62,18.62,18.62,18.62,18.62,18.62,18.62
2011-10-29 04:00:00,23.358,23.358,23.358,23.358,23.358,23.358,23.358,23.358,23.358,23.358,23.358,23.358
2011-10-29 05:00:00,23.358,23.358,23.358,23.358,23.358,23.358,23.358,23.358,23.358,23.358,23.358,23.358
2011-10-29 06:00:00,19.163,19.163,19.163,19.163,19.163,19.163,19.163,19.163,19.163,19.163,19.163,19.163
2011-10-29 07:00:00,18.725,18.725,18.725,18.725,18.725,18.725,18.725,18.725,18.725,18.725,18.725,18.725
2011-10-29 08:00:00,17.027,17.027,17.027,17.027,17.027,17.027,17.027,17.027,17.027,17.027,17.027,17.027
2011-10-29 09:00:00,16.954,16.954,16.954,16.954,16.954,16.954,16.954,16.954,16.954,16.954,16.954,16.954
2011-10-29 10:00:00,16.954,16.954,16.954,16.954,16.954,16.954,16.954,16.954,16.954,16.954,16.954,16.954
2011-10-29 11:00:00,16.954,16.954,16.954,16.954,16.954,16.954,16.954,16.954,16.954,16.954,16.954,16.954
2011-10-29 12:00:00,16.954,16.954,16.954,16.954,16.954,16.954,16.954,16.954,16.954,16.954,16.954,16.954
2011-10-29 13:00:00,16.954,16.954,16.954,16.954,16.954,16.954,16.954,16.954,16.954,16.954,16.954,16.954
2011-10-29 14:00:00,16.954,16.954,16.954,16.954,16.954,16.954,16.954,16.954,16.954,16.954,16.954,16.954
2011-10-29 15:00:00,16.954,16.954,16.954,16.954,16.954,16.954,16.954,16.954,16.954,16.954,16.954,16.954
2011-10-29 16:00:00,16.954,16.954,16.954,16.954,16.954,16.954,16.954,16.954,16.954,16.954,16.954,16.954
2011-10-29 17:00:00,16.954,16.954,16.954,16.954,16.954,16.954,16.954,16.954,16.954,16.954,16.954,16.954
2011-10-29 18:00:00,16.954,16.954,16.954,16.954,16.954,16.954,16.954,16.954,16.954,16.954,16.954,16.954
2011-10-29 19:00:00,16.954,16.954,16.954,16.954,16.954,16.954,16.954,16.954,16.954,16.954,16.954,16.954
2011-10-29 20:00:00,16.954,16.954,16.954,16.954,16.954,16.954,16.954,16.954,16.954,16.954,16.954,16.954
2011-10-29 21:00:00,16.954,16.954,16.954,16.954,16.954,16.954,16.954,16.954,16.954,16.954,16.954,16.954
2011-10-29 22:00:00,16.954,16.954,16.954,16.954,16.954,16.954,16.954,16.954,16.954,16.954,16.954,16.954
2011-10-29 23:00:00,16.954,16.954,16.954,16.954,16.954,16.954,16.954,16.954,16.954,16.954,16.954,16.954
2011-10-30 00:00:00,27.47,27.47,27.47,27.47,27.47,27.47,27.47,27.47,27.47,27.47,27.47,27.47
2011-10-30 01:00:00,27.47,27.47,27.47,27.47,27.47,27.47,27.47,27.47,27.47,27.47,27.47,27.47
2011-10-30 02:00:00,27.47,27.47,27.47,27.47,27.47,27.47,27.47,27.47,27.47,27.47,27.47,27.47
2011-10-30 03:00:00,27.47,27.47,27.47,27.47,27.47,27.47,27.47,27.47,27.47,27.47,27.47,27.47
2011-10-30 04:00:00,27.47,27.47,27.47,27.47,27.47,27.47,27.47,27.47,27.47,27.47,27.47,27.47
2011-10-30 05:00:00,27.47,27.47,27.47,27.47,27.47,27.47,27.47,27.47,27.47,27.47,27.47,27.47
2011-10-30 06:00:00,27.47,27.47,27.47,27.47,27.47,27.47,27.47,27.47,27.47,27.47,27.47,27.47
2011-10-30 07:00:00,27.47,27.47,27.47,27.47,27.47,27.47,27.47,27.47,27.47,27.47,27.47,27.47
2011-10-30 08:00:00,25.893,25.893,25.893,25.893,25.893,25.893,25.893,25.893,25.893,25.893,25.893,25.893
2011-10-30 09:00:00,19.74,19.74,19.74,19.74,19.74,19.74,19.74,19.74,19.74,19.74,19.74,19.74
2011-10-30 10:00:00,19.74,19.74,19.74,19.74,19.74,19.74,19.74,19.74,19.74,19.74,19.74,19.74
2011-10-30 11:00:00,19.74,19.74,19.74,19.74,19.74,19.74,19.74,19.74,19.74,19.74,19.74,19.74
2011-10-30 12:00:00,19.74,19.74,19.74,19.74,19.74,19.74,19.74,19.74,19.74,19.74,19.74,19.74
2011-10-30 13:00:00,20.687,20.687,20.687,20.687,20.687,20.687,20.687,20.687,20.687,20.687,20.687,20.687
2011-10-30 14:00:00,26.975,26.975,26.975,26.975,26.975,26.975,26.975,26.975,26.975,26.975,26.975,26.975
2011-10-30 15:00:00,27.47,27.47,27.47,27.47,27.47,27.47,27.47,27.47,27.47,27.47,27.47,27.47
2011-10-30 16:00:00,27.484,27.484,27.484,27.484,27.484,27.484,27.484,27.484,27.484,27.484,27.484,27.484
2011-10-30 17:00:00,27.56,27.56,27.56,27.56,27.56,27.56,27.56,27.56,27.56,27.56,27.56,27.56
2011-10-30 18:00:00,27.47,27.47,27.47,27.47,27.47,27.47,27.47,27.47,27.47,27.47,27.47,27.47
2011-10-30 19:00:00,27.47,27.47,27.47,27.47,27.47,27.47,27.47,27.47,27.47,27.47,27.47,27.47
2011-10-30 20:00:00,27.47,27.47,27.47,27.47,27.47,27.47,27.47,27.47,27.47,27.47,27.47,27.47
2011-10-30 21:00:00,27.47,27.47,27.47,27.47,27.47,27.47,27.47,27.47,27.47,27.47,27.47,27.47
2011-10-30 22:00:00,27.47,27.47,27.47,27.47,27.47,27.47,27.47,27.47,27.47,27.47,27.47,27.47
2011-10-30 23:00:00,27.47,27.47,27.47,27.47,27.47,27.47,27.47,27.47,27.47,27.47,27.47,27.47
2011-10-31 00:00:00,29.606,29.606,29.606,29.606,29.606,29.606,29.606,29.606,29.606,29.606,29.606,29.606
2011-10-31 01:00:00,29.606,29.606,29.606,29.606,29.606,29.606,29.606,29.606,29.606,29.606,29.606,29.606
2011-10-31 02:00:00,29.606,29.606,29.606,29.606,29.606,29.606,29.606,29.606,29.606,29.606,29.606,29.606
2011-10-31 03:00:00,29.606,29.606,29.606,29.606,29.606,29.606,29.606,29.606,29.606,29.606,29.606,29.606
2011-10-31 04:00:00,29.606,29.606,29.606,29.606,29.606,29.606,29.606,29.606,29.606,29.606,29.606,29.606
2011-10-31 05:00:00,29.606,29.606,29.606,29.606,29.606,29.606,29.606,29.606,29.606,29.606,29.606,29.606
2011-10-31 06:00:00,29.352,29.352,29.352,29.352,29.352,29.352,29.352,29.352,29.352,29.352,29.352,29.352
2011-10-31 07:00:00,28.828,28.828,28.828,28.828,28.828,28.828,28.828,28.828,28.828,28.828,28.828,28.828
2011-10-31 08:00:00,27.361,27.361,27.361,27.361,27.361,27.361,27.361,27.361,27.361,27.361,27.361,27.361
2011-10-31 09:00:00,22.832,22.832,22.832,22.832,22.832,22.832,22.832,22.832,22.832,22.832,22.832,22.832
2011-10-31 10:00:00,22.832,22.832,22.832,22.832,22.832,22.832,22.832,22.832,22.832,22.832,22.832,22.832
2011-10-31 11:00:00,22.832,22.832,22.832,22.832,22.832,22.832,22.832,22.832,22.832,22.832,22.832,22.832
2011-10-31 12:00:00,22.832,22.832,22.832,22.832,22.832,22.832,22.832,22.832,22.832,22.832,22.832,22.832
2011-10-31 13:00:00,27.082,27.082,27.082,27.082,27.082,27.082,27.082,27.082,27.082,27.082,27.082,27.082
2011-10-31 14:00:00,28.481,28.481,28.481,28.481,28.481,28.481,28.481,28.481,28.481,28.481,28.481,28.481
2011-10-31 15:00:00,30.413,30.413,30.413,30.413,30.413,30.413,30.413,30.413,30.413,30.413,30.413,30.413
2011-10-31 16:00:00,31.889,31.889,31.889,31.889,31.889,31.889,31.889,31.889,31.889,31.889,31.889,31.889
2011-10-31 17:00:00,31.67,31.67,31.67,31.67,31.67,31.67,31.67,31.67,31.67,31.67,31.67,31.67
2011-10-31 18:00:00,29.606,29.606,29.606,29.606,29.606,29.606,29.606,29.606,29.606,29.606,29.606,29.606
2011-10-31 19:00:00,29.606,29.606,29.606,29.606,29.606,29.606,29.606,29.606,29.606,29.606,29.606,29.606
2011-10-31 20:00:00,29.606,29.606,29.606,29.606,29.606,29.606,29.606,29.606,29.606,29.606,29.606,29.606
2011-10-31 21:00:00,29.606,29.606,29.606,29.606,29.606,29.606,29.606,29.606,29.606,29.606,29.606,29.606
2011-10-31 22:00:00,29.606,29.606,29.606,29.606,29.606,29.606,29.606,29.606,29.606,29.606,29.606,29.606
2011-10-31 23:00:00,29.606,29.606,29.606,29.606,29.606,29.606,29.606,29.606,29.606,29.606,29.606,29.606
2011-11-01 00:00:00,24.063,24.063,24.063,24.063,24.063,24.063,24.063,24.063,24.063,24.063,24.063,24.063
2011-11-01 01:00:00,24.019,24.019,24.019,24.019,24.019,24.019,24.019,24.019,24.019,24.019,24.019,24.019
2011-11-01 02:00:00,24.019,24.019,24.019,24.019,24.019,24.019,24.019,24.019,24.019,24.019,24.019,24.019
2011-11-01 03:00:00,24.019,24.019,24.019,24.019,24.019,24.019,24.019,24.019,24.019,24.019,24.019,24.019
2011-11-01 04:00:00,24.019,24.019,24.019,24.019,24.019,24.019,24.019,24.019,24.019,24.019,24.019,24.019
2011-11-01 05:00:00,24.266,24.266,24.266,24.266,24.266,24.266,24.266,24.266,24.266,24.266,24.266,24.266
2011-11-01 06:00:00,23.437,23.437,23.437,23.437,23.437,23.437,23.437,23.437,23.437,23.437,23.437,23.437
2011-11-01 07:00:00,22.806,22.806,22.806,22.806,22.806,22.806,22.806,22.806,22.806,22.806,22.806,22.806
2011-11-01 08:00:00,21.969,21.969,21.969,21.969,21.969,21.969,21.969,21.969,21.969,21.969,21.969,21.969
2011-11-01 09:00:00,20.469,20.469,20.469,20.469,20.469,20.469,20.469,20.469,20.469,20.469,20.469,20.469
2011-11-01 10:00:00,20.283,20.283,20.283,20.283,20.283,20.283,20.283,20.283,20.283,20.283,20.283,20.283
2011-11-01 11:00:00,20.283,20.283,20.283,20.283,20.283,20.283,20.283,20.283,20.283,20.283,20.283,20.283
2011-11-01 12:00:00,20.283,20.283,20.283,20.283,20.283,20.283,20.283,20.283,20.283,20.283,20.283,20.283
2011-11-01 13:00:00,21.6,21.6,21.6,21.6,21.6,21.6,21.6,21.6,21.6,21.6,21.6,21.6
2011-11-01 14:00:00,22.656,22.656,22.656,22.656,22.656,22.656,22.656,22.656,22.656,22.656,22.656,22.656
2011-11-01 15:00:00,24.019,24.019,24.019,24.019,24.019,24.019,24.019,24.019,24.019,24.019,24.019,24.019
2011-11-01 16:00:00,24.019,24.019,24.019,24.019,24.019,24.019,24.019,24.019,24.019,24.019,24.019,24.019
2011-11-01 17:00:00,24.019,24.019,24.019,24.019,24.019,24.019,24.019,24.019,24.019,24.019,24.019,24.019
2011-11-01 18:00:00,24.019,24.019,24.019,24.019,24.019,24.019,24.019,24.019,24.019,24.019,24.019,24.019
2011-11-01 19:00:00,24.019,24.019,24.019,24.019,24.019,24.019,24.019,24.019,24.019,24.019,24.019,24.019
2011-11-01 20:00:00,24.019,24.019,24.019,24.019,24.019,24.019,24.019,24.019,24.019,24.019,24.019,24.019
2011-11-01 21:00:00,24.019,24.019,24.019,24.019,24.019,24.019,24.019,24.019,24.019,24.019,24.019,24.019
2011-11-01 22:00:00,24.019,24.019,24.019,24.019,24.019,24.019,24.019,24.019,24.019,24.019,24.019,24.019
2011-11-01 23:00:00,24.019,24.019,24.019,24.019,24.019,24.019,24.019,24.019,24.019,24.019,24.019,24.019
2011-11-02 00:00:00,27.73,27.73,27.73,27.73,27.73,27.73,27.73,27.73,27.73,27.73,27.73,27.73
2011-11-02 01:00:00,27.73,27.73,27.73,27.73,27.73,27.73,27.73,27.73,27.73,27.73,27.73,27.73
2011-11-02 02:00:00,27.73,27.73,27.73,27.73,27.73,27.73,27.73,27.73,27.73,27.73,27.73,27.73
2011-11-02 03:00:00,27.73,27.73,27.73,27.73,27.73,27.73,27.73,27.73,27.73,27.73,27.73,27.73
2011-11-02 04:00:00,27.73,27.73,27.73,27.73,27.73,27.73,27.73,27.73,27.73,27.73,27.73,27.73
2011-11-02 05:00:00,27.73,27.73,27.73,27.73,27.73,27.73,27.73,27.73,27.73,27.73,27.73,27.73
2011-11-02 06:00:00,28.635,28.635,28.635,28.635,28.635,28.635,28.635,28.635,28.635,28.635,28.635,28.635
2011-11-02 07:00:00,25.482,25.482,25.482,25.482,25.482,25.482,25.482,25.482,25.482,25.482,25.482,25.482
2011-11-02 08:00:00,25.421,25.421,25.421,25.421,25.421,25.421,25.421,25.421,25.421,25.421,25.421,25.421
2011-11-02 09:00:00,24.09,24.09,24.09,24.09,24.09,24.09,24.09,24.09,24.09,24.09,24.09,24.09
2011-11-02 10:00:00,24.131,24.131,24.131,24.131,24.131,24.131,24.131,24.131,24.131,24.131,24.131,24.131
2011-11-02 11:00:00,24.131,24.131,24.131,24.131,24.131,24.131,24.131,24.131,24.131,24.131,24.131,24.131
2011-11-02 12:00:00,24.131,24.131,24.131,24.131,24.131,24.131,24.131,24.131,24.131,24.131,24.131,24.131
2011-11-02 13:00:00,26.222,26.222,26.222,26.222,26.222,26.222,26.222,26.222,26.222,26.222,26.222,26.222
2011-11-02 14:00:00,26.253,26.253,26.253,26.253,26.253,26.253,26.253,26.253,26.253,26.253,26.253,26.253
2011-11-02 15:00:00,27.73,27.73,27.73,27.73,27.73,27.73,27.73,27.73,27.73,27.73,27.73,27.73
2011-11-02 16:00:00,27.73,27.73,27.73,27.73,27.73,27.73,27.73,27.73,27.73,27.73,27.73,27.73
2011-11-02 17:00:00,27.73,27.73,27.73,27.73,27.73,27.73,27.73,27.73,27.73,27.73,27.73,27.73
2011-11-02 18:00:00,27.73,27.73,27.73,27.73,27.73,27.73,27.73,27.73,27.73,27.73,27.73,27.73
2011-11-02 19:00:00,27.73,27.73,27.73,27.73,27.73,27.73,27.73,27.73,27.73,27.73,27.73,27.73
2011-11-02 20:00:00,27.73,27.73,27.73,27.73,27.73,27.73,27.73,27.73,27.73,27.73,27.73,27.73
2011-11-02 21:00:00,27.73,27.73,27.73,27.73,27.73,27.73,27.73,27.73,27.73,27.73,27.73,27.73
2011-11-02 22:00:00,27.73,27.73,27.73,27.73,27.73,27.73,27.73,27.73,27.73,27.73,27.73,27.73
2011-11-02 23:00:00,27.73,27.73,27.73,27.73,27.73,27.73,27.73,27.73,27.73,27.73,27.73,27.73
2011-11-03 00:00:00,23.097,23.097,23.097,23.097,23.097,23.097,23.097,23.097,23.097,23.097,23.097,23.097
2011-11-03 01:00:00,23.097,23.097,23.097,23.097,23.097,23.097,23.097,23.097,23.097,23.097,23.097,23.097
2011-11-03 02:00:00,23.097,23.097,23.097,23.097,23.097,23.097,23.097,23.097,23.097,23.097,23.097,23.097
2011-11-03 03:00:00,23.097,23.097,23.097,23.097,23.097,23.097,23.097,23.097,23.097,23.097,23.097,23.097
2011-11-03 04:00:00,23.097,23.097,23.097,23.097,23.097,23.097,23.097,23.097,23.097,23.097,23.097,23.097
2011-11-03 05:00:00,23.194,23.194,23.194,23.194,23.194,23.194,23.194,23.194,23.194,23.194,23.194,23.194
2011-11-03 06:00:00,23.41,23.41,23.41,23.41,23.41,23.41,23.41,23.41,23.41,23.41,23.41,23.41
2011-11-03 07:00:00,22.88,22.88,22.88,22.88,22.88,22.88,22.88,22.88,22.88,22.88,22.88,22.88
2011-11-03 08:00:00,21.246,21.246,21.246,21.246,21.246,21.246,21.246,21.246,21.246,21.246,21.246,21.246
2011-11-03 09:00:00,20.63,20.63,20.63,20.63,20.63,20.63,20.63,20.63,20.63,20.63,20.63,20.63
2011-11-03 10:00:00,21.292,21.292,21.292,21.292,21.292,21.292,21.292,21.292,21.292,21.292,21.292,21.292
2011-11-03 11:00:00,21.423,21.423,21.423,21.423,21.423,21.423,21.423,21.423,21.423,21.423,21.423,21.423
2011-11-03 12:00:00,21.635,21.635,21.635,21.635,21.635,21.635,21.635,21.635,21.635,21.635,21.635,21.635
2011-11-03 13:00:00,22.803,22.803,22.803,22.803,22.803,22.803,22.803,22.803,22.803,22.803,22.803,22.803
2011-11-03 14:00:00,22.967,22.967,22.967,22.967,22.967,22.967,22.967,22.967,22.967,22.967,22.967,22.967
2011-11-03 15:00:00,23.806,23.806,23.806,23.806,23.806,23.806,23.806,23.806,23.806,23.806,23.806,23.806
2011-11-03 16:00:00,23.19,23.19,23.19,23.19,23.19,23.19,23.19,23.19,23.19,23.19,23.19,23.19
2011-11-03 17:00:00,23.097,23.097,23.097,23.097,23.097,23.097,23.097,23.097,23.097,23.097,23.097,23.097
2011-11-03 18:00:00,23.097,23.097,23.097,23.097,23.097,23.097,23.097,23.097,23.097,23.097,23.097,23.097
2011-11-03 19:00:00,23.097,23.097,23.097,23.097,23.097,23.097,23.097,23.097,23.097,23.097,23.097,23.097
2011-11-03 20:00:00,23.097,23.097,23.097,23.097,23.097,23.097,23.097,23.097,23.097,23.097,23.097,23.097
2011-11-03 21:00:00,23.097,23.097,23.097,23.097,23.097,23.097,23.097,23.097,23.097,23.097,23.097,23.097
2011-11-03 22:00:00,23.097,23.097,23.097,23.097,23.097,23.097,23.097,23.097,23.097,23.097,23.097,23.097
2011-11-03 23:00:00,23.097,23.097,23.097,23.097,23.097,23.097,23.097,23.097,23.097,23.097,23.097,23.097
2011-11-04 00:00:00,23.563,23.563,23.563,23.563,23.563,23.563,23.563,23.563,23.563,23.563,23.563,23.563
2011-11-04 01:00:00,23.563,23.563,23.563,23.563,23.563,23.563,23.563,23.563,23.563,23.563,23.563,23.563
2011-11-04 02:00:00,23.563,23.563,23.563,23.563,23.563,23.563,23.563,23.563,23.563,23.563,23.563,23.563
2011-11-04 03:00:00,23.563,23.563,23.563,23.563,23.563,23.563,23.563,23.563,23.563,23.563,23.563,23.563
2011-11-04 04:00:00,23.563,23.563,23.563,23.563,23.563,23.563,23.563,23.563,23.563,23.563,23.563,23.563
2011-11-04 05:00:00,23.563,23.563,23.563,23.563,23.563,23.563,23.563,23.563,23.563,23.563,23.563,23.563
2011-11-04 06:00:00,23.136,23.136,23.136,23.136,23.136,23.136,23.136,23.136,23.136,23.136,23.136,23.136
2011-11-04 07:00:00,22.106,22.106,22.106,22.106,22.106,22.106,22.106,22.106,22.106,22.106,22.106,22.106
2011-11-04 08:00:00,20.98,20.98,20.98,20.98,20.98,20.98,20.98,20.98,20.98,20.98,20.98,20.98
2011-11-04 09:00:00,19.962,19.962,19.962,19.962,19.962,19.962,19.962,19.962,19.962,19.962,19.962,19.962
2011-11-04 10:00:00,19.75,19.75,19.75,19.75,19.75,19.75,19.75,19.75,19.75,19.75,19.75,19.75
2011-11-04 11:00:00,19.853,19.853,19.853,19.853,19.853,19.853,19.853,19.853,19.853,19.853,19.853,19.853
2011-11-04 12:00:00,20.306,20.306,20.306,20.306,20.306,20.306,20.306,20.306,20.306,20.306,20.306,20.306
2011-11-04 13:00:00,22.671,22.671,22.671,22.671,22.671,22.671,22.671,22.671,22.671,22.671,22.671,22.671
2011-11-04 14:00:00,23.37,23.37,23.37,23.37,23.37,23.37,23.37,23.37,23.37,23.37,23.37,23.37
2011-11-04 15:00:00,23.563,23.563,23.563,23.563,23.563,23.563,23.563,23.563,23.563,23.563,23.563,23.563
2011-11-04 16:00:00,23.563,23.563,23.563,23.563,23.563,23.563,23.563,23.563,23.563,23.563,23.563,23.563
2011-11-04 17:00:00,23.563,23.563,23.563,23.563,23.563,23.563,23.563,23.563,23.563,23.563,23.563,23.563
2011-11-04 18:00:00,23.563,23.563,23.563,23.563,23.563,23.563,23.563,23.563,23.563,23.563,23.563,23.563
2011-11-04 19:00:00,23.563,23.563,23.563,23.563,23.563,23.563,23.563,23.563,23.563,23.563,23.563,23.563
2011-11-04 20:00:00,23.563,23.563,23.563,23.563,23.563,23.563,23.563,23.563,23.563,23.563,23.563,23.563
2011-11-04 21:00:00,23.563,23.563,23.563,23.563,23.563,23.563,23.563,23.563,23.563,23.563,23.563,23.563
2011-11-04 22:00:00,23.741,23.741,23.741,23.741,23.741,23.741,23.741,23.741,23.741,23.741,23.741,23.741
2011-11-04 23:00:00,23.741,23.741,23.741,23.741,23.741,23.741,23.741,23.741,23.741,23.741,23.741,23.741
2011-11-05 00:00:00,22.927,22.927,22.927,22.927,22.927,22.927,22.927,22.927,22.927,22.927,22.927,22.927
2011-11-05 01:00:00,22.927,22.927,22.927,22.927,22.927,22.927,22.927,22.927,22.927,22.927,22.927,22.927
2011-11-05 02:00:00,22.927,22.927,22.927,22.927,22.927,22.927,22.927,22.927,22.927,22.927,22.927,22.927
2011-11-05 03:00:00,22.927,22.927,22.927,22.927,22.927,22.927,22.927,22.927,22.927,22.927,22.927,22.927
2011-11-05 04:00:00,22.927,22.927,22.927,22.927,22.927,22.927,22.927,22.927,22.927,22.927,22.927,22.927
2011-11-05 05:00:00,22.927,22.927,22.927,22.927,22.927,22.927,22.927,22.927,22.927,22.927,22.927,22.927
2011-11-05 06:00:00,22.927,22.927,22.927,22.927,22.927,22.927,22.927,22.927,22.927,22.927,22.927,22.927
2011-11-05 07:00:00,22.927,22.927,22.927,22.927,22.927,22.927,22.927,22.927,22.927,22.927,22.927,22.927
2011-11-05 08:00:00,20.884,20.884,20.884,20.884,20.884,20.884,20.884,20.884,20.884,20.884,20.884,20.884
2011-11-05 09:00:00,20.338,20.338,20.338,20.338,20.338,20.338,20.338,20.338,20.338,20.338,20.338,20.338
2011-11-05 10:00:00,20.515,20.515,20.515,20.515,20.515,20.515,20.515,20.515,20.515,20.515,20.515,20.515
2011-11-05 11:00:00,20.582,20.582,20.582,20.582,20.582,20.582,20.582,20.582,20.582,20.582,20.582,20.582
2011-11-05 12:00:00,21.01,21.01,21.01,21.01,21.01,21.01,21.01,21.01,21.01,21.01,21.01,21.01
2011-11-05 13:00:00,22.114,22.114,22.114,22.114,22.114,22.114,22.114,22.114,22.114,22.114,22.114,22.114
2011-11-05 14:00:00,22.927,22.927,22.927,22.927,22.927,22.927,22.927,22.927,22.927,22.927,22.927,22.927
2011-11-05 15:00:00,23.645,23.645,23.645,23.645,23.645,23.645,23.645,23.645,23.645,23.645,23.645,23.645
2011-11-05 16:00:00,23.645,23.645,23.645,23.645,23.645,23.645,23.645,23.645,23.645,23.645,23.645,23.645
2011-11-05 17:00:00,23.498,23.498,23.498,23.498,23.498,23.498,23.498,23.498,23.498,23.498,23.498,23.498
2011-11-05 18:00:00,22.927,22.927,22.927,22.927,22.927,22.927,22.927,22.927,22.927,22.927,22.927,22.927
2011-11-05 19:00:00,22.927,22.927,22.927,22.927,22.927,22.927,22.927,22.927,22.927,22.927,22.927,22.927
2011-11-05 20:00:00,22.927,22.927,22.927,22.927,22.927,22.927,22.927,22.927,22.927,22.927,22.927,22.927
2011-11-05 21:00:00,22.927,22.927,22.927,22.927,22.927,22.927,22.927,22.927,22.927,22.927,22.927,22.927
2011-11-05 22:00:00,22.927,22.927,22.927,22.927,22.927,22.927,22.927,22.927,22.927,22.927,22.927,22.927
2011-11-05 23:00:00,22.927,22.927,22.927,22.927,22.927,22.927,22.927,22.927,22.927,22.927,22.927,22.927
2011-11-06 00:00:00,25.254,25.254,25.254,25.254,25.254,25.254,25.254,25.254,25.254,25.254,25.254,25.254
2011-11-06 01:00:00,25.254,25.254,25.254,25.254,25.254,25.254,25.254,25.254,25.254,25.254,25.254,25.254
2011-11-06 02:00:00,25.254,25.254,25.254,25.254,25.254,25.254,25.254,25.254,25.254,25.254,25.254,25.254
2011-11-06 03:00:00,25.254,25.254,25.254,25.254,25.254,25.254,25.254,25.254,25.254,25.254,25.254,25.254
2011-11-06 04:00:00,25.254,25.254,25.254,25.254,25.254,25.254,25.254,25.254,25.254,25.254,25.254,25.254
2011-11-06 05:00:00,25.254,25.254,25.254,25.254,25.254,25.254,25.254,25.254,25.254,25.254,25.254,25.254
2011-11-06 06:00:00,25.254,25.254,25.254,25.254,25.254,25.254,25.254,25.254,25.254,25.254,25.254,25.254
2011-11-06 07:00:00,25.254,25.254,25.254,25.254,25.254,25.254,25.254,25.254,25.254,25.254,25.254,25.254
2011-11-06 08:00:00,23.115,23.115,23.115,23.115,23.115,23.115,23.115,23.115,23.115,23.115,23.115,23.115
2011-11-06 09:00:00,20.903,20.903,20.903,20.903,20.903,20.903,20.903,20.903,20.903,20.903,20.903,20.903
2011-11-06 10:00:00,20.903,20.903,20.903,20.903,20.903,20.903,20.903,20.903,20.903,20.903,20.903,20.903
2011-11-06 11:00:00,20.916,20.916,20.916,20.916,20.916,20.916,20.916,20.916,20.916,20.916,20.916,20.916
2011-11-06 12:00:00,21.493,21.493,21.493,21.493,21.493,21.493,21.493,21.493,21.493,21.493,21.493,21.493
2011-11-06 13:00:00,21.545,21.545,21.545,21.545,21.545,21.545,21.545,21.545,21.545,21.545,21.545,21.545
2011-11-06 14:00:00,23.538,23.538,23.538,23.538,23.538,23.538,23.538,23.538,23.538,23.538,23.538,23.538
2011-11-06 15:00:00,25.254,25.254,25.254,25.254,25.254,25.254,25.254,25.254,25.254,25.254,25.254,25.254
2011-11-06 16:00:00,25.254,25.254,25.254,25.254,25.254,25.254,25.254,25.254,25.254,25.254,25.254,25.254
2011-11-06 17:00:00,25.254,25.254,25.254,25.254,25.254,25.254,25.254,25.254,25.254,25.254,25.254,25.254
2011-11-06 18:00:00,25.254,25.254,25.254,25.254,25.254,25.254,25.254,25.254,25.254,25.254,25.254,25.254
2011-11-06 19:00:00,25.254,25.254,25.254,25.254,25.254,25.254,25.254,25.254,25.254,25.254,25.254,25.254
2011-11-06 20:00:00,25.254,25.254,25.254,25.254,25.254,25.254,25.254,25.254,25.254,25.254,25.254,25.254
2011-11-06 21:00:00,25.254,25.254,25.254,25.254,25.254,25.254,25.254,25.254,25.254,25.254,25.254,25.254
2011-11-06 22:00:00,25.254,25.254,25.254,25.254,25.254,25.254,25.254,25.254,25.254,25.254,25.254,25.254
2011-11-06 23:00:00,25.254,25.254,25.254,25.254,25.254,25.254,25.254,25.254,25.254,25.254,25.254,25.254
2011-11-07 00:00:00,39.823,39.823,39.823,39.823,39.823,39.823,39.823,39.823,39.823,39.823,39.823,39.823
2011-11-07 01:00:00,39.823,39.823,39.823,39.823,39.823,39.823,39.823,39.823,39.823,39.823,39.823,39.823
2011-11-07 02:00:00,39.823,39.823,39.823,39.823,39.823,39.823,39.823,39.823,39.823,39.823,39.823,39.823
2011-11-07 03:00:00,39.823,39.823,39.823,39.823,39.823,39.823,39.823,39.823,39.823,39.823,39.823,39.823
2011-11-07 04:00:00,39.823,39.823,39.823,39.823,39.823,39.823,39.823,39.823,39.823,39.823,39.823,39.823
2011-11-07 05:00:00,39.823,39.823,39.823,39.823,39.823,39.823,39.823,39.823,39.823,39.823,39.823,39.823
2011-11-07 06:00:00,39.447,39.447,39.447,39.447,39.447,39.447,39.447,39.447,39.447,39.447,39.447,39.447
2011-11-07 07:00:00,37.9,37.9,37.9,37.9,37.9,37.9,37.9,37.9,37.9,37.9,37.9,37.9
2011-11-07 08:00:00,36.856,36.856,36.856,36.856,36.856,36.856,36.856,36.856,36.856,36.856,36.856,36.856
2011-11-07 09:00:00,36.195,36.195,36.195,36.195,36.195,36.195,36.195,36.195,36.195,36.195,36.195,36.195
2011-11-07 10:00:00,36.04,36.04,36.04,36.04,36.04,36.04,36.04,36.04,36.04,36.04,36.04,36.04
2011-11-07 11:00:00,36.04,36.04,36.04,36.04,36.04,36.04,36.04,36.04,36.04,36.04,36.04,36.04
2011-11-07 12:00:00,36.04,36.04,36.04,36.04,36.04,36.04,36.04,36.04,36.04,36.04,36.04,36.04
2011-11-07 13:00:00,37.583,37.583,37.583,37.583,37.583,37.583,37.583,37.583,37.583,37.583,37.583,37.583
2011-11-07 14:00:00,38.257,38.257,38.257,38.257,38.257,38.257,38.257,38.257,38.257,38.257,38.257,38.257
2011-11-07 15:00:00,39.823,39.823,39.823,39.823,39.823,39.823,39.823,39.823,39.823,39.823,39.823,39.823
2011-11-07 16:00:00,39.823,39.823,39.823,39.823,39.823,39.823,39.823,39.823,39.823,39.823,39.823,39.823
2011-11-07 17:00:00,39.823,39.823,39.823,39.823,39.823,39.823,39.823,39.823,39.823,39.823,39.823,39.823
2011-11-07 18:00:00,39.823,39.823,39.823,39.823,39.823,39.823,39.823,39.823,39.823,39.823,39.823,39.823
2011-11-07 19:00:00,39.823,39.823,39.823,39.823,39.823,39.823,39.823,39.823,39.823,39.823,39.823,39.823
2011-11-07 20:00:00,39.823,39.823,39.823,39.823,39.823,39.823,39.823,39.823,39.823,39.823,39.823,39.823
2011-11-07 21:00:00,39.823,39.823,39.823,39.823,39.823,39.823,39.823,39.823,39.823,39.823,39.823,39.823
2011-11-07 22:00:00,39.823,39.823,39.823,39.823,39.823,39.823,39.823,39.823,39.823,39.823,39.823,39.823
2011-11-07 23:00:00,39.823,39.823,39.823,39.823,39.823,39.823,39.823,39.823,39.823,39.823,39.823,39.823
2011-11-08 00:00:00,45.091,45.091,45.091,45.091,45.091,45.091,45.091,45.091,45.091,45.091,45.091,45.091
2011-11-08 01:00:00,45.091,45.091,45.091,45.091,45.091,45.091,45.091,45.091,45.091,45.091,45.091,45.091
2011-11-08 02:00:00,45.091,45.091,45.091,45.091,45.091,45.091,45.091,45.091,45.091,45.091,45.091,45.091
2011-11-08 03:00:00,45.091,45.091,45.091,45.091,45.091,45.091,45.091,45.091,45.091,45.091,45.091,45.091
2011-11-08 04:00:00,45.091,45.091,45.091,45.091,45.091,45.091,45.091,45.091,45.091,45.091,45.091,45.091
2011-11-08 05:00:00,45.091,45.091,45.091,45.091,45.091,45.091,45.091,45.091,45.091,45.091,45.091,45.091
2011-11-08 06:00:00,43.433,43.433,43.433,43.433,43.433,43.433,43.433,43.433,43.433,43.433,43.433,43.433
2011-11-08 07:00:00,42.426,42.426,42.426,42.426,42.426,42.426,42.426,42.426,42.426,42.426,42.426,42.426
2011-11-08 08:00:00,40.62,40.62,40.62,40.62,40.62,40.62,40.62,40.62,40.62,40.62,40.62,40.62
2011-11-08 09:00:00,37.826,37.826,37.826,37.826,37.826,37.826,37.826,37.826,37.826,37.826,37.826,37.826
2011-11-08 10:00:00,37.826,37.826,37.826,37.826,37.826,37.826,37.826,37.826,37.826,37.826,37.826,37.826
2011-11-08 11:00:00,38.047,38.047,38.047,38.047,38.047,38.047,38.047,38.047,38.047,38.047,38.047,38.047
2011-11-08 12:00:00,39.206,39.206,39.206,39.206,39.206,39.206,39.206,39.206,39.206,39.206,39.206,39.206
2011-11-08 13:00:00,41.422,41.422,41.422,41.422,41.422,41.422,41.422,41.422,41.422,41.422,41.422,41.422
2011-11-08 14:00:00,42.907,42.907,42.907,42.907,42.907,42.907,42.907,42.907,42.907,42.907,42.907,42.907
2011-11-08 15:00:00,45.091,45.091,45.091,45.091,45.091,45.091,45.091,45.091,45.091,45.091,45.091,45.091
2011-11-08 16:00:00,45.091,45.091,45.091,45.091,45.091,45.091,45.091,45.091,45.091,45.091,45.091,45.091
2011-11-08 17:00:00,45.091,45.091,45.091,45.091,45.091,45.091,45.091,45.091,45.091,45.091,45.091,45.091
2011-11-08 18:00:00,45.091,45.091,45.091,45.091,45.091,45.091,45.091,45.091,45.091,45.091,45.091,45.091
2011-11-08 19:00:00,45.091,45.091,45.091,45.091,45.091,45.091,45.091,45.091,45.091,45.091,45.091,45.091
2011-11-08 20:00:00,45.091,45.091,45.091,45.091,45.091,45.091,45.091,45.091,45.091,45.091,45.091,45.091
2011-11-08 21:00:00,45.091,45.091,45.091,45.091,45.091,45.091,45.091,45.091,45.091,45.091,45.091,45.091
2011-11-08 22:00:00,45.091,45.091,45.091,45.091,45.091,45.091,45.091,45.091,45.091,45.091,45.091,45.091
2011-11-08 23:00:00,45.091,45.091,45.091,45.091,45.091,45.091,45.091,45.091,45.091,45.091,45.091,45.091
2011-11-09 00:00:00,46.963,46.963,46.963,46.963,46.963,46.963,46.963,46.963,46.963,46.963,46.963,46.963
2011-11-09 01:00:00,46.963,46.963,46.963,46.963,46.963,46.963,46.963,46.963,46.963,46.963,46.963,46.963
2011-11-09 02:00:00,46.963,46.963,46.963,46.963,46.963,46.963,46.963,46.963,46.963,46.963,46.963,46.963
2011-11-09 03:00:00,46.963,46.963,46.963,46.963,46.963,46.963,46.963,46.963,46.963,46.963,46.963,46.963
2011-11-09 04:00:00,46.963,46.963,46.963,46.963,46.963,46.963,46.963,46.963,46.963,46.963,46.963,46.963
2011-11-09 05:00:00,46.963,46.963,46.963,46.963,46.963,46.963,46.963,46.963,46.963,46.963,46.963,46.963
2011-11-09 06:00:00,41.087,41.087,41.087,41.087,41.087,41.087,41.087,41.087,41.087,41.087,41.087,41.087
2011-11-09 07:00:00,31.693,31.693,31.693,31.693,31.693,31.693,31.693,31.693,31.693,31.693,31.693,31.693
2011-11-09 08:00:00,28.918,28.918,28.918,28.918,28.918,28.918,28.918,28.918,28.918,28.918,28.918,28.918
2011-11-09 09:00:00,28.918,28.918,28.918,28.918,28.918,28.918,28.918,28.918,28.918,28.918,28.918,28.918
2011-11-09 10:00:00,28.918,28.918,28.918,28.918,28.918,28.918,28.918,28.918,28.918,28.918,28.918,28.918
2011-11-09 11:00:00,29.313,29.313,29.313,29.313,29.313,29.313,29.313,29.313,29.313,29.313,29.313,29.313
2011-11-09 12:00:00,31.06,31.06,31.06,31.06,31.06,31.06,31.06,31.06,31.06,31.06,31.06,31.06
2011-11-09 13:00:00,34.894,34.894,34.894,34.894,34.894,34.894,34.894,34.894,34.894,34.894,34.894,34.894
2011-11-09 14:00:00,38.717,38.717,38.717,38.717,38.717,38.717,38.717,38.717,38.717,38.717,38.717,38.717
2011-11-09 15:00:00,46.963,46.963,46.963,46.963,46.963,46.963,46.963,46.963,46.963,46.963,46.963,46.963
2011-11-09 16:00:00,46.963,46.963,46.963,46.963,46.963,46.963,46.963,46.963,46.963,46.963,46.963,46.963
2011-11-09 17:00:00,46.963,46.963,46.963,46.963,46.963,46.963,46.963,46.963,46.963,46.963,46.963,46.963
2011-11-09 18:00:00,46.963,46.963,46.963,46.963,46.963,46.963,46.963,46.963,46.963,46.963,46.963,46.963
2011-11-09 19:00:00,46.963,46.963,46.963,46.963,46.963,46.963,46.963,46.963,46.963,46.963,46.963,46.963
2011-11-09 20:00:00,46.963,46.963,46.963,46.963,46.963,46.963,46.963,46.963,46.963,46.963,46.963,46.963
2011-11-09 21:00:00,46.963,46.963,46.963,46.963,46.963,46.963,46.963,46.963,46.963,46.963,46.963,46.963
2011-11-09 22:00:00,46.963,46.963,46.963,46.963,46.963,46.963,46.963,46.963,46.963,46.963,46.963,46.963
2011-11-09 23:00:00,46.963,46.963,46.963,46.963,46.963,46.963,46.963,46.963,46.963,46.963,46.963,46.963
2011-11-10 00:00:00,36.517,36.517,36.517,36.517,36.517,36.517,36.517,36.517,36.517,36.517,36.517,36.517
2011-11-10 01:00:00,36.517,36.517,36.517,36.517,36.517,36.517,36.517,36.517,36.517,36.517,36.517,36.517
2011-11-10 02:00:00,36.517,36.517,36.517,36.517,36.517,36.517,36.517,36.517,36.517,36.517,36.517,36.517
2011-11-10 03:00:00,36.517,36.517,36.517,36.517,36.517,36.517,36.517,36.517,36.517,36.517,36.517,36.517
2011-11-10 04:00:00,36.517,36.517,36.517,36.517,36.517,36.517,36.517,36.517,36.517,36.517,36.517,36.517
2011-11-10 05:00:00,36.962,36.962,36.962,36.962,36.962,36.962,36.962,36.962,36.962,36.962,36.962,36.962
2011-11-10 06:00:00,35.574,35.574,35.574,35.574,35.574,35.574,35.574,35.574,35.574,35.574,35.574,35.574
2011-11-10 07:00:00,24.372,24.372,24.372,24.372,24.372,24.372,24.372,24.372,24.372,24.372,24.372,24.372
2011-11-10 08:00:00,22.322,22.322,22.322,22.322,22.322,22.322,22.322,22.322,22.322,22.322,22.322,22.322
2011-11-10 09:00:00,21.812,21.812,21.812,21.812,21.812,21.812,21.812,21.812,21.812,21.812,21.812,21.812
2011-11-10 10:00:00,21.518,21.518,21.518,21.518,21.518,21.518,21.518,21.518,21.518,21.518,21.518,21.518
2011-11-10 11:00:00,21.518,21.518,21.518,21.518,21.518,21.518,21.518,21.518,21.518,21.518,21.518,21.518
2011-11-10 12:00:00,21.518,21.518,21.518,21.518,21.518,21.518,21.518,21.518,21.518,21.518,21.518,21.518
2011-11-10 13:00:00,22.084,22.084,22.084,22.084,22.084,22.084,22.084,22.084,22.084,22.084,22.084,22.084
2011-11-10 14:00:00,22.12,22.12,22.12,22.12,22.12,22.12,22.12,22.12,22.12,22.12,22.12,22.12
2011-11-10 15:00:00,36.517,36.517,36.517,36.517,36.517,36.517,36.517,36.517,36.517,36.517,36.517,36.517
2011-11-10 16:00:00,36.517,36.517,36.517,36.517,36.517,36.517,36.517,36.517,36.517,36.517,36.517,36.517
2011-11-10 17:00:00,36.517,36.517,36.517,36.517,36.517,36.517,36.517,36.517,36.517,36.517,36.517,36.517
2011-11-10 18:00:00,36.517,36.517,36.517,36.517,36.517,36.517,36.517,36.517,36.517,36.517,36.517,36.517
2011-11-10 19:00:00,36.517,36.517,36.517,36.517,36.517,36.517,36.517,36.517,36.517,36.517,36.517,36.517
2011-11-10 20:00:00,36.517,36.517,36.517,36.517,36.517,36.517,36.517,36.517,36.517,36.517,36.517,36.517
2011-11-10 21:00:00,36.517,36.517,36.517,36.517,36.517,36.517,36.517,36.517,36.517,36.517,36.517,36.517
2011-11-10 22:00:00,36.517,36.517,36.517,36.517,36.517,36.517,36.517,36.517,36.517,36.517,36.517,36.517
2011-11-10 23:00:00,36.517,36.517,36.517,36.517,36.517,36.517,36.517,36.517,36.517,36.517,36.517,36.517
2011-11-11 00:00:00,23.695,23.695,23.695,23.695,23.695,23.695,23.695,23.695,23.695,23.695,23.695,23.695
2011-11-11 01:00:00,23.695,23.695,23.695,23.695,23.695,23.695,23.695,23.695,23.695,23.695,23.695,23.695
2011-11-11 02:00:00,23.695,23.695,23.695,23.695,23.695,23.695,23.695,23.695,23.695,23.695,23.695,23.695
2011-11-11 03:00:00,23.695,23.695,23.695,23.695,23.695,23.695,23.695,23.695,23.695,23.695,23.695,23.695
2011-11-11 04:00:00,23.695,23.695,23.695,23.695,23.695,23.695,23.695,23.695,23.695,23.695,23.695,23.695
2011-11-11 05:00:00,23.695,23.695,23.695,23.695,23.695,23.695,23.695,23.695,23.695,23.695,23.695,23.695
2011-11-11 06:00:00,23.338,23.338,23.338,23.338,23.338,23.338,23.338,23.338,23.338,23.338,23.338,23.338
2011-11-11 07:00:00,23.097,23.097,23.097,23.097,23.097,23.097,23.097,23.097,23.097,23.097,23.097,23.097
2011-11-11 08:00:00,22.725,22.725,22.725,22.725,22.725,22.725,22.725,22.725,22.725,22.725,22.725,22.725
2011-11-11 09:00:00,22.253,22.253,22.253,22.253,22.253,22.253,22.253,22.253,22.253,22.253,22.253,22.253
2011-11-11 10:00:00,22.222,22.222,22.222,22.222,22.222,22.222,22.222,22.222,22.222,22.222,22.222,22.222
2011-11-11 11:00:00,22.222,22.222,22.222,22.222,22.222,22.222,22.222,22.222,22.222,22.222,22.222,22.222
2011-11-11 12:00:00,22.222,22.222,22.222,22.222,22.222,22.222,22.222,22.222,22.222,22.222,22.222,22.222
2011-11-11 13:00:00,22.222,22.222,22.222,22.222,22.222,22.222,22.222,22.222,22.222,22.222,22.222,22.222
2011-11-11 14:00:00,22.832,22.832,22.832,22.832,22.832,22.832,22.832,22.832,22.832,22.832,22.832,22.832
2011-11-11 15:00:00,23.695,23.695,23.695,23.695,23.695,23.695,23.695,23.695,23.695,23.695,23.695,23.695
2011-11-11 16:00:00,23.695,23.695,23.695,23.695,23.695,23.695,23.695,23.695,23.695,23.695,23.695,23.695
2011-11-11 17:00:00,23.695,23.695,23.695,23.695,23.695,23.695,23.695,23.695,23.695,23.695,23.695,23.695
2011-11-11 18:00:00,23.695,23.695,23.695,23.695,23.695,23.695,23.695,23.695,23.695,23.695,23.695,23.695
2011-11-11 19:00:00,23.695,23.695,23.695,23.695,23.695,23.695,23.695,23.695,23.695,23.695,23.695,23.695
2011-11-11 20:00:00,23.695,23.695,23.695,23.695,23.695,23.695,23.695,23.695,23.695,23.695,23.695,23.695
2011-11-11 21:00:00,23.695,23.695,23.695,23.695,23.695,23.695,23.695,23.695,23.695,23.695,23.695,23.695
2011-11-11 22:00:00,23.695,23.695,23.695,23.695,23.695,23.695,23.695,23.695,23.695,23.695,23.695,23.695
2011-11-11 23:00:00,23.695,23.695,23.695,23.695,23.695,23.695,23.695,23.695,23.695,23.695,23.695,23.695
2011-11-12 00:00:00,25.204,25.204,25.204,25.204,25.204,25.204,25.204,25.204,25.204,25.204,25.204,25.204
2011-11-12 01:00:00,25.204,25.204,25.204,25.204,25.204,25.204,25.204,25.204,25.204,25.204,25.204,25.204
2011-11-12 02:00:00,25.204,25.204,25.204,25.204,25.204,25.204,25.204,25.204,25.204,25.204,25.204,25.204
2011-11-12 03:00:00,25.204,25.204,25.204,25.204,25.204,25.204,25.204,25.204,25.204,25.204,25.204,25.204
2011-11-12 04:00:00,25.204,25.204,25.204,25.204,25.204,25.204,25.204,25.204,25.204,25.204,25.204,25.204
2011-11-12 05:00:00,25.204,25.204,25.204,25.204,25.204,25.204,25.204,25.204,25.204,25.204,25.204,25.204
2011-11-12 06:00:00,25.204,25.204,25.204,25.204,25.204,25.204,25.204,25.204,25.204,25.204,25.204,25.204
2011-11-12 07:00:00,25.204,25.204,25.204,25.204,25.204,25.204,25.204,25.204,25.204,25.204,25.204,25.204
2011-11-12 08:00:00,22.12,22.12,22.12,22.12,22.12,22.12,22.12,22.12,22.12,22.12,22.12,22.12
2011-11-12 09:00:00,19.341,19.341,19.341,19.341,19.341,19.341,19.341,19.341,19.341,19.341,19.341,19.341
2011-11-12 10:00:00,19.341,19.341,19.341,19.341,19.341,19.341,19.341,19.341,19.341,19.341,19.341,19.341
2011-11-12 11:00:00,19.393,19.393,19.393,19.393,19.393,19.393,19.393,19.393,19.393,19.393,19.393,19.393
2011-11-12 12:00:00,21.693,21.693,21.693,21.693,21.693,21.693,21.693,21.693,21.693,21.693,21.693,21.693
2011-11-12 13:00:00,23.508,23.508,23.508,23.508,23.508,23.508,23.508,23.508,23.508,23.508,23.508,23.508
2011-11-12 14:00:00,24.72,24.72,24.72,24.72,24.72,24.72,24.72,24.72,24.72,24.72,24.72,24.72
2011-11-12 15:00:00,25.36,25.36,25.36,25.36,25.36,25.36,25.36,25.36,25.36,25.36,25.36,25.36
2011-11-12 16:00:00,25.619,25.619,25.619,25.619,25.619,25.619,25.619,25.619,25.619,25.619,25.619,25.619
2011-11-12 17:00:00,25.204,25.204,25.204,25.204,25.204,25.204,25.204,25.204,25.204,25.204,25.204,25.204
2011-11-12 18:00:00,25.204,25.204,25.204,25.204,25.204,25.204,25.204,25.204,25.204,25.204,25.204,25.204
2011-11-12 19:00:00,25.204,25.204,25.204,25.204,25.204,25.204,25.204,25.204,25.204,25.204,25.204,25.204
2011-11-12 20:00:00,25.204,25.204,25.204,25.204,25.204,25.204,25.204,25.204,25.204,25.204,25.204,25.204
2011-11-12 21:00:00,25.204,25.204,25.204,25.204,25.204,25.204,25.204,25.204,25.204,25.204,25.204,25.204
2011-11-12 22:00:00,25.204,25.204,25.204,25.204,25.204,25.204,25.204,25.204,25.204,25.204,25.204,25.204
2011-11-12 23:00:00,25.204,25.204,25.204,25.204,25.204,25.204,25.204,25.204,25.204,25.204,25.204,25.204
2011-11-13 00:00:00,40.96,40.96,40.96,40.96,40.96,40.96,40.96,40.96,40.96,40.96,40.96,40.96
2011-11-13 01:00:00,40.96,40.96,40.96,40.96,40.96,40.96,40.96,40.96,40.96,40.96,40.96,40.96
2011-11-13 02:00:00,40.96,40.96,40.96,40.96,40.96,40.96,40.96,40.96,40.96,40.96,40.96,40.96
2011-11-13 03:00:00,40.96,40.96,40.96,40.96,40.96,40.96,40.96,40.96,40.96,40.96,40.96,40.96
2011-11-13 04:00:00,40.96,40.96,40.96,40.96,40.96,40.96,40.96,40.96,40.96,40.96,40.96,40.96
2011-11-13 05:00:00,40.96,40.96,40.96,40.96,40.96,40.96,40.96,40.96,40.96,40.96,40.96,40.96
2011-11-13 06:00:00,40.96,40.96,40.96,40.96,40.96,40.96,40.96,40.96,40.96,40.96,40.96,40.96
2011-11-13 07:00:00,40.96,40.96,40.96,40.96,40.96,40.96,40.96,40.96,40.96,40.96,40.96,40.96
2011-11-13 08:00:00,18.269,18.269,18.269,18.269,18.269,18.269,18.269,18.269,18.269,18.269,18.269,18.269
2011-11-13 09:00:00,13.809,13.809,13.809,13.809,13.809,13.809,13.809,13.809,13.809,13.809,13.809,13.809
2011-11-13 10:00:00,13.809,13.809,13.809,13.809,13.809,13.809,13.809,13.809,13.809,13.809,13.809,13.809
2011-11-13 11:00:00,13.809,13.809,13.809,13.809,13.809,13.809,13.809,13.809,13.809,13.809,13.809,13.809
2011-11-13 12:00:00,13.809,13.809,13.809,13.809,13.809,13.809,13.809,13.809,13.809,13.809,13.809,13.809
2011-11-13 13:00:00,15.603,15.603,15.603,15.603,15.603,15.603,15.603,15.603,15.603,15.603,15.603,15.603
2011-11-13 14:00:00,18.612,18.612,18.612,18.612,18.612,18.612,18.612,18.612,18.612,18.612,18.612,18.612
2011-11-13 15:00:00,40.96,40.96,40.96,40.96,40.96,40.96,40.96,40.96,40.96,40.96,40.96,40.96
2011-11-13 16:00:00,40.96,40.96,40.96,40.96,40.96,40.96,40.96,40.96,40.96,40.96,40.96,40.96
2011-11-13 17:00:00,40.96,40.96,40.96,40.96,40.96,40.96,40.96,40.96,40.96,40.96,40.96,40.96
2011-11-13 18:00:00,40.96,40.96,40.96,40.96,40.96,40.96,40.96,40.96,40.96,40.96,40.96,40.96
2011-11-13 19:00:00,40.96,40.96,40.96,40.96,40.96,40.96,40.96,40.96,40.96,40.96,40.96,40.96
2011-11-13 20:00:00,40.96,40.96,40.96,40.96,40.96,40.96,40.96,40.96,40.96,40.96,40.96,40.96
2011-11-13 21:00:00,40.96,40.96,40.96,40.96,40.96,40.96,40.96,40.96,40.96,40.96,40.96,40.96
2011-11-13 22:00:00,40.96,40.96,40.96,40.96,40.96,40.96,40.96,40.96,40.96,40.96,40.96,40.96
2011-11-13 23:00:00,40.96,40.96,40.96,40.96,40.96,40.96,40.96,40.96,40.96,40.96,40.96,40.96
2011-11-14 00:00:00,56.76,56.76,56.76,56.76,56.76,56.76,56.76,56.76,56.76,56.76,56.76,56.76
2011-11-14 01:00:00,56.76,56.76,56.76,56.76,56.76,56.76,56.76,56.76,56.76,56.76,56.76,56.76
2011-11-14 02:00:00,56.76,56.76,56.76,56.76,56.76,56.76,56.76,56.76,56.76,56.76,56.76,56.76
2011-11-14 03:00:00,56.76,56.76,56.76,56.76,56.76,56.76,56.76,56.76,56.76,56.76,56.76,56.76
2011-11-14 04:00:00,56.76,56.76,56.76,56.76,56.76,56.76,56.76,56.76,56.76,56.76,56.76,56.76
2011-11-14 05:00:00,56.76,56.76,56.76,56.76,56.76,56.76,56.76,56.76,56.76,56.76,56.76,56.76
2011-11-14 06:00:00,54.371,54.371,54.371,54.371,54.371,54.371,54.371,54.371,54.371,54.371,54.371,54.371
2011-11-14 07:00:00,26.341,26.341,26.341,26.341,26.341,26.341,26.341,26.341,26.341,26.341,26.341,26.341
2011-11-14 08:00:00,23.591,23.591,23.591,23.591,23.591,23.591,23.591,23.591,23.591,23.591,23.591,23.591
2011-11-14 09:00:00,20.881,20.881,20.881,20.881,20.881,20.881,20.881,20.881,20.881,20.881,20.881,20.881
2011-11-14 10:00:00,20.597,20.597,20.597,20.597,20.597,20.597,20.597,20.597,20.597,20.597,20.597,20.597
2011-11-14 11:00:00,20.612,20.612,20.612,20.612,20.612,20.612,20.612,20.612,20.612,20.612,20.612,20.612
2011-11-14 12:00:00,21.308,21.308,21.308,21.308,21.308,21.308,21.308,21.308,21.308,21.308,21.308,21.308
2011-11-14 13:00:00,21.607,21.607,21.607,21.607,21.607,21.607,21.607,21.607,21.607,21.607,21.607,21.607
2011-11-14 14:00:00,22.687,22.687,22.687,22.687,22.687,22.687,22.687,22.687,22.687,22.687,22.687,22.687
2011-11-14 15:00:00,56.662,56.662,56.662,56.662,56.662,56.662,56.662,56.662,56.662,56.662,56.662,56.662
2011-11-14 16:00:00,56.76,56.76,56.76,56.76,56.76,56.76,56.76,56.76,56.76,56.76,56.76,56.76
2011-11-14 17:00:00,56.76,56.76,56.76,56.76,56.76,56.76,56.76,56.76,56.76,56.76,56.76,56.76
2011-11-14 18:00:00,56.76,56.76,56.76,56.76,56.76,56.76,56.76,56.76,56.76,56.76,56.76,56.76
2011-11-14 19:00:00,56.76,56.76,56.76,56.76,56.76,56.76,56.76,56.76,56.76,56.76,56.76,56.76
2011-11-14 20:00:00,56.76,56.76,56.76,56.76,56.76,56.76,56.76,56.76,56.76,56.76,56.76,56.76
2011-11-14 21:00:00,56.76,56.76,56.76,56.76,56.76,56.76,56.76,56.76,56.76,56.76,56.76,56.76
2011-11-14 22:00:00,56.76,56.76,56.76,56.76,56.76,56.76,56.76,56.76,56.76,56.76,56.76,56.76
2011-11-14 23:00:00,56.76,56.76,56.76,56.76,56.76,56.76,56.76,56.76,56.76,56.76,56.76,56.76
2011-11-15 00:00:00,45.722,45.722,45.722,45.722,45.722,45.722,45.722,45.722,45.722,45.722,45.722,45.722
2011-11-15 01:00:00,45.722,45.722,45.722,45.722,45.722,45.722,45.722,45.722,45.722,45.722,45.722,45.722
2011-11-15 02:00:00,45.722,45.722,45.722,45.722,45.722,45.722,45.722,45.722,45.722,45.722,45.722,45.722
2011-11-15 03:00:00,45.722,45.722,45.722,45.722,45.722,45.722,45.722,45.722,45.722,45.722,45.722,45.722
2011-11-15 04:00:00,45.722,45.722,45.722,45.722,45.722,45.722,45.722,45.722,45.722,45.722,45.722,45.722
2011-11-15 05:00:00,45.722,45.722,45.722,45.722,45.722,45.722,45.722,45.722,45.722,45.722,45.722,45.722
2011-11-15 06:00:00,44.253,44.253,44.253,44.253,44.253,44.253,44.253,44.253,44.253,44.253,44.253,44.253
2011-11-15 07:00:00,22.865,22.865,22.865,22.865,22.865,22.865,22.865,22.865,22.865,22.865,22.865,22.865
2011-11-15 08:00:00,21.669,21.669,21.669,21.669,21.669,21.669,21.669,21.669,21.669,21.669,21.669,21.669
2011-11-15 09:00:00,20.918,20.918,20.918,20.918,20.918,20.918,20.918,20.918,20.918,20.918,20.918,20.918
2011-11-15 10:00:00,20.825,20.825,20.825,20.825,20.825,20.825,20.825,20.825,20.825,20.825,20.825,20.825
2011-11-15 11:00:00,20.825,20.825,20.825,20.825,20.825,20.825,20.825,20.825,20.825,20.825,20.825,20.825
2011-11-15 12:00:00,20.825,20.825,20.825,20.825,20.825,20.825,20.825,20.825,20.825,20.825,20.825,20.825
2011-11-15 13:00:00,20.918,20.918,20.918,20.918,20.918,20.918,20.918,20.918,20.918,20.918,20.918,20.918
2011-11-15 14:00:00,21.399,21.399,21.399,21.399,21.399,21.399,21.399,21.399,21.399,21.399,21.399,21.399
2011-11-15 15:00:00,45.722,45.722,45.722,45.722,45.722,45.722,45.722,45.722,45.722,45.722,45.722,45.722
2011-11-15 16:00:00,45.722,45.722,45.722,45.722,45.722,45.722,45.722,45.722,45.722,45.722,45.722,45.722
2011-11-15 17:00:00,45.722,45.722,45.722,45.722,45.722,45.722,45.722,45.722,45.722,45.722,45.722,45.722
2011-11-15 18:00:00,45.722,45.722,45.722,45.722,45.722,45.722,45.722,45.722,45.722,45.722,45.722,45.722
2011-11-15 19:00:00,45.722,45.722,45.722,45.722,45.722,45.722,45.722,45.722,45.722,45.722,45.722,45.722
2011-11-15 20:00:00,45.722,45.722,45.722,45.722,45.722,45.722,45.722,45.722,45.722,45.722,45.722,45.722
2011-11-15 21:00:00,45.722,45.722,45.722,45.722,45.722,45.722,45.722,45.722,45.722,45.722,45.722,45.722
2011-11-15 22:00:00,45.722,45.722,45.722,45.722,45.722,45.722,45.722,45.722,45.722,45.722,45.722,45.722
2011-11-15 23:00:00,45.722,45.722,45.722,45.722,45.722,45.722,45.722,45.722,45.722,45.722,45.722,45.722
2011-11-16 00:00:00,51.823,51.823,51.823,51.823,51.823,51.823,51.823,51.823,51.823,51.823,51.823,51.823
2011-11-16 01:00:00,51.823,51.823,51.823,51.823,51.823,51.823,51.823,51.823,51.823,51.823,51.823,51.823
2011-11-16 02:00:00,51.823,51.823,51.823,51.823,51.823,51.823,51.823,51.823,51.823,51.823,51.823,51.823
2011-11-16 03:00:00,51.823,51.823,51.823,51.823,51.823,51.823,51.823,51.823,51.823,51.823,51.823,51.823
2011-11-16 04:00:00,51.823,51.823,51.823,51.823,51.823,51.823,51.823,51.823,51.823,51.823,51.823,51.823
2011-11-16 05:00:00,51.91,51.91,51.91,51.91,51.91,51.91,51.91,51.91,51.91,51.91,51.91,51.91
2011-11-16 06:00:00,49.533,49.533,49.533,49.533,49.533,49.533,49.533,49.533,49.533,49.533,49.533,49.533
2011-11-16 07:00:00,27.717,27.717,27.717,27.717,27.717,27.717,27.717,27.717,27.717,27.717,27.717,27.717
2011-11-16 08:00:00,22.118,22.118,22.118,22.118,22.118,22.118,22.118,22.118,22.118,22.118,22.118,22.118
2011-11-16 09:00:00,20.814,20.814,20.814,20.814,20.814,20.814,20.814,20.814,20.814,20.814,20.814,20.814
2011-11-16 10:00:00,19.386,19.386,19.386,19.386,19.386,19.386,19.386,19.386,19.386,19.386,19.386,19.386
2011-11-16 11:00:00,19.386,19.386,19.386,19.386,19.386,19.386,19.386,19.386,19.386,19.386,19.386,19.386
2011-11-16 12:00:00,19.581,19.581,19.581,19.581,19.581,19.581,19.581,19.581,19.581,19.581,19.581,19.581
2011-11-16 13:00:00,21.613,21.613,21.613,21.613,21.613,21.613,21.613,21.613,21.613,21.613,21.613,21.613
2011-11-16 14:00:00,22.191,22.191,22.191,22.191,22.191,22.191,22.191,22.191,22.191,22.191,22.191,22.191
2011-11-16 15:00:00,51.152,51.152,51.152,51.152,51.152,51.152,51.152,51.152,51.152,51.152,51.152,51.152
2011-11-16 16:00:00,51.823,51.823,51.823,51.823,51.823,51.823,51.823,51.823,51.823,51.823,51.823,51.823
2011-11-16 17:00:00,51.823,51.823,51.823,51.823,51.823,51.823,51.823,51.823,51.823,51.823,51.823,51.823
2011-11-16 18:00:00,51.823,51.823,51.823,51.823,51.823,51.823,51.823,51.823,51.823,51.823,51.823,51.823
2011-11-16 19:00:00,51.823,51.823,51.823,51.823,51.823,51.823,51.823,51.823,51.823,51.823,51.823,51.823
2011-11-16 20:00:00,51.823,51.823,51.823,51.823,51.823,51.823,51.823,51.823,51.823,51.823,51.823,51.823
2011-11-16 21:00:00,51.823,51.823,51.823,51.823,51.823,51.823,51.823,51.823,51.823,51.823,51.823,51.823
2011-11-16 22:00:00,51.823,51.823,51.823,51.823,51.823,51.823,51.823,51.823,51.823,51.823,51.823,51.823
2011-11-16 23:00:00,51.823,51.823,51.823,51.823,51.823,51.823,51.823,51.823,51.823,51.823,51.823,51.823
2011-11-17 00:00:00,59.609,59.609,59.609,59.609,59.609,59.609,59.609,59.609,59.609,59.609,59.609,59.609
2011-11-17 01:00:00,59.609,59.609,59.609,59.609,59.609,59.609,59.609,59.609,59.609,59.609,59.609,59.609
2011-11-17 02:00:00,59.609,59.609,59.609,59.609,59.609,59.609,59.609,59.609,59.609,59.609,59.609,59.609
2011-11-17 03:00:00,59.609,59.609,59.609,59.609,59.609,59.609,59.609,59.609,59.609,59.609,59.609,59.609
2011-11-17 04:00:00,59.609,59.609,59.609,59.609,59.609,59.609,59.609,59.609,59.609,59.609,59.609,59.609
2011-11-17 05:00:00,59.609,59.609,59.609,59.609,59.609,59.609,59.609,59.609,59.609,59.609,59.609,59.609
2011-11-17 06:00:00,57.208,57.208,57.208,57.208,57.208,57.208,57.208,57.208,57.208,57.208,57.208,57.208
2011-11-17 07:00:00,48.038,48.038,48.038,48.038,48.038,48.038,48.038,48.038,48.038,48.038,48.038,48.038
2011-11-17 08:00:00,34.516,34.516,34.516,34.516,34.516,34.516,34.516,34.516,34.516,34.516,34.516,34.516
2011-11-17 09:00:00,34.516,34.516,34.516,34.516,34.516,34.516,34.516,34.516,34.516,34.516,34.516,34.516
2011-11-17 10:00:00,51.937,51.937,51.937,51.937,51.937,51.937,51.937,51.937,51.937,51.937,51.937,51.937
2011-11-17 11:00:00,52.565,52.565,52.565,52.565,52.565,52.565,52.565,52.565,52.565,52.565,52.565,52.565
2011-11-17 12:00:00,52.565,52.565,52.565,52.565,52.565,52.565,52.565,52.565,52.565,52.565,52.565,52.565
2011-11-17 13:00:00,55.063,55.063,55.063,55.063,55.063,55.063,55.063,55.063,55.063,55.063,55.063,55.063
2011-11-17 14:00:00,57.208,57.208,57.208,57.208,57.208,57.208,57.208,57.208,57.208,57.208,57.208,57.208
2011-11-17 15:00:00,59.609,59.609,59.609,59.609,59.609,59.609,59.609,59.609,59.609,59.609,59.609,59.609
2011-11-17 16:00:00,59.609,59.609,59.609,59.609,59.609,59.609,59.609,59.609,59.609,59.609,59.609,59.609
2011-11-17 17:00:00,59.609,59.609,59.609,59.609,59.609,59.609,59.609,59.609,59.609,59.609,59.609,59.609
2011-11-17 18:00:00,59.609,59.609,59.609,59.609,59.609,59.609,59.609,59.609,59.609,59.609,59.609,59.609
2011-11-17 19:00:00,59.609,59.609,59.609,59.609,59.609,59.609,59.609,59.609,59.609,59.609,59.609,59.609
2011-11-17 20:00:00,59.609,59.609,59.609,59.609,59.609,59.609,59.609,59.609,59.609,59.609,59.609,59.609
2011-11-17 21:00:00,59.609,59.609,59.609,59.609,59.609,59.609,59.609,59.609,59.609,59.609,59.609,59.609
2011-11-17 22:00:00,59.609,59.609,59.609,59.609,59.609,59.609,59.609,59.609,59.609,59.609,59.609,59.609
2011-11-17 23:00:00,59.609,59.609,59.609,59.609,59.609,59.609,59.609,59.609,59.609,59.609,59.609,59.609
2011-11-18 00:00:00,33.132,33.132,33.132,33.132,33.132,33.132,33.132,33.132,33.132,33.132,33.132,33.132
2011-11-18 01:00:00,33.132,33.132,33.132,33.132,33.132,33.132,33.132,33.132,33.132,33.132,33.132,33.132
2011-11-18 02:00:00,33.187,33.187,33.187,33.187,33.187,33.187,33.187,33.187,33.187,33.187,33.187,33.187
2011-11-18 03:00:00,33.187,33.187,33.187,33.187,33.187,33.187,33.187,33.187,33.187,33.187,33.187,33.187
2011-11-18 04:00:00,33.187,33.187,33.187,33.187,33.187,33.187,33.187,33.187,33.187,33.187,33.187,33.187
2011-11-18 05:00:00,33.238,33.238,33.238,33.238,33.238,33.238,33.238,33.238,33.238,33.238,33.238,33.238
2011-11-18 06:00:00,32.08,32.08,32.08,32.08,32.08,32.08,32.08,32.08,32.08,32.08,32.08,32.08
2011-11-18 07:00:00,24.978,24.978,24.978,24.978,24.978,24.978,24.978,24.978,24.978,24.978,24.978,24.978
2011-11-18 08:00:00,21.482,21.482,21.482,21.482,21.482,21.482,21.482,21.482,21.482,21.482,21.482,21.482
2011-11-18 09:00:00,21.14,21.14,21.14,21.14,21.14,21.14,21.14,21.14,21.14,21.14,21.14,21.14
2011-11-18 10:00:00,21.14,21.14,21.14,21.14,21.14,21.14,21.14,21.14,21.14,21.14,21.14,21.14
2011-11-18 11:00:00,18.297,18.297,18.297,18.297,18.297,18.297,18.297,18.297,18.297,18.297,18.297,18.297
2011-11-18 12:00:00,15.53,15.53,15.53,15.53,15.53,15.53,15.53,15.53,15.53,15.53,15.53,15.53
2011-11-18 13:00:00,15.344,15.344,15.344,15.344,15.344,15.344,15.344,15.344,15.344,15.344,15.344,15.344
2011-11-18 14:00:00,15.344,15.344,15.344,15.344,15.344,15.344,15.344,15.344,15.344,15.344,15.344,15.344
2011-11-18 15:00:00,15.344,15.344,15.344,15.344,15.344,15.344,15.344,15.344,15.344,15.344,15.344,15.344
2011-11-18 16:00:00,15.344,15.344,15.344,15.344,15.344,15.344,15.344,15.344,15.344,15.344,15.344,15.344
2011-11-18 17:00:00,15.344,15.344,15.344,15.344,15.344,15.344,15.344,15.344,15.344,15.344,15.344,15.344
2011-11-18 18:00:00,15.344,15.344,15.344,15.344,15.344,15.344,15.344,15.344,15.344,15.344,15.344,15.344
2011-11-18 19:00:00,15.344,15.344,15.344,15.344,15.344,15.344,15.344,15.344,15.344,15.344,15.344,15.344
2011-11-18 20:00:00,15.344,15.344,15.344,15.344,15.344,15.344,15.344,15.344,15.344,15.344,15.344,15.344
2011-11-18 21:00:00,15.344,15.344,15.344,15.344,15.344,15.344,15.344,15.344,15.344,15.344,15.344,15.344
2011-11-18 22:00:00,15.344,15.344,15.344,15.344,15.344,15.344,15.344,15.344,15.344,15.344,15.344,15.344
2011-11-18 23:00:00,15.344,15.344,15.344,15.344,15.344,15.344,15.344,15.344,15.344,15.344,15.344,15.344
2011-11-19 00:00:00,23.188,23.188,23.188,23.188,23.188,23.188,23.188,23.188,23.188,23.188,23.188,23.188
2011-11-19 01:00:00,23.188,23.188,23.188,23.188,23.188,23.188,23.188,23.188,23.188,23.188,23.188,23.188
2011-11-19 02:00:00,23.188,23.188,23.188,23.188,23.188,23.188,23.188,23.188,23.188,23.188,23.188,23.188
2011-11-19 03:00:00,23.188,23.188,23.188,23.188,23.188,23.188,23.188,23.188,23.188,23.188,23.188,23.188
2011-11-19 04:00:00,23.188,23.188,23.188,23.188,23.188,23.188,23.188,23.188,23.188,23.188,23.188,23.188
2011-11-19 05:00:00,23.188,23.188,23.188,23.188,23.188,23.188,23.188,23.188,23.188,23.188,23.188,23.188
2011-11-19 06:00:00,23.188,23.188,23.188,23.188,23.188,23.188,23.188,23.188,23.188,23.188,23.188,23.188
2011-11-19 07:00:00,23.188,23.188,23.188,23.188,23.188,23.188,23.188,23.188,23.188,23.188,23.188,23.188
2011-11-19 08:00:00,21.651,21.651,21.651,21.651,21.651,21.651,21.651,21.651,21.651,21.651,21.651,21.651
2011-11-19 09:00:00,21.492,21.492,21.492,21.492,21.492,21.492,21.492,21.492,21.492,21.492,21.492,21.492
2011-11-19 10:00:00,21.492,21.492,21.492,21.492,21.492,21.492,21.492,21.492,21.492,21.492,21.492,21.492
2011-11-19 11:00:00,21.492,21.492,21.492,21.492,21.492,21.492,21.492,21.492,21.492,21.492,21.492,21.492
2011-11-19 12:00:00,21.662,21.662,21.662,21.662,21.662,21.662,21.662,21.662,21.662,21.662,21.662,21.662
2011-11-19 13:00:00,22.54,22.54,22.54,22.54,22.54,22.54,22.54,22.54,22.54,22.54,22.54,22.54
2011-11-19 14:00:00,30.208,30.208,30.208,30.208,30.208,30.208,30.208,30.208,30.208,30.208,30.208,30.208
2011-11-19 15:00:00,30.327,30.327,30.327,30.327,30.327,30.327,30.327,30.327,30.327,30.327,30.327,30.327
2011-11-19 16:00:00,30.327,30.327,30.327,30.327,30.327,30.327,30.327,30.327,30.327,30.327,30.327,30.327
2011-11-19 17:00:00,30.327,30.327,30.327,30.327,30.327,30.327,30.327,30.327,30.327,30.327,30.327,30.327
2011-11-19 18:00:00,30.327,30.327,30.327,30.327,30.327,30.327,30.327,30.327,30.327,30.327,30.327,30.327
2011-11-19 19:00:00,30.327,30.327,30.327,30.327,30.327,30.327,30.327,30.327,30.327,30.327,30.327,30.327
2011-11-19 20:00:00,30.208,30.208,30.208,30.208,30.208,30.208,30.208,30.208,30.208,30.208,30.208,30.208
2011-11-19 21:00:00,28.872,28.872,28.872,28.872,28.872,28.872,28.872,28.872,28.872,28.872,28.872,28.872
2011-11-19 22:00:00,27.825,27.825,27.825,27.825,27.825,27.825,27.825,27.825,27.825,27.825,27.825,27.825
2011-11-19 23:00:00,27.625,27.625,27.625,27.625,27.625,27.625,27.625,27.625,27.625,27.625,27.625,27.625
2011-11-20 00:00:00,54.003,54.003,54.003,54.003,54.003,54.003,54.003,54.003,54.003,54.003,54.003,54.003
2011-11-20 01:00:00,54.003,54.003,54.003,54.003,54.003,54.003,54.003,54.003,54.003,54.003,54.003,54.003
2011-11-20 02:00:00,54.003,54.003,54.003,54.003,54.003,54.003,54.003,54.003,54.003,54.003,54.003,54.003
2011-11-20 03:00:00,54.003,54.003,54.003,54.003,54.003,54.003,54.003,54.003,54.003,54.003,54.003,54.003
2011-11-20 04:00:00,54.003,54.003,54.003,54.003,54.003,54.003,54.003,54.003,54.003,54.003,54.003,54.003
2011-11-20 05:00:00,54.003,54.003,54.003,54.003,54.003,54.003,54.003,54.003,54.003,54.003,54.003,54.003
2011-11-20 06:00:00,54.003,54.003,54.003,54.003,54.003,54.003,54.003,54.003,54.003,54.003,54.003,54.003
2011-11-20 07:00:00,54.003,54.003,54.003,54.003,54.003,54.003,54.003,54.003,54.003,54.003,54.003,54.003
2011-11-20 08:00:00,45.392,45.392,45.392,45.392,45.392,45.392,45.392,45.392,45.392,45.392,45.392,45.392
2011-11-20 09:00:00,33.301,33.301,33.301,33.301,33.301,33.301,33.301,33.301,33.301,33.301,33.301,33.301
2011-11-20 10:00:00,33.301,33.301,33.301,33.301,33.301,33.301,33.301,33.301,33.301,33.301,33.301,33.301
2011-11-20 11:00:00,33.301,33.301,33.301,33.301,33.301,33.301,33.301,33.301,33.301,33.301,33.301,33.301
2011-11-20 12:00:00,33.301,33.301,33.301,33.301,33.301,33.301,33.301,33.301,33.301,33.301,33.301,33.301
2011-11-20 13:00:00,41.223,41.223,41.223,41.223,41.223,41.223,41.223,41.223,41.223,41.223,41.223,41.223
2011-11-20 14:00:00,54.003,54.003,54.003,54.003,54.003,54.003,54.003,54.003,54.003,54.003,54.003,54.003
2011-11-20 15:00:00,54.003,54.003,54.003,54.003,54.003,54.003,54.003,54.003,54.003,54.003,54.003,54.003
2011-11-20 16:00:00,54.003,54.003,54.003,54.003,54.003,54.003,54.003,54.003,54.003,54.003,54.003,54.003
2011-11-20 17:00:00,54.003,54.003,54.003,54.003,54.003,54.003,54.003,54.003,54.003,54.003,54.003,54.003
2011-11-20 18:00:00,54.003,54.003,54.003,54.003,54.003,54.003,54.003,54.003,54.003,54.003,54.003,54.003
2011-11-20 19:00:00,54.003,54.003,54.003,54.003,54.003,54.003,54.003,54.003,54.003,54.003,54.003,54.003
2011-11-20 20:00:00,54.003,54.003,54.003,54.003,54.003,54.003,54.003,54.003,54.003,54.003,54.003,54.003
2011-11-20 21:00:00,54.003,54.003,54.003,54.003,54.003,54.003,54.003,54.003,54.003,54.003,54.003,54.003
2011-11-20 22:00:00,54.003,54.003,54.003,54.003,54.003,54.003,54.003,54.003,54.003,54.003,54.003,54.003
2011-11-20 23:00:00,54.003,54.003,54.003,54.003,54.003,54.003,54.003,54.003,54.003,54.003,54.003,54.003
2011-11-21 00:00:00,66.06,66.06,66.06,66.06,66.06,66.06,66.06,66.06,66.06,66.06,66.06,66.06
2011-11-21 01:00:00,66.06,66.06,66.06,66.06,66.06,66.06,66.06,66.06,66.06,66.06,66.06,66.06
2011-11-21 02:00:00,66.06,66.06,66.06,66.06,66.06,66.06,66.06,66.06,66.06,66.06,66.06,66.06
2011-11-21 03:00:00,66.06,66.06,66.06,66.06,66.06,66.06,66.06,66.06,66.06,66.06,66.06,66.06
2011-11-21 04:00:00,66.06,66.06,66.06,66.06,66.06,66.06,66.06,66.06,66.06,66.06,66.06,66.06
2011-11-21 05:00:00,66.06,66.06,66.06,66.06,66.06,66.06,66.06,66.06,66.06,66.06,66.06,66.06
2011-11-21 06:00:00,60.247,60.247,60.247,60.247,60.247,60.247,60.247,60.247,60.247,60.247,60.247,60.247
2011-11-21 07:00:00,59.547,59.547,59.547,59.547,59.547,59.547,59.547,59.547,59.547,59.547,59.547,59.547
2011-11-21 08:00:00,56.09,56.09,56.09,56.09,56.09,56.09,56.09,56.09,56.09,56.09,56.09,56.09
2011-11-21 09:00:00,55.951,55.951,55.951,55.951,55.951,55.951,55.951,55.951,55.951,55.951,55.951,55.951
2011-11-21 10:00:00,55.951,55.951,55.951,55.951,55.951,55.951,55.951,55.951,55.951,55.951,55.951,55.951
2011-11-21 11:00:00,57.349,57.349,57.349,57.349,57.349,57.349,57.349,57.349,57.349,57.349,57.349,57.349
2011-11-21 12:00:00,57.349,57.349,57.349,57.349,57.349,57.349,57.349,57.349,57.349,57.349,57.349,57.349
2011-11-21 13:00:00,60.661,60.661,60.661,60.661,60.661,60.661,60.661,60.661,60.661,60.661,60.661,60.661
2011-11-21 14:00:00,61.554,61.554,61.554,61.554,61.554,61.554,61.554,61.554,61.554,61.554,61.554,61.554
2011-11-21 15:00:00,66.06,66.06,66.06,66.06,66.06,66.06,66.06,66.06,66.06,66.06,66.06,66.06
2011-11-21 16:00:00,66.436,66.436,66.436,66.436,66.436,66.436,66.436,66.436,66.436,66.436,66.436,66.436
2011-11-21 17:00:00,66.411,66.411,66.411,66.411,66.411,66.411,66.411,66.411,66.411,66.411,66.411,66.411
2011-11-21 18:00:00,66.06,66.06,66.06,66.06,66.06,66.06,66.06,66.06,66.06,66.06,66.06,66.06
2011-11-21 19:00:00,66.06,66.06,66.06,66.06,66.06,66.06,66.06,66.06,66.06,66.06,66.06,66.06
2011-11-21 20:00:00,66.06,66.06,66.06,66.06,66.06,66.06,66.06,66.06,66.06,66.06,66.06,66.06
2011-11-21 21:00:00,66.06,66.06,66.06,66.06,66.06,66.06,66.06,66.06,66.06,66.06,66.06,66.06
2011-11-21 22:00:00,66.06,66.06,66.06,66.06,66.06,66.06,66.06,66.06,66.06,66.06,66.06,66.06
2011-11-21 23:00:00,66.06,66.06,66.06,66.06,66.06,66.06,66.06,66.06,66.06,66.06,66.06,66.06
2011-11-22 00:00:00,60.369,60.369,60.369,60.369,60.369,60.369,60.369,60.369,60.369,60.369,60.369,60.369
2011-11-22 01:00:00,60.369,60.369,60.369,60.369,60.369,60.369,60.369,60.369,60.369,60.369,60.369,60.369
2011-11-22 02:00:00,60.369,60.369,60.369,60.369,60.369,60.369,60.369,60.369,60.369,60.369,60.369,60.369
2011-11-22 03:00:00,60.369,60.369,60.369,60.369,60.369,60.369,60.369,60.369,60.369,60.369,60.369,60.369
2011-11-22 04:00:00,60.369,60.369,60.369,60.369,60.369,60.369,60.369,60.369,60.369,60.369,60.369,60.369
2011-11-22 05:00:00,60.369,60.369,60.369,60.369,60.369,60.369,60.369,60.369,60.369,60.369,60.369,60.369
2011-11-22 06:00:00,58.229,58.229,58.229,58.229,58.229,58.229,58.229,58.229,58.229,58.229,58.229,58.229
2011-11-22 07:00:00,58.345,58.345,58.345,58.345,58.345,58.345,58.345,58.345,58.345,58.345,58.345,58.345
2011-11-22 08:00:00,55.149,55.149,55.149,55.149,55.149,55.149,55.149,55.149,55.149,55.149,55.149,55.149
2011-11-22 09:00:00,53.957,53.957,53.957,53.957,53.957,53.957,53.957,53.957,53.957,53.957,53.957,53.957
2011-11-22 10:00:00,53.957,53.957,53.957,53.957,53.957,53.957,53.957,53.957,53.957,53.957,53.957,53.957
2011-11-22 11:00:00,55.149,55.149,55.149,55.149,55.149,55.149,55.149,55.149,55.149,55.149,55.149,55.149
2011-11-22 12:00:00,56.775,56.775,56.775,56.775,56.775,56.775,56.775,56.775,56.775,56.775,56.775,56.775
2011-11-22 13:00:00,57.811,57.811,57.811,57.811,57.811,57.811,57.811,57.811,57.811,57.811,57.811,57.811
2011-11-22 14:00:00,58.229,58.229,58.229,58.229,58.229,58.229,58.229,58.229,58.229,58.229,58.229,58.229
2011-11-22 15:00:00,60.369,60.369,60.369,60.369,60.369,60.369,60.369,60.369,60.369,60.369,60.369,60.369
2011-11-22 16:00:00,60.369,60.369,60.369,60.369,60.369,60.369,60.369,60.369,60.369,60.369,60.369,60.369
2011-11-22 17:00:00,60.369,60.369,60.369,60.369,60.369,60.369,60.369,60.369,60.369,60.369,60.369,60.369
2011-11-22 18:00:00,60.369,60.369,60.369,60.369,60.369,60.369,60.369,60.369,60.369,60.369,60.369,60.369
2011-11-22 19:00:00,60.369,60.369,60.369,60.369,60.369,60.369,60.369,60.369,60.369,60.369,60.369,60.369
2011-11-22 20:00:00,60.369,60.369,60.369,60.369,60.369,60.369,60.369,60.369,60.369,60.369,60.369,60.369
2011-11-22 21:00:00,60.369,60.369,60.369,60.369,60.369,60.369,60.369,60.369,60.369,60.369,60.369,60.369
2011-11-22 22:00:00,60.369,60.369,60.369,60.369,60.369,60.369,60.369,60.369,60.369,60.369,60.369,60.369
2011-11-22 23:00:00,60.369,60.369,60.369,60.369,60.369,60.369,60.369,60.369,60.369,60.369,60.369,60.369
2011-11-23 00:00:00,22.782,22.782,22.782,22.782,22.782,22.782,22.782,22.782,22.782,22.782,22.782,22.782
2011-11-23 01:00:00,22.782,22.782,22.782,22.782,22.782,22.782,22.782,22.782,22.782,22.782,22.782,22.782
2011-11-23 02:00:00,22.782,22.782,22.782,22.782,22.782,22.782,22.782,22.782,22.782,22.782,22.782,22.782
2011-11-23 03:00:00,22.782,22.782,22.782,22.782,22.782,22.782,22.782,22.782,22.782,22.782,22.782,22.782
2011-11-23 04:00:00,22.782,22.782,22.782,22.782,22.782,22.782,22.782,22.782,22.782,22.782,22.782,22.782
2011-11-23 05:00:00,22.782,22.782,22.782,22.782,22.782,22.782,22.782,22.782,22.782,22.782,22.782,22.782
2011-11-23 06:00:00,28.846,28.846,28.846,28.846,28.846,28.846,28.846,28.846,28.846,28.846,28.846,28.846
2011-11-23 07:00:00,22.096,22.096,22.096,22.096,22.096,22.096,22.096,22.096,22.096,22.096,22.096,22.096
2011-11-23 08:00:00,16.999,16.999,16.999,16.999,16.999,16.999,16.999,16.999,16.999,16.999,16.999,16.999
2011-11-23 09:00:00,13.48,13.48,13.48,13.48,13.48,13.48,13.48,13.48,13.48,13.48,13.48,13.48
2011-11-23 10:00:00,13.186,13.186,13.186,13.186,13.186,13.186,13.186,13.186,13.186,13.186,13.186,13.186
2011-11-23 11:00:00,12.338,12.338,12.338,12.338,12.338,12.338,12.338,12.338,12.338,12.338,12.338,12.338
2011-11-23 12:00:00,12.338,12.338,12.338,12.338,12.338,12.338,12.338,12.338,12.338,12.338,12.338,12.338
2011-11-23 13:00:00,12.338,12.338,12.338,12.338,12.338,12.338,12.338,12.338,12.338,12.338,12.338,12.338
2011-11-23 14:00:00,12.906,12.906,12.906,12.906,12.906,12.906,12.906,12.906,12.906,12.906,12.906,12.906
2011-11-23 15:00:00,13.19,13.19,13.19,13.19,13.19,13.19,13.19,13.19,13.19,13.19,13.19,13.19
2011-11-23 16:00:00,12.571,12.571,12.571,12.571,12.571,12.571,12.571,12.571,12.571,12.571,12.571,12.571
2011-11-23 17:00:00,12.571,12.571,12.571,12.571,12.571,12.571,12.571,12.571,12.571,12.571,12.571,12.571
2011-11-23 18:00:00,12.571,12.571,12.571,12.571,12.571,12.571,12.571,12.571,12.571,12.571,12.571,12.571
2011-11-23 19:00:00,12.571,12.571,12.571,12.571,12.571,12.571,12.571,12.571,12.571,12.571,12.571,12.571
2011-11-23 20:00:00,12.571,12.571,12.571,12.571,12.571,12.571,12.571,12.571,12.571,12.571,12.571,12.571
2011-11-23 21:00:00,12.571,12.571,12.571,12.571,12.571,12.571,12.571,12.571,12.571,12.571,12.571,12.571
2011-11-23 22:00:00,12.571,12.571,12.571,12.571,12.571,12.571,12.571,12.571,12.571,12.571,12.571,12.571
2011-11-23 23:00:00,12.571,12.571,12.571,12.571,12.571,12.571,12.571,12.571,12.571,12.571,12.571,12.571
2011-11-24 00:00:00,21.485,21.485,21.485,21.485,21.485,21.485,21.485,21.485,21.485,21.485,21.485,21.485
2011-11-24 01:00:00,21.485,21.485,21.485,21.485,21.485,21.485,21.485,21.485,21.485,21.485,21.485,21.485
2011-11-24 02:00:00,21.485,21.485,21.485,21.485,21.485,21.485,21.485,21.485,21.485,21.485,21.485,21.485
2011-11-24 03:00:00,21.485,21.485,21.485,21.485,21.485,21.485,21.485,21.485,21.485,21.485,21.485,21.485
2011-11-24 04:00:00,21.485,21.485,21.485,21.485,21.485,21.485,21.485,21.485,21.485,21.485,21.485,21.485
2011-11-24 05:00:00,21.758,21.758,21.758,21.758,21.758,21.758,21.758,21.758,21.758,21.758,21.758,21.758
2011-11-24 06:00:00,21.563,21.563,21.563,21.563,21.563,21.563,21.563,21.563,21.563,21.563,21.563,21.563
2011-11-24 07:00:00,21.677,21.677,21.677,21.677,21.677,21.677,21.677,21.677,21.677,21.677,21.677,21.677
2011-11-24 08:00:00,21.358,21.358,21.358,21.358,21.358,21.358,21.358,21.358,21.358,21.358,21.358,21.358
2011-11-24 09:00:00,19.806,19.806,19.806,19.806,19.806,19.806,19.806,19.806,19.806,19.806,19.806,19.806
2011-11-24 10:00:00,17.803,17.803,17.803,17.803,17.803,17.803,17.803,17.803,17.803,17.803,17.803,17.803
2011-11-24 11:00:00,17.803,17.803,17.803,17.803,17.803,17.803,17.803,17.803,17.803,17.803,17.803,17.803
2011-11-24 12:00:00,18.042,18.042,18.042,18.042,18.042,18.042,18.042,18.042,18.042,18.042,18.042,18.042
2011-11-24 13:00:00,20.03,20.03,20.03,20.03,20.03,20.03,20.03,20.03,20.03,20.03,20.03,20.03
2011-11-24 14:00:00,21.331,21.331,21.331,21.331,21.331,21.331,21.331,21.331,21.331,21.331,21.331,21.331
2011-11-24 15:00:00,21.553,21.553,21.553,21.553,21.553,21.553,21.553,21.553,21.553,21.553,21.553,21.553
2011-11-24 16:00:00,21.922,21.922,21.922,21.922,21.922,21.922,21.922,21.922,21.922,21.922,21.922,21.922
2011-11-24 17:00:00,21.982,21.982,21.982,21.982,21.982,21.982,21.982,21.982,21.982,21.982,21.982,21.982
2011-11-24 18:00:00,21.485,21.485,21.485,21.485,21.485,21.485,21.485,21.485,21.485,21.485,21.485,21.485
2011-11-24 19:00:00,21.485,21.485,21.485,21.485,21.485,21.485,21.485,21.485,21.485,21.485,21.485,21.485
2011-11-24 20:00:00,21.485,21.485,21.485,21.485,21.485,21.485,21.485,21.485,21.485,21.485,21.485,21.485
2011-11-24 21:00:00,21.485,21.485,21.485,21.485,21.485,21.485,21.485,21.485,21.485,21.485,21.485,21.485
2011-11-24 22:00:00,21.485,21.485,21.485,21.485,21.485,21.485,21.485,21.485,21.485,21.485,21.485,21.485
2011-11-24 23:00:00,21.485,21.485,21.485,21.485,21.485,21.485,21.485,21.485,21.485,21.485,21.485,21.485
2011-11-25 00:00:00,20.379,20.379,20.379,20.379,20.379,20.379,20.379,20.379,20.379,20.379,20.379,20.379
2011-11-25 01:00:00,20.379,20.379,20.379,20.379,20.379,20.379,20.379,20.379,20.379,20.379,20.379,20.379
2011-11-25 02:00:00,20.379,20.379,20.379,20.379,20.379,20.379,20.379,20.379,20.379,20.379,20.379,20.379
2011-11-25 03:00:00,20.379,20.379,20.379,20.379,20.379,20.379,20.379,20.379,20.379,20.379,20.379,20.379
2011-11-25 04:00:00,20.379,20.379,20.379,20.379,20.379,20.379,20.379,20.379,20.379,20.379,20.379,20.379
2011-11-25 05:00:00,20.379,20.379,20.379,20.379,20.379,20.379,20.379,20.379,20.379,20.379,20.379,20.379
2011-11-25 06:00:00,19.719,19.719,19.719,19.719,19.719,19.719,19.719,19.719,19.719,19.719,19.719,19.719
2011-11-25 07:00:00,20.49,20.49,20.49,20.49,20.49,20.49,20.49,20.49,20.49,20.49,20.49,20.49
2011-11-25 08:00:00,19.864,19.864,19.864,19.864,19.864,19.864,19.864,19.864,19.864,19.864,19.864,19.864
2011-11-25 09:00:00,18.376,18.376,18.376,18.376,18.376,18.376,18.376,18.376,18.376,18.376,18.376,18.376
2011-11-25 10:00:00,15.095,15.095,15.095,15.095,15.095,15.095,15.095,15.095,15.095,15.095,15.095,15.095
2011-11-25 11:00:00,14.776,14.776,14.776,14.776,14.776,14.776,14.776,14.776,14.776,14.776,14.776,14.776
2011-11-25 12:00:00,14.776,14.776,14.776,14.776,14.776,14.776,14.776,14.776,14.776,14.776,14.776,14.776
2011-11-25 13:00:00,14.776,14.776,14.776,14.776,14.776,14.776,14.776,14.776,14.776,14.776,14.776,14.776
2011-11-25 14:00:00,17.055,17.055,17.055,17.055,17.055,17.055,17.055,17.055,17.055,17.055,17.055,17.055
2011-11-25 15:00:00,20.391,20.391,20.391,20.391,20.391,20.391,20.391,20.391,20.391,20.391,20.391,20.391
2011-11-25 16:00:00,20.709,20.709,20.709,20.709,20.709,20.709,20.709,20.709,20.709,20.709,20.709,20.709
2011-11-25 17:00:00,20.463,20.463,20.463,20.463,20.463,20.463,20.463,20.463,20.463,20.463,20.463,20.463
2011-11-25 18:00:00,20.379,20.379,20.379,20.379,20.379,20.379,20.379,20.379,20.379,20.379,20.379,20.379
2011-11-25 19:00:00,20.379,20.379,20.379,20.379,20.379,20.379,20.379,20.379,20.379,20.379,20.379,20.379
2011-11-25 20:00:00,20.379,20.379,20.379,20.379,20.379,20.379,20.379,20.379,20.379,20.379,20.379,20.379
2011-11-25 21:00:00,20.379,20.379,20.379,20.379,20.379,20.379,20.379,20.379,20.379,20.379,20.379,20.379
2011-11-25 22:00:00,20.379,20.379,20.379,20.379,20.379,20.379,20.379,20.379,20.379,20.379,20.379,20.379
2011-11-25 23:00:00,20.379,20.379,20.379,20.379,20.379,20.379,20.379,20.379,20.379,20.379,20.379,20.379
2011-11-26 00:00:00,18.754,18.754,18.754,18.754,18.754,18.754,18.754,18.754,18.754,18.754,18.754,18.754
2011-11-26 01:00:00,18.754,18.754,18.754,18.754,18.754,18.754,18.754,18.754,18.754,18.754,18.754,18.754
2011-11-26 02:00:00,18.754,18.754,18.754,18.754,18.754,18.754,18.754,18.754,18.754,18.754,18.754,18.754
2011-11-26 03:00:00,18.754,18.754,18.754,18.754,18.754,18.754,18.754,18.754,18.754,18.754,18.754,18.754
2011-11-26 04:00:00,18.754,18.754,18.754,18.754,18.754,18.754,18.754,18.754,18.754,18.754,18.754,18.754
2011-11-26 05:00:00,18.754,18.754,18.754,18.754,18.754,18.754,18.754,18.754,18.754,18.754,18.754,18.754
2011-11-26 06:00:00,18.754,18.754,18.754,18.754,18.754,18.754,18.754,18.754,18.754,18.754,18.754,18.754
2011-11-26 07:00:00,18.754,18.754,18.754,18.754,18.754,18.754,18.754,18.754,18.754,18.754,18.754,18.754
2011-11-26 08:00:00,18.379,18.379,18.379,18.379,18.379,18.379,18.379,18.379,18.379,18.379,18.379,18.379
2011-11-26 09:00:00,11.266,11.266,11.266,11.266,11.266,11.266,11.266,11.266,11.266,11.266,11.266,11.266
2011-11-26 10:00:00,10.858,10.858,10.858,10.858,10.858,10.858,10.858,10.858,10.858,10.858,10.858,10.858
2011-11-26 11:00:00,10.858,10.858,10.858,10.858,10.858,10.858,10.858,10.858,10.858,10.858,10.858,10.858
2011-11-26 12:00:00,10.858,10.858,10.858,10.858,10.858,10.858,10.858,10.858,10.858,10.858,10.858,10.858
2011-11-26 13:00:00,10.893,10.893,10.893,10.893,10.893,10.893,10.893,10.893,10.893,10.893,10.893,10.893
2011-11-26 14:00:00,17.549,17.549,17.549,17.549,17.549,17.549,17.549,17.549,17.549,17.549,17.549,17.549
2011-11-26 15:00:00,18.754,18.754,18.754,18.754,18.754,18.754,18.754,18.754,18.754,18.754,18.754,18.754
2011-11-26 16:00:00,19.29,19.29,19.29,19.29,19.29,19.29,19.29,19.29,19.29,19.29,19.29,19.29
2011-11-26 17:00:00,19.29,19.29,19.29,19.29,19.29,19.29,19.29,19.29,19.29,19.29,19.29,19.29
2011-11-26 18:00:00,18.754,18.754,18.754,18.754,18.754,18.754,18.754,18.754,18.754,18.754,18.754,18.754
2011-11-26 19:00:00,18.754,18.754,18.754,18.754,18.754,18.754,18.754,18.754,18.754,18.754,18.754,18.754
2011-11-26 20:00:00,18.754,18.754,18.754,18.754,18.754,18.754,18.754,18.754,18.754,18.754,18.754,18.754
2011-11-26 21:00:00,18.754,18.754,18.754,18.754,18.754,18.754,18.754,18.754,18.754,18.754,18.754,18.754
2011-11-26 22:00:00,18.754,18.754,18.754,18.754,18.754,18.754,18.754,18.754,18.754,18.754,18.754,18.754
2011-11-26 23:00:00,18.754,18.754,18.754,18.754,18.754,18.754,18.754,18.754,18.754,18.754,18.754,18.754
2011-11-27 00:00:00,22.946,22.946,22.946,22.946,22.946,22.946,22.946,22.946,22.946,22.946,22.946,22.946
2011-11-27 01:00:00,22.946,22.946,22.946,22.946,22.946,22.946,22.946,22.946,22.946,22.946,22.946,22.946
2011-11-27 02:00:00,22.946,22.946,22.946,22.946,22.946,22.946,22.946,22.946,22.946,22.946,22.946,22.946
2011-11-27 03:00:00,22.946,22.946,22.946,22.946,22.946,22.946,22.946,22.946,22.946,22.946,22.946,22.946
2011-11-27 04:00:00,22.946,22.946,22.946,22.946,22.946,22.946,22.946,22.946,22.946,22.946,22.946,22.946
2011-11-27 05:00:00,22.946,22.946,22.946,22.946,22.946,22.946,22.946,22.946,22.946,22.946,22.946,22.946
2011-11-27 06:00:00,22.946,22.946,22.946,22.946,22.946,22.946,22.946,22.946,22.946,22.946,22.946,22.946
2011-11-27 07:00:00,22.946,22.946,22.946,22.946,22.946,22.946,22.946,22.946,22.946,22.946,22.946,22.946
2011-11-27 08:00:00,17.899,17.899,17.899,17.899,17.899,17.899,17.899,17.899,17.899,17.899,17.899,17.899
2011-11-27 09:00:00,8.701,8.701,8.701,8.701,8.701,8.701,8.701,8.701,8.701,8.701,8.701,8.701
2011-11-27 10:00:00,8.594,8.594,8.594,8.594,8.594,8.594,8.594,8.594,8.594,8.594,8.594,8.594
2011-11-27 11:00:00,8.594,8.594,8.594,8.594,8.594,8.594,8.594,8.594,8.594,8.594,8.594,8.594
2011-11-27 12:00:00,8.594,8.594,8.594,8.594,8.594,8.594,8.594,8.594,8.594,8.594,8.594,8.594
2011-11-27 13:00:00,8.594,8.594,8.594,8.594,8.594,8.594,8.594,8.594,8.594,8.594,8.594,8.594
2011-11-27 14:00:00,15.214,15.214,15.214,15.214,15.214,15.214,15.214,15.214,15.214,15.214,15.214,15.214
2011-11-27 15:00:00,22.946,22.946,22.946,22.946,22.946,22.946,22.946,22.946,22.946,22.946,22.946,22.946
2011-11-27 16:00:00,23.154,23.154,23.154,23.154,23.154,23.154,23.154,23.154,23.154,23.154,23.154,23.154
2011-11-27 17:00:00,23.129,23.129,23.129,23.129,23.129,23.129,23.129,23.129,23.129,23.129,23.129,23.129
2011-11-27 18:00:00,22.946,22.946,22.946,22.946,22.946,22.946,22.946,22.946,22.946,22.946,22.946,22.946
2011-11-27 19:00:00,22.946,22.946,22.946,22.946,22.946,22.946,22.946,22.946,22.946,22.946,22.946,22.946
2011-11-27 20:00:00,22.946,22.946,22.946,22.946,22.946,22.946,22.946,22.946,22.946,22.946,22.946,22.946
2011-11-27 21:00:00,22.946,22.946,22.946,22.946,22.946,22.946,22.946,22.946,22.946,22.946,22.946,22.946
2011-11-27 22:00:00,22.946,22.946,22.946,22.946,22.946,22.946,22.946,22.946,22.946,22.946,22.946,22.946
2011-11-27 23:00:00,22.946,22.946,22.946,22.946,22.946,22.946,22.946,22.946,22.946,22.946,22.946,22.946
2011-11-28 00:00:00,22.431,22.431,22.431,22.431,22.431,22.431,22.431,22.431,22.431,22.431,22.431,22.431
2011-11-28 01:00:00,22.431,22.431,22.431,22.431,22.431,22.431,22.431,22.431,22.431,22.431,22.431,22.431
2011-11-28 02:00:00,22.431,22.431,22.431,22.431,22.431,22.431,22.431,22.431,22.431,22.431,22.431,22.431
2011-11-28 03:00:00,22.431,22.431,22.431,22.431,22.431,22.431,22.431,22.431,22.431,22.431,22.431,22.431
2011-11-28 04:00:00,22.431,22.431,22.431,22.431,22.431,22.431,22.431,22.431,22.431,22.431,22.431,22.431
2011-11-28 05:00:00,22.431,22.431,22.431,22.431,22.431,22.431,22.431,22.431,22.431,22.431,22.431,22.431
2011-11-28 06:00:00,22.431,22.431,22.431,22.431,22.431,22.431,22.431,22.431,22.431,22.431,22.431,22.431
2011-11-28 07:00:00,22.454,22.454,22.454,22.454,22.454,22.454,22.454,22.454,22.454,22.454,22.454,22.454
2011-11-28 08:00:00,21.753,21.753,21.753,21.753,21.753,21.753,21.753,21.753,21.753,21.753,21.753,21.753
2011-11-28 09:00:00,17.447,17.447,17.447,17.447,17.447,17.447,17.447,17.447,17.447,17.447,17.447,17.447
2011-11-28 10:00:00,16.146,16.146,16.146,16.146,16.146,16.146,16.146,16.146,16.146,16.146,16.146,16.146
2011-11-28 11:00:00,16.146,16.146,16.146,16.146,16.146,16.146,16.146,16.146,16.146,16.146,16.146,16.146
2011-11-28 12:00:00,16.146,16.146,16.146,16.146,16.146,16.146,16.146,16.146,16.146,16.146,16.146,16.146
2011-11-28 13:00:00,18.001,18.001,18.001,18.001,18.001,18.001,18.001,18.001,18.001,18.001,18.001,18.001
2011-11-28 14:00:00,20.442,20.442,20.442,20.442,20.442,20.442,20.442,20.442,20.442,20.442,20.442,20.442
2011-11-28 15:00:00,22.35,22.35,22.35,22.35,22.35,22.35,22.35,22.35,22.35,22.35,22.35,22.35
2011-11-28 16:00:00,22.35,22.35,22.35,22.35,22.35,22.35,22.35,22.35,22.35,22.35,22.35,22.35
2011-11-28 17:00:00,22.35,22.35,22.35,22.35,22.35,22.35,22.35,22.35,22.35,22.35,22.35,22.35
2011-11-28 18:00:00,22.35,22.35,22.35,22.35,22.35,22.35,22.35,22.35,22.35,22.35,22.35,22.35
2011-11-28 19:00:00,22.35,22.35,22.35,22.35,22.35,22.35,22.35,22.35,22.35,22.35,22.35,22.35
2011-11-28 20:00:00,22.35,22.35,22.35,22.35,22.35,22.35,22.35,22.35,22.35,22.35,22.35,22.35
2011-11-28 21:00:00,22.35,22.35,22.35,22.35,22.35,22.35,22.35,22.35,22.35,22.35,22.35,22.35
2011-11-28 22:00:00,22.35,22.35,22.35,22.35,22.35,22.35,22.35,22.35,22.35,22.35,22.35,22.35
2011-11-28 23:00:00,22.35,22.35,22.35,22.35,22.35,22.35,22.35,22.35,22.35,22.35,22.35,22.35
2011-11-29 00:00:00,20.321,20.321,20.321,20.321,20.321,20.321,20.321,20.321,20.321,20.321,20.321,20.321
2011-11-29 01:00:00,20.321,20.321,20.321,20.321,20.321,20.321,20.321,20.321,20.321,20.321,20.321,20.321
2011-11-29 02:00:00,20.321,20.321,20.321,20.321,20.321,20.321,20.321,20.321,20.321,20.321,20.321,20.321
2011-11-29 03:00:00,20.321,20.321,20.321,20.321,20.321,20.321,20.321,20.321,20.321,20.321,20.321,20.321
2011-11-29 04:00:00,20.321,20.321,20.321,20.321,20.321,20.321,20.321,20.321,20.321,20.321,20.321,20.321
2011-11-29 05:00:00,21.395,21.395,21.395,21.395,21.395,21.395,21.395,21.395,21.395,21.395,21.395,21.395
2011-11-29 06:00:00,21.559,21.559,21.559,21.559,21.559,21.559,21.559,21.559,21.559,21.559,21.559,21.559
2011-11-29 07:00:00,21.586,21.586,21.586,21.586,21.586,21.586,21.586,21.586,21.586,21.586,21.586,21.586
2011-11-29 08:00:00,20.5,20.5,20.5,20.5,20.5,20.5,20.5,20.5,20.5,20.5,20.5,20.5
2011-11-29 09:00:00,18.01,18.01,18.01,18.01,18.01,18.01,18.01,18.01,18.01,18.01,18.01,18.01
2011-11-29 10:00:00,17.885,17.885,17.885,17.885,17.885,17.885,17.885,17.885,17.885,17.885,17.885,17.885
2011-11-29 11:00:00,17.885,17.885,17.885,17.885,17.885,17.885,17.885,17.885,17.885,17.885,17.885,17.885
2011-11-29 12:00:00,17.885,17.885,17.885,17.885,17.885,17.885,17.885,17.885,17.885,17.885,17.885,17.885
2011-11-29 13:00:00,17.952,17.952,17.952,17.952,17.952,17.952,17.952,17.952,17.952,17.952,17.952,17.952
2011-11-29 14:00:00,18.808,18.808,18.808,18.808,18.808,18.808,18.808,18.808,18.808,18.808,18.808,18.808
2011-11-29 15:00:00,20.881,20.881,20.881,20.881,20.881,20.881,20.881,20.881,20.881,20.881,20.881,20.881
2011-11-29 16:00:00,20.881,20.881,20.881,20.881,20.881,20.881,20.881,20.881,20.881,20.881,20.881,20.881
2011-11-29 17:00:00,20.474,20.474,20.474,20.474,20.474,20.474,20.474,20.474,20.474,20.474,20.474,20.474
2011-11-29 18:00:00,20.321,20.321,20.321,20.321,20.321,20.321,20.321,20.321,20.321,20.321,20.321,20.321
2011-11-29 19:00:00,20.321,20.321,20.321,20.321,20.321,20.321,20.321,20.321,20.321,20.321,20.321,20.321
2011-11-29 20:00:00,20.321,20.321,20.321,20.321,20.321,20.321,20.321,20.321,20.321,20.321,20.321,20.321
2011-11-29 21:00:00,20.321,20.321,20.321,20.321,20.321,20.321,20.321,20.321,20.321,20.321,20.321,20.321
2011-11-29 22:00:00,20.321,20.321,20.321,20.321,20.321,20.321,20.321,20.321,20.321,20.321,20.321,20.321
2011-11-29 23:00:00,20.321,20.321,20.321,20.321,20.321,20.321,20.321,20.321,20.321,20.321,20.321,20.321
2011-11-30 00:00:00,22.555,22.555,22.555,22.555,22.555,22.555,22.555,22.555,22.555,22.555,22.555,22.555
2011-11-30 01:00:00,22.555,22.555,22.555,22.555,22.555,22.555,22.555,22.555,22.555,22.555,22.555,22.555
2011-11-30 02:00:00,22.555,22.555,22.555,22.555,22.555,22.555,22.555,22.555,22.555,22.555,22.555,22.555
2011-11-30 03:00:00,22.555,22.555,22.555,22.555,22.555,22.555,22.555,22.555,22.555,22.555,22.555,22.555
2011-11-30 04:00:00,22.555,22.555,22.555,22.555,22.555,22.555,22.555,22.555,22.555,22.555,22.555,22.555
2011-11-30 05:00:00,22.555,22.555,22.555,22.555,22.555,22.555,22.555,22.555,22.555,22.555,22.555,22.555
2011-11-30 06:00:00,21.7,21.7,21.7,21.7,21.7,21.7,21.7,21.7,21.7,21.7,21.7,21.7
2011-11-30 07:00:00,21.751,21.751,21.751,21.751,21.751,21.751,21.751,21.751,21.751,21.751,21.751,21.751
2011-11-30 08:00:00,18.444,18.444,18.444,18.444,18.444,18.444,18.444,18.444,18.444,18.444,18.444,18.444
2011-11-30 09:00:00,13.387,13.387,13.387,13.387,13.387,13.387,13.387,13.387,13.387,13.387,13.387,13.387
2011-11-30 10:00:00,13.387,13.387,13.387,13.387,13.387,13.387,13.387,13.387,13.387,13.387,13.387,13.387
2011-11-30 11:00:00,13.387,13.387,13.387,13.387,13.387,13.387,13.387,13.387,13.387,13.387,13.387,13.387
2011-11-30 12:00:00,13.387,13.387,13.387,13.387,13.387,13.387,13.387,13.387,13.387,13.387,13.387,13.387
2011-11-30 13:00:00,13.762,13.762,13.762,13.762,13.762,13.762,13.762,13.762,13.762,13.762,13.762,13.762
2011-11-30 14:00:00,17.681,17.681,17.681,17.681,17.681,17.681,17.681,17.681,17.681,17.681,17.681,17.681
2011-11-30 15:00:00,22.799,22.799,22.799,22.799,22.799,22.799,22.799,22.799,22.799,22.799,22.799,22.799
2011-11-30 16:00:00,22.799,22.799,22.799,22.799,22.799,22.799,22.799,22.799,22.799,22.799,22.799,22.799
2011-11-30 17:00:00,22.799,22.799,22.799,22.799,22.799,22.799,22.799,22.799,22.799,22.799,22.799,22.799
2011-11-30 18:00:00,22.555,22.555,22.555,22.555,22.555,22.555,22.555,22.555,22.555,22.555,22.555,22.555
2011-11-30 19:00:00,22.555,22.555,22.555,22.555,22.555,22.555,22.555,22.555,22.555,22.555,22.555,22.555
2011-11-30 20:00:00,22.555,22.555,22.555,22.555,22.555,22.555,22.555,22.555,22.555,22.555,22.555,22.555
2011-11-30 21:00:00,22.555,22.555,22.555,22.555,22.555,22.555,22.555,22.555,22.555,22.555,22.555,22.555
2011-11-30 22:00:00,22.555,22.555,22.555,22.555,22.555,22.555,22.555,22.555,22.555,22.555,22.555,22.555
2011-11-30 23:00:00,22.555,22.555,22.555,22.555,22.555,22.555,22.555,22.555,22.555,22.555,22.555,22.555
2011-12-01 00:00:00,21.075,21.075,21.075,21.075,21.075,21.075,21.075,21.075,21.075,21.075,21.075,21.075
2011-12-01 01:00:00,21.075,21.075,21.075,21.075,21.075,21.075,21.075,21.075,21.075,21.075,21.075,21.075
2011-12-01 02:00:00,21.075,21.075,21.075,21.075,21.075,21.075,21.075,21.075,21.075,21.075,21.075,21.075
2011-12-01 03:00:00,21.075,21.075,21.075,21.075,21.075,21.075,21.075,21.075,21.075,21.075,21.075,21.075
2011-12-01 04:00:00,21.075,21.075,21.075,21.075,21.075,21.075,21.075,21.075,21.075,21.075,21.075,21.075
2011-12-01 05:00:00,21.075,21.075,21.075,21.075,21.075,21.075,21.075,21.075,21.075,21.075,21.075,21.075
2011-12-01 06:00:00,21.075,21.075,21.075,21.075,21.075,21.075,21.075,21.075,21.075,21.075,21.075,21.075
2011-12-01 07:00:00,20.36,20.36,20.36,20.36,20.36,20.36,20.36,20.36,20.36,20.36,20.36,20.36
2011-12-01 08:00:00,19.451,19.451,19.451,19.451,19.451,19.451,19.451,19.451,19.451,19.451,19.451,19.451
2011-12-01 09:00:00,18.34,18.34,18.34,18.34,18.34,18.34,18.34,18.34,18.34,18.34,18.34,18.34
2011-12-01 10:00:00,17.066,17.066,17.066,17.066,17.066,17.066,17.066,17.066,17.066,17.066,17.066,17.066
2011-12-01 11:00:00,17.066,17.066,17.066,17.066,17.066,17.066,17.066,17.066,17.066,17.066,17.066,17.066
2011-12-01 12:00:00,17.066,17.066,17.066,17.066,17.066,17.066,17.066,17.066,17.066,17.066,17.066,17.066
2011-12-01 13:00:00,18.529,18.529,18.529,18.529,18.529,18.529,18.529,18.529,18.529,18.529,18.529,18.529
2011-12-01 14:00:00,20.405,20.405,20.405,20.405,20.405,20.405,20.405,20.405,20.405,20.405,20.405,20.405
2011-12-01 15:00:00,21.075,21.075,21.075,21.075,21.075,21.075,21.075,21.075,21.075,21.075,21.075,21.075
2011-12-01 16:00:00,21.075,21.075,21.075,21.075,21.075,21.075,21.075,21.075,21.075,21.075,21.075,21.075
2011-12-01 17:00:00,21.075,21.075,21.075,21.075,21.075,21.075,21.075,21.075,21.075,21.075,21.075,21.075
2011-12-01 18:00:00,21.075,21.075,21.075,21.075,21.075,21.075,21.075,21.075,21.075,21.075,21.075,21.075
2011-12-01 19:00:00,21.075,21.075,21.075,21.075,21.075,21.075,21.075,21.075,21.075,21.075,21.075,21.075
2011-12-01 20:00:00,21.075,21.075,21.075,21.075,21.075,21.075,21.075,21.075,21.075,21.075,21.075,21.075
2011-12-01 21:00:00,21.075,21.075,21.075,21.075,21.075,21.075,21.075,21.075,21.075,21.075,21.075,21.075
2011-12-01 22:00:00,21.075,21.075,21.075,21.075,21.075,21.075,21.075,21.075,21.075,21.075,21.075,21.075
2011-12-01 23:00:00,21.075,21.075,21.075,21.075,21.075,21.075,21.075,21.075,21.075,21.075,21.075,21.075
2011-12-02 00:00:00,22.996,22.996,22.996,22.996,22.996,22.996,22.996,22.996,22.996,22.996,22.996,22.996
2011-12-02 01:00:00,23.713,23.713,23.713,23.713,23.713,23.713,23.713,23.713,23.713,23.713,23.713,23.713
2011-12-02 02:00:00,23.87,23.87,23.87,23.87,23.87,23.87,23.87,23.87,23.87,23.87,23.87,23.87
2011-12-02 03:00:00,23.87,23.87,23.87,23.87,23.87,23.87,23.87,23.87,23.87,23.87,23.87,23.87
2011-12-02 04:00:00,23.87,23.87,23.87,23.87,23.87,23.87,23.87,23.87,23.87,23.87,23.87,23.87
2011-12-02 05:00:00,23.926,23.926,23.926,23.926,23.926,23.926,23.926,23.926,23.926,23.926,23.926,23.926
2011-12-02 06:00:00,24.455,24.455,24.455,24.455,24.455,24.455,24.455,24.455,24.455,24.455,24.455,24.455
2011-12-02 07:00:00,24.6,24.6,24.6,24.6,24.6,24.6,24.6,24.6,24.6,24.6,24.6,24.6
2011-12-02 08:00:00,23.094,23.094,23.094,23.094,23.094,23.094,23.094,23.094,23.094,23.094,23.094,23.094
2011-12-02 09:00:00,21.248,21.248,21.248,21.248,21.248,21.248,21.248,21.248,21.248,21.248,21.248,21.248
2011-12-02 10:00:00,21.283,21.283,21.283,21.283,21.283,21.283,21.283,21.283,21.283,21.283,21.283,21.283
2011-12-02 11:00:00,20.976,20.976,20.976,20.976,20.976,20.976,20.976,20.976,20.976,20.976,20.976,20.976
2011-12-02 12:00:00,20.722,20.722,20.722,20.722,20.722,20.722,20.722,20.722,20.722,20.722,20.722,20.722
2011-12-02 13:00:00,20.722,20.722,20.722,20.722,20.722,20.722,20.722,20.722,20.722,20.722,20.722,20.722
2011-12-02 14:00:00,21.556,21.556,21.556,21.556,21.556,21.556,21.556,21.556,21.556,21.556,21.556,21.556
2011-12-02 15:00:00,22.996,22.996,22.996,22.996,22.996,22.996,22.996,22.996,22.996,22.996,22.996,22.996
2011-12-02 16:00:00,22.996,22.996,22.996,22.996,22.996,22.996,22.996,22.996,22.996,22.996,22.996,22.996
2011-12-02 17:00:00,22.996,22.996,22.996,22.996,22.996,22.996,22.996,22.996,22.996,22.996,22.996,22.996
2011-12-02 18:00:00,22.996,22.996,22.996,22.996,22.996,22.996,22.996,22.996,22.996,22.996,22.996,22.996
2011-12-02 19:00:00,22.996,22.996,22.996,22.996,22.996,22.996,22.996,22.996,22.996,22.996,22.996,22.996
2011-12-02 20:00:00,22.996,22.996,22.996,22.996,22.996,22.996,22.996,22.996,22.996,22.996,22.996,22.996
2011-12-02 21:00:00,22.996,22.996,22.996,22.996,22.996,22.996,22.996,22.996,22.996,22.996,22.996,22.996
2011-12-02 22:00:00,22.996,22.996,22.996,22.996,22.996,22.996,22.996,22.996,22.996,22.996,22.996,22.996
2011-12-02 23:00:00,22.996,22.996,22.996,22.996,22.996,22.996,22.996,22.996,22.996,22.996,22.996,22.996
2011-12-03 00:00:00,18.754,18.754,18.754,18.754,18.754,18.754,18.754,18.754,18.754,18.754,18.754,18.754
2011-12-03 01:00:00,18.754,18.754,18.754,18.754,18.754,18.754,18.754,18.754,18.754,18.754,18.754,18.754
2011-12-03 02:00:00,18.754,18.754,18.754,18.754,18.754,18.754,18.754,18.754,18.754,18.754,18.754,18.754
2011-12-03 03:00:00,18.754,18.754,18.754,18.754,18.754,18.754,18.754,18.754,18.754,18.754,18.754,18.754
2011-12-03 04:00:00,18.754,18.754,18.754,18.754,18.754,18.754,18.754,18.754,18.754,18.754,18.754,18.754
2011-12-03 05:00:00,18.754,18.754,18.754,18.754,18.754,18.754,18.754,18.754,18.754,18.754,18.754,18.754
2011-12-03 06:00:00,18.754,18.754,18.754,18.754,18.754,18.754,18.754,18.754,18.754,18.754,18.754,18.754
2011-12-03 07:00:00,18.754,18.754,18.754,18.754,18.754,18.754,18.754,18.754,18.754,18.754,18.754,18.754
2011-12-03 08:00:00,18.754,18.754,18.754,18.754,18.754,18.754,18.754,18.754,18.754,18.754,18.754,18.754
2011-12-03 09:00:00,17.496,17.496,17.496,17.496,17.496,17.496,17.496,17.496,17.496,17.496,17.496,17.496
2011-12-03 10:00:00,17.496,17.496,17.496,17.496,17.496,17.496,17.496,17.496,17.496,17.496,17.496,17.496
2011-12-03 11:00:00,16.982,16.982,16.982,16.982,16.982,16.982,16.982,16.982,16.982,16.982,16.982,16.982
2011-12-03 12:00:00,16.982,16.982,16.982,16.982,16.982,16.982,16.982,16.982,16.982,16.982,16.982,16.982
2011-12-03 13:00:00,16.982,16.982,16.982,16.982,16.982,16.982,16.982,16.982,16.982,16.982,16.982,16.982
2011-12-03 14:00:00,17.837,17.837,17.837,17.837,17.837,17.837,17.837,17.837,17.837,17.837,17.837,17.837
2011-12-03 15:00:00,18.754,18.754,18.754,18.754,18.754,18.754,18.754,18.754,18.754,18.754,18.754,18.754
2011-12-03 16:00:00,18.754,18.754,18.754,18.754,18.754,18.754,18.754,18.754,18.754,18.754,18.754,18.754
2011-12-03 17:00:00,18.754,18.754,18.754,18.754,18.754,18.754,18.754,18.754,18.754,18.754,18.754,18.754
2011-12-03 18:00:00,18.754,18.754,18.754,18.754,18.754,18.754,18.754,18.754,18.754,18.754,18.754,18.754
2011-12-03 19:00:00,18.754,18.754,18.754,18.754,18.754,18.754,18.754,18.754,18.754,18.754,18.754,18.754
2011-12-03 20:00:00,18.754,18.754,18.754,18.754,18.754,18.754,18.754,18.754,18.754,18.754,18.754,18.754
2011-12-03 21:00:00,18.754,18.754,18.754,18.754,18.754,18.754,18.754,18.754,18.754,18.754,18.754,18.754
2011-12-03 22:00:00,18.754,18.754,18.754,18.754,18.754,18.754,18.754,18.754,18.754,18.754,18.754,18.754
2011-12-03 23:00:00,18.754,18.754,18.754,18.754,18.754,18.754,18.754,18.754,18.754,18.754,18.754,18.754
2011-12-04 00:00:00,20.938,20.938,20.938,20.938,20.938,20.938,20.938,20.938,20.938,20.938,20.938,20.938
2011-12-04 01:00:00,20.938,20.938,20.938,20.938,20.938,20.938,20.938,20.938,20.938,20.938,20.938,20.938
2011-12-04 02:00:00,20.938,20.938,20.938,20.938,20.938,20.938,20.938,20.938,20.938,20.938,20.938,20.938
2011-12-04 03:00:00,20.938,20.938,20.938,20.938,20.938,20.938,20.938,20.938,20.938,20.938,20.938,20.938
2011-12-04 04:00:00,20.938,20.938,20.938,20.938,20.938,20.938,20.938,20.938,20.938,20.938,20.938,20.938
2011-12-04 05:00:00,20.938,20.938,20.938,20.938,20.938,20.938,20.938,20.938,20.938,20.938,20.938,20.938
2011-12-04 06:00:00,20.938,20.938,20.938,20.938,20.938,20.938,20.938,20.938,20.938,20.938,20.938,20.938
2011-12-04 07:00:00,20.938,20.938,20.938,20.938,20.938,20.938,20.938,20.938,20.938,20.938,20.938,20.938
2011-12-04 08:00:00,20.938,20.938,20.938,20.938,20.938,20.938,20.938,20.938,20.938,20.938,20.938,20.938
2011-12-04 09:00:00,16.44,16.44,16.44,16.44,16.44,16.44,16.44,16.44,16.44,16.44,16.44,16.44
2011-12-04 10:00:00,15.776,15.776,15.776,15.776,15.776,15.776,15.776,15.776,15.776,15.776,15.776,15.776
2011-12-04 11:00:00,15.776,15.776,15.776,15.776,15.776,15.776,15.776,15.776,15.776,15.776,15.776,15.776
2011-12-04 12:00:00,15.776,15.776,15.776,15.776,15.776,15.776,15.776,15.776,15.776,15.776,15.776,15.776
2011-12-04 13:00:00,16.204,16.204,16.204,16.204,16.204,16.204,16.204,16.204,16.204,16.204,16.204,16.204
2011-12-04 14:00:00,19.933,19.933,19.933,19.933,19.933,19.933,19.933,19.933,19.933,19.933,19.933,19.933
2011-12-04 15:00:00,20.938,20.938,20.938,20.938,20.938,20.938,20.938,20.938,20.938,20.938,20.938,20.938
2011-12-04 16:00:00,20.938,20.938,20.938,20.938,20.938,20.938,20.938,20.938,20.938,20.938,20.938,20.938
2011-12-04 17:00:00,20.938,20.938,20.938,20.938,20.938,20.938,20.938,20.938,20.938,20.938,20.938,20.938
2011-12-04 18:00:00,20.938,20.938,20.938,20.938,20.938,20.938,20.938,20.938,20.938,20.938,20.938,20.938
2011-12-04 19:00:00,20.938,20.938,20.938,20.938,20.938,20.938,20.938,20.938,20.938,20.938,20.938,20.938
2011-12-04 20:00:00,20.938,20.938,20.938,20.938,20.938,20.938,20.938,20.938,20.938,20.938,20.938,20.938
2011-12-04 21:00:00,20.938,20.938,20.938,20.938,20.938,20.938,20.938,20.938,20.938,20.938,20.938,20.938
2011-12-04 22:00:00,20.938,20.938,20.938,20.938,20.938,20.938,20.938,20.938,20.938,20.938,20.938,20.938
2011-12-04 23:00:00,20.938,20.938,20.938,20.938,20.938,20.938,20.938,20.938,20.938,20.938,20.938,20.938
2011-12-05 00:00:00,23.641,23.641,23.641,23.641,23.641,23.641,23.641,23.641,23.641,23.641,23.641,23.641
2011-12-05 01:00:00,23.641,23.641,23.641,23.641,23.641,23.641,23.641,23.641,23.641,23.641,23.641,23.641
2011-12-05 02:00:00,23.641,23.641,23.641,23.641,23.641,23.641,23.641,23.641,23.641,23.641,23.641,23.641
2011-12-05 03:00:00,23.641,23.641,23.641,23.641,23.641,23.641,23.641,23.641,23.641,23.641,23.641,23.641
2011-12-05 04:00:00,23.641,23.641,23.641,23.641,23.641,23.641,23.641,23.641,23.641,23.641,23.641,23.641
2011-12-05 05:00:00,23.641,23.641,23.641,23.641,23.641,23.641,23.641,23.641,23.641,23.641,23.641,23.641
2011-12-05 06:00:00,23.094,23.094,23.094,23.094,23.094,23.094,23.094,23.094,23.094,23.094,23.094,23.094
2011-12-05 07:00:00,21.646,21.646,21.646,21.646,21.646,21.646,21.646,21.646,21.646,21.646,21.646,21.646
2011-12-05 08:00:00,20.676,20.676,20.676,20.676,20.676,20.676,20.676,20.676,20.676,20.676,20.676,20.676
2011-12-05 09:00:00,18.591,18.591,18.591,18.591,18.591,18.591,18.591,18.591,18.591,18.591,18.591,18.591
2011-12-05 10:00:00,17.905,17.905,17.905,17.905,17.905,17.905,17.905,17.905,17.905,17.905,17.905,17.905
2011-12-05 11:00:00,17.255,17.255,17.255,17.255,17.255,17.255,17.255,17.255,17.255,17.255,17.255,17.255
2011-12-05 12:00:00,17.255,17.255,17.255,17.255,17.255,17.255,17.255,17.255,17.255,17.255,17.255,17.255
2011-12-05 13:00:00,17.483,17.483,17.483,17.483,17.483,17.483,17.483,17.483,17.483,17.483,17.483,17.483
2011-12-05 14:00:00,19.09,19.09,19.09,19.09,19.09,19.09,19.09,19.09,19.09,19.09,19.09,19.09
2011-12-05 15:00:00,23.641,23.641,23.641,23.641,23.641,23.641,23.641,23.641,23.641,23.641,23.641,23.641
2011-12-05 16:00:00,23.747,23.747,23.747,23.747,23.747,23.747,23.747,23.747,23.747,23.747,23.747,23.747
2011-12-05 17:00:00,23.747,23.747,23.747,23.747,23.747,23.747,23.747,23.747,23.747,23.747,23.747,23.747
2011-12-05 18:00:00,23.641,23.641,23.641,23.641,23.641,23.641,23.641,23.641,23.641,23.641,23.641,23.641
2011-12-05 19:00:00,23.641,23.641,23.641,23.641,23.641,23.641,23.641,23.641,23.641,23.641,23.641,23.641
2011-12-05 20:00:00,23.641,23.641,23.641,23.641,23.641,23.641,23.641,23.641,23.641,23.641,23.641,23.641
2011-12-05 21:00:00,23.641,23.641,23.641,23.641,23.641,23.641,23.641,23.641,23.641,23.641,23.641,23.641
2011-12-05 22:00:00,23.641,23.641,23.641,23.641,23.641,23.641,23.641,23.641,23.641,23.641,23.641,23.641
2011-12-05 23:00:00,23.641,23.641,23.641,23.641,23.641,23.641,23.641,23.641,23.641,23.641,23.641,23.641
2011-12-06 00:00:00,22.522,22.522,22.522,22.522,22.522,22.522,22.522,22.522,22.522,22.522,22.522,22.522
2011-12-06 01:00:00,22.522,22.522,22.522,22.522,22.522,22.522,22.522,22.522,22.522,22.522,22.522,22.522
2011-12-06 02:00:00,22.522,22.522,22.522,22.522,22.522,22.522,22.522,22.522,22.522,22.522,22.522,22.522
2011-12-06 03:00:00,22.522,22.522,22.522,22.522,22.522,22.522,22.522,22.522,22.522,22.522,22.522,22.522
2011-12-06 04:00:00,22.522,22.522,22.522,22.522,22.522,22.522,22.522,22.522,22.522,22.522,22.522,22.522
2011-12-06 05:00:00,22.522,22.522,22.522,22.522,22.522,22.522,22.522,22.522,22.522,22.522,22.522,22.522
2011-12-06 06:00:00,22.466,22.466,22.466,22.466,22.466,22.466,22.466,22.466,22.466,22.466,22.466,22.466
2011-12-06 07:00:00,21.758,21.758,21.758,21.758,21.758,21.758,21.758,21.758,21.758,21.758,21.758,21.758
2011-12-06 08:00:00,21.514,21.514,21.514,21.514,21.514,21.514,21.514,21.514,21.514,21.514,21.514,21.514
2011-12-06 09:00:00,19.717,19.717,19.717,19.717,19.717,19.717,19.717,19.717,19.717,19.717,19.717,19.717
2011-12-06 10:00:00,19.717,19.717,19.717,19.717,19.717,19.717,19.717,19.717,19.717,19.717,19.717,19.717
2011-12-06 11:00:00,19.717,19.717,19.717,19.717,19.717,19.717,19.717,19.717,19.717,19.717,19.717,19.717
2011-12-06 12:00:00,19.873,19.873,19.873,19.873,19.873,19.873,19.873,19.873,19.873,19.873,19.873,19.873
2011-12-06 13:00:00,20.66,20.66,20.66,20.66,20.66,20.66,20.66,20.66,20.66,20.66,20.66,20.66
2011-12-06 14:00:00,21.371,21.371,21.371,21.371,21.371,21.371,21.371,21.371,21.371,21.371,21.371,21.371
2011-12-06 15:00:00,22.522,22.522,22.522,22.522,22.522,22.522,22.522,22.522,22.522,22.522,22.522,22.522
2011-12-06 16:00:00,22.522,22.522,22.522,22.522,22.522,22.522,22.522,22.522,22.522,22.522,22.522,22.522
2011-12-06 17:00:00,22.522,22.522,22.522,22.522,22.522,22.522,22.522,22.522,22.522,22.522,22.522,22.522
2011-12-06 18:00:00,22.522,22.522,22.522,22.522,22.522,22.522,22.522,22.522,22.522,22.522,22.522,22.522
2011-12-06 19:00:00,22.522,22.522,22.522,22.522,22.522,22.522,22.522,22.522,22.522,22.522,22.522,22.522
2011-12-06 20:00:00,22.522,22.522,22.522,22.522,22.522,22.522,22.522,22.522,22.522,22.522,22.522,22.522
2011-12-06 21:00:00,22.522,22.522,22.522,22.522,22.522,22.522,22.522,22.522,22.522,22.522,22.522,22.522
2011-12-06 22:00:00,22.522,22.522,22.522,22.522,22.522,22.522,22.522,22.522,22.522,22.522,22.522,22.522
2011-12-06 23:00:00,22.522,22.522,22.522,22.522,22.522,22.522,22.522,22.522,22.522,22.522,22.522,22.522
2011-12-07 00:00:00,24.439,24.439,24.439,24.439,24.439,24.439,24.439,24.439,24.439,24.439,24.439,24.439
2011-12-07 01:00:00,24.439,24.439,24.439,24.439,24.439,24.439,24.439,24.439,24.439,24.439,24.439,24.439
2011-12-07 02:00:00,24.439,24.439,24.439,24.439,24.439,24.439,24.439,24.439,24.439,24.439,24.439,24.439
2011-12-07 03:00:00,24.439,24.439,24.439,24.439,24.439,24.439,24.439,24.439,24.439,24.439,24.439,24.439
2011-12-07 04:00:00,24.439,24.439,24.439,24.439,24.439,24.439,24.439,24.439,24.439,24.439,24.439,24.439
2011-12-07 05:00:00,24.439,24.439,24.439,24.439,24.439,24.439,24.439,24.439,24.439,24.439,24.439,24.439
2011-12-07 06:00:00,23.706,23.706,23.706,23.706,23.706,23.706,23.706,23.706,23.706,23.706,23.706,23.706
2011-12-07 07:00:00,22.157,22.157,22.157,22.157,22.157,22.157,22.157,22.157,22.157,22.157,22.157,22.157
2011-12-07 08:00:00,21.977,21.977,21.977,21.977,21.977,21.977,21.977,21.977,21.977,21.977,21.977,21.977
2011-12-07 09:00:00,20.415,20.415,20.415,20.415,20.415,20.415,20.415,20.415,20.415,20.415,20.415,20.415
2011-12-07 10:00:00,19.543,19.543,19.543,19.543,19.543,19.543,19.543,19.543,19.543,19.543,19.543,19.543
2011-12-07 11:00:00,19.011,19.011,19.011,19.011,19.011,19.011,19.011,19.011,19.011,19.011,19.011,19.011
2011-12-07 12:00:00,19.011,19.011,19.011,19.011,19.011,19.011,19.011,19.011,19.011,19.011,19.011,19.011
2011-12-07 13:00:00,20.296,20.296,20.296,20.296,20.296,20.296,20.296,20.296,20.296,20.296,20.296,20.296
2011-12-07 14:00:00,23.597,23.597,23.597,23.597,23.597,23.597,23.597,23.597,23.597,23.597,23.597,23.597
2011-12-07 15:00:00,24.439,24.439,24.439,24.439,24.439,24.439,24.439,24.439,24.439,24.439,24.439,24.439
2011-12-07 16:00:00,24.721,24.721,24.721,24.721,24.721,24.721,24.721,24.721,24.721,24.721,24.721,24.721
2011-12-07 17:00:00,24.692,24.692,24.692,24.692,24.692,24.692,24.692,24.692,24.692,24.692,24.692,24.692
2011-12-07 18:00:00,24.491,24.491,24.491,24.491,24.491,24.491,24.491,24.491,24.491,24.491,24.491,24.491
2011-12-07 19:00:00,24.439,24.439,24.439,24.439,24.439,24.439,24.439,24.439,24.439,24.439,24.439,24.439
2011-12-07 20:00:00,24.439,24.439,24.439,24.439,24.439,24.439,24.439,24.439,24.439,24.439,24.439,24.439
2011-12-07 21:00:00,24.439,24.439,24.439,24.439,24.439,24.439,24.439,24.439,24.439,24.439,24.439,24.439
2011-12-07 22:00:00,24.439,24.439,24.439,24.439,24.439,24.439,24.439,24.439,24.439,24.439,24.439,24.439
2011-12-07 23:00:00,24.439,24.439,24.439,24.439,24.439,24.439,24.439,24.439,24.439,24.439,24.439,24.439
2011-12-08 00:00:00,23.766,23.766,23.766,23.766,23.766,23.766,23.766,23.766,23.766,23.766,23.766,23.766
2011-12-08 01:00:00,23.766,23.766,23.766,23.766,23.766,23.766,23.766,23.766,23.766,23.766,23.766,23.766
2011-12-08 02:00:00,23.766,23.766,23.766,23.766,23.766,23.766,23.766,23.766,23.766,23.766,23.766,23.766
2011-12-08 03:00:00,23.766,23.766,23.766,23.766,23.766,23.766,23.766,23.766,23.766,23.766,23.766,23.766
2011-12-08 04:00:00,23.766,23.766,23.766,23.766,23.766,23.766,23.766,23.766,23.766,23.766,23.766,23.766
2011-12-08 05:00:00,24.187,24.187,24.187,24.187,24.187,24.187,24.187,24.187,24.187,24.187,24.187,24.187
2011-12-08 06:00:00,24.695,24.695,24.695,24.695,24.695,24.695,24.695,24.695,24.695,24.695,24.695,24.695
2011-12-08 07:00:00,25.155,25.155,25.155,25.155,25.155,25.155,25.155,25.155,25.155,25.155,25.155,25.155
2011-12-08 08:00:00,23.152,23.152,23.152,23.152,23.152,23.152,23.152,23.152,23.152,23.152,23.152,23.152
2011-12-08 09:00:00,21.107,21.107,21.107,21.107,21.107,21.107,21.107,21.107,21.107,21.107,21.107,21.107
2011-12-08 10:00:00,19.057,19.057,19.057,19.057,19.057,19.057,19.057,19.057,19.057,19.057,19.057,19.057
2011-12-08 11:00:00,19.057,19.057,19.057,19.057,19.057,19.057,19.057,19.057,19.057,19.057,19.057,19.057
2011-12-08 12:00:00,19.057,19.057,19.057,19.057,19.057,19.057,19.057,19.057,19.057,19.057,19.057,19.057
2011-12-08 13:00:00,19.681,19.681,19.681,19.681,19.681,19.681,19.681,19.681,19.681,19.681,19.681,19.681
2011-12-08 14:00:00,21.57,21.57,21.57,21.57,21.57,21.57,21.57,21.57,21.57,21.57,21.57,21.57
2011-12-08 15:00:00,23.766,23.766,23.766,23.766,23.766,23.766,23.766,23.766,23.766,23.766,23.766,23.766
2011-12-08 16:00:00,23.766,23.766,23.766,23.766,23.766,23.766,23.766,23.766,23.766,23.766,23.766,23.766
2011-12-08 17:00:00,23.383,23.383,23.383,23.383,23.383,23.383,23.383,23.383,23.383,23.383,23.383,23.383
2011-12-08 18:00:00,23.326,23.326,23.326,23.326,23.326,23.326,23.326,23.326,23.326,23.326,23.326,23.326
2011-12-08 19:00:00,23.326,23.326,23.326,23.326,23.326,23.326,23.326,23.326,23.326,23.326,23.326,23.326
2011-12-08 20:00:00,23.326,23.326,23.326,23.326,23.326,23.326,23.326,23.326,23.326,23.326,23.326,23.326
2011-12-08 21:00:00,23.326,23.326,23.326,23.326,23.326,23.326,23.326,23.326,23.326,23.326,23.326,23.326
2011-12-08 22:00:00,23.326,23.326,23.326,23.326,23.326,23.326,23.326,23.326,23.326,23.326,23.326,23.326
2011-12-08 23:00:00,23.326,23.326,23.326,23.326,23.326,23.326,23.326,23.326,23.326,23.326,23.326,23.326
2011-12-09 00:00:00,21.926,21.926,21.926,21.926,21.926,21.926,21.926,21.926,21.926,21.926,21.926,21.926
2011-12-09 01:00:00,21.926,21.926,21.926,21.926,21.926,21.926,21.926,21.926,21.926,21.926,21.926,21.926
2011-12-09 02:00:00,21.926,21.926,21.926,21.926,21.926,21.926,21.926,21.926,21.926,21.926,21.926,21.926
2011-12-09 03:00:00,21.926,21.926,21.926,21.926,21.926,21.926,21.926,21.926,21.926,21.926,21.926,21.926
2011-12-09 04:00:00,21.926,21.926,21.926,21.926,21.926,21.926,21.926,21.926,21.926,21.926,21.926,21.926
2011-12-09 05:00:00,21.926,21.926,21.926,21.926,21.926,21.926,21.926,21.926,21.926,21.926,21.926,21.926
2011-12-09 06:00:00,21.68,21.68,21.68,21.68,21.68,21.68,21.68,21.68,21.68,21.68,21.68,21.68
2011-12-09 07:00:00,21.503,21.503,21.503,21.503,21.503,21.503,21.503,21.503,21.503,21.503,21.503,21.503
2011-12-09 08:00:00,20.09,20.09,20.09,20.09,20.09,20.09,20.09,20.09,20.09,20.09,20.09,20.09
2011-12-09 09:00:00,18.128,18.128,18.128,18.128,18.128,18.128,18.128,18.128,18.128,18.128,18.128,18.128
2011-12-09 10:00:00,18.039,18.039,18.039,18.039,18.039,18.039,18.039,18.039,18.039,18.039,18.039,18.039
2011-12-09 11:00:00,17.8,17.8,17.8,17.8,17.8,17.8,17.8,17.8,17.8,17.8,17.8,17.8
2011-12-09 12:00:00,17.8,17.8,17.8,17.8,17.8,17.8,17.8,17.8,17.8,17.8,17.8,17.8
2011-12-09 13:00:00,18.591,18.591,18.591,18.591,18.591,18.591,18.591,18.591,18.591,18.591,18.591,18.591
2011-12-09 14:00:00,20.34,20.34,20.34,20.34,20.34,20.34,20.34,20.34,20.34,20.34,20.34,20.34
2011-12-09 15:00:00,21.936,21.936,21.936,21.936,21.936,21.936,21.936,21.936,21.936,21.936,21.936,21.936
2011-12-09 16:00:00,21.936,21.936,21.936,21.936,21.936,21.936,21.936,21.936,21.936,21.936,21.936,21.936
2011-12-09 17:00:00,21.936,21.936,21.936,21.936,21.936,21.936,21.936,21.936,21.936,21.936,21.936,21.936
2011-12-09 18:00:00,21.926,21.926,21.926,21.926,21.926,21.926,21.926,21.926,21.926,21.926,21.926,21.926
2011-12-09 19:00:00,21.926,21.926,21.926,21.926,21.926,21.926,21.926,21.926,21.926,21.926,21.926,21.926
2011-12-09 20:00:00,21.926,21.926,21.926,21.926,21.926,21.926,21.926,21.926,21.926,21.926,21.926,21.926
2011-12-09 21:00:00,21.926,21.926,21.926,21.926,21.926,21.926,21.926,21.926,21.926,21.926,21.926,21.926
2011-12-09 22:00:00,21.926,21.926,21.926,21.926,21.926,21.926,21.926,21.926,21.926,21.926,21.926,21.926
2011-12-09 23:00:00,21.926,21.926,21.926,21.926,21.926,21.926,21.926,21.926,21.926,21.926,21.926,21.926
2011-12-10 00:00:00,25.619,25.619,25.619,25.619,25.619,25.619,25.619,25.619,25.619,25.619,25.619,25.619
2011-12-10 01:00:00,25.619,25.619,25.619,25.619,25.619,25.619,25.619,25.619,25.619,25.619,25.619,25.619
2011-12-10 02:00:00,25.619,25.619,25.619,25.619,25.619,25.619,25.619,25.619,25.619,25.619,25.619,25.619
2011-12-10 03:00:00,25.619,25.619,25.619,25.619,25.619,25.619,25.619,25.619,25.619,25.619,25.619,25.619
2011-12-10 04:00:00,25.619,25.619,25.619,25.619,25.619,25.619,25.619,25.619,25.619,25.619,25.619,25.619
2011-12-10 05:00:00,25.619,25.619,25.619,25.619,25.619,25.619,25.619,25.619,25.619,25.619,25.619,25.619
2011-12-10 06:00:00,25.619,25.619,25.619,25.619,25.619,25.619,25.619,25.619,25.619,25.619,25.619,25.619
2011-12-10 07:00:00,25.619,25.619,25.619,25.619,25.619,25.619,25.619,25.619,25.619,25.619,25.619,25.619
2011-12-10 08:00:00,25.317,25.317,25.317,25.317,25.317,25.317,25.317,25.317,25.317,25.317,25.317,25.317
2011-12-10 09:00:00,21.319,21.319,21.319,21.319,21.319,21.319,21.319,21.319,21.319,21.319,21.319,21.319
2011-12-10 10:00:00,21.319,21.319,21.319,21.319,21.319,21.319,21.319,21.319,21.319,21.319,21.319,21.319
2011-12-10 11:00:00,21.319,21.319,21.319,21.319,21.319,21.319,21.319,21.319,21.319,21.319,21.319,21.319
2011-12-10 12:00:00,21.391,21.391,21.391,21.391,21.391,21.391,21.391,21.391,21.391,21.391,21.391,21.391
2011-12-10 13:00:00,22.633,22.633,22.633,22.633,22.633,22.633,22.633,22.633,22.633,22.633,22.633,22.633
2011-12-10 14:00:00,25.543,25.543,25.543,25.543,25.543,25.543,25.543,25.543,25.543,25.543,25.543,25.543
2011-12-10 15:00:00,25.619,25.619,25.619,25.619,25.619,25.619,25.619,25.619,25.619,25.619,25.619,25.619
2011-12-10 16:00:00,25.85,25.85,25.85,25.85,25.85,25.85,25.85,25.85,25.85,25.85,25.85,25.85
2011-12-10 17:00:00,25.999,25.999,25.999,25.999,25.999,25.999,25.999,25.999,25.999,25.999,25.999,25.999
2011-12-10 18:00:00,25.885,25.885,25.885,25.885,25.885,25.885,25.885,25.885,25.885,25.885,25.885,25.885
2011-12-10 19:00:00,25.85,25.85,25.85,25.85,25.85,25.85,25.85,25.85,25.85,25.85,25.85,25.85
2011-12-10 20:00:00,25.861,25.861,25.861,25.861,25.861,25.861,25.861,25.861,25.861,25.861,25.861,25.861
2011-12-10 21:00:00,25.885,25.885,25.885,25.885,25.885,25.885,25.885,25.885,25.885,25.885,25.885,25.885
2011-12-10 22:00:00,25.861,25.861,25.861,25.861,25.861,25.861,25.861,25.861,25.861,25.861,25.861,25.861
2011-12-10 23:00:00,25.861,25.861,25.861,25.861,25.861,25.861,25.861,25.861,25.861,25.861,25.861,25.861
2011-12-11 00:00:00,28.143,28.143,28.143,28.143,28.143,28.143,28.143,28.143,28.143,28.143,28.143,28.143
2011-12-11 01:00:00,28.143,28.143,28.143,28.143,28.143,28.143,28.143,28.143,28.143,28.143,28.143,28.143
2011-12-11 02:00:00,28.143,28.143,28.143,28.143,28.143,28.143,28.143,28.143,28.143,28.143,28.143,28.143
2011-12-11 03:00:00,28.143,28.143,28.143,28.143,28.143,28.143,28.143,28.143,28.143,28.143,28.143,28.143
2011-12-11 04:00:00,28.143,28.143,28.143,28.143,28.143,28.143,28.143,28.143,28.143,28.143,28.143,28.143
2011-12-11 05:00:00,28.143,28.143,28.143,28.143,28.143,28.143,28.143,28.143,28.143,28.143,28.143,28.143
2011-12-11 06:00:00,28.143,28.143,28.143,28.143,28.143,28.143,28.143,28.143,28.143,28.143,28.143,28.143
2011-12-11 07:00:00,28.143,28.143,28.143,28.143,28.143,28.143,28.143,28.143,28.143,28.143,28.143,28.143
2011-12-11 08:00:00,27.405,27.405,27.405,27.405,27.405,27.405,27.405,27.405,27.405,27.405,27.405,27.405
2011-12-11 09:00:00,24.22,24.22,24.22,24.22,24.22,24.22,24.22,24.22,24.22,24.22,24.22,24.22
2011-12-11 10:00:00,24.22,24.22,24.22,24.22,24.22,24.22,24.22,24.22,24.22,24.22,24.22,24.22
2011-12-11 11:00:00,24.22,24.22,24.22,24.22,24.22,24.22,24.22,24.22,24.22,24.22,24.22,24.22
2011-12-11 12:00:00,24.22,24.22,24.22,24.22,24.22,24.22,24.22,24.22,24.22,24.22,24.22,24.22
2011-12-11 13:00:00,26.224,26.224,26.224,26.224,26.224,26.224,26.224,26.224,26.224,26.224,26.224,26.224
2011-12-11 14:00:00,28.082,28.082,28.082,28.082,28.082,28.082,28.082,28.082,28.082,28.082,28.082,28.082
2011-12-11 15:00:00,28.143,28.143,28.143,28.143,28.143,28.143,28.143,28.143,28.143,28.143,28.143,28.143
2011-12-11 16:00:00,28.143,28.143,28.143,28.143,28.143,28.143,28.143,28.143,28.143,28.143,28.143,28.143
2011-12-11 17:00:00,28.143,28.143,28.143,28.143,28.143,28.143,28.143,28.143,28.143,28.143,28.143,28.143
2011-12-11 18:00:00,28.143,28.143,28.143,28.143,28.143,28.143,28.143,28.143,28.143,28.143,28.143,28.143
2011-12-11 19:00:00,28.143,28.143,28.143,28.143,28.143,28.143,28.143,28.143,28.143,28.143,28.143,28.143
2011-12-11 20:00:00,28.143,28.143,28.143,28.143,28.143,28.143,28.143,28.143,28.143,28.143,28.143,28.143
2011-12-11 21:00:00,28.143,28.143,28.143,28.143,28.143,28.143,28.143,28.143,28.143,28.143,28.143,28.143
2011-12-11 22:00:00,28.143,28.143,28.143,28.143,28.143,28.143,28.143,28.143,28.143,28.143,28.143,28.143
2011-12-11 23:00:00,28.143,28.143,28.143,28.143,28.143,28.143,28.143,28.143,28.143,28.143,28.143,28.143
2011-12-12 00:00:00,21.86,21.86,21.86,21.86,21.86,21.86,21.86,21.86,21.86,21.86,21.86,21.86
2011-12-12 01:00:00,21.86,21.86,21.86,21.86,21.86,21.86,21.86,21.86,21.86,21.86,21.86,21.86
2011-12-12 02:00:00,21.86,21.86,21.86,21.86,21.86,21.86,21.86,21.86,21.86,21.86,21.86,21.86
2011-12-12 03:00:00,21.86,21.86,21.86,21.86,21.86,21.86,21.86,21.86,21.86,21.86,21.86,21.86
2011-12-12 04:00:00,21.86,21.86,21.86,21.86,21.86,21.86,21.86,21.86,21.86,21.86,21.86,21.86
2011-12-12 05:00:00,21.86,21.86,21.86,21.86,21.86,21.86,21.86,21.86,21.86,21.86,21.86,21.86
2011-12-12 06:00:00,21.506,21.506,21.506,21.506,21.506,21.506,21.506,21.506,21.506,21.506,21.506,21.506
2011-12-12 07:00:00,21.523,21.523,21.523,21.523,21.523,21.523,21.523,21.523,21.523,21.523,21.523,21.523
2011-12-12 08:00:00,21.52,21.52,21.52,21.52,21.52,21.52,21.52,21.52,21.52,21.52,21.52,21.52
2011-12-12 09:00:00,20.131,20.131,20.131,20.131,20.131,20.131,20.131,20.131,20.131,20.131,20.131,20.131
2011-12-12 10:00:00,19.711,19.711,19.711,19.711,19.711,19.711,19.711,19.711,19.711,19.711,19.711,19.711
2011-12-12 11:00:00,18.267,18.267,18.267,18.267,18.267,18.267,18.267,18.267,18.267,18.267,18.267,18.267
2011-12-12 12:00:00,18.267,18.267,18.267,18.267,18.267,18.267,18.267,18.267,18.267,18.267,18.267,18.267
2011-12-12 13:00:00,19.107,19.107,19.107,19.107,19.107,19.107,19.107,19.107,19.107,19.107,19.107,19.107
2011-12-12 14:00:00,19.956,19.956,19.956,19.956,19.956,19.956,19.956,19.956,19.956,19.956,19.956,19.956
2011-12-12 15:00:00,21.86,21.86,21.86,21.86,21.86,21.86,21.86,21.86,21.86,21.86,21.86,21.86
2011-12-12 16:00:00,21.86,21.86,21.86,21.86,21.86,21.86,21.86,21.86,21.86,21.86,21.86,21.86
2011-12-12 17:00:00,21.86,21.86,21.86,21.86,21.86,21.86,21.86,21.86,21.86,21.86,21.86,21.86
2011-12-12 18:00:00,21.86,21.86,21.86,21.86,21.86,21.86,21.86,21.86,21.86,21.86,21.86,21.86
2011-12-12 19:00:00,21.86,21.86,21.86,21.86,21.86,21.86,21.86,21.86,21.86,21.86,21.86,21.86
2011-12-12 20:00:00,21.86,21.86,21.86,21.86,21.86,21.86,21.86,21.86,21.86,21.86,21.86,21.86
2011-12-12 21:00:00,21.86,21.86,21.86,21.86,21.86,21.86,21.86,21.86,21.86,21.86,21.86,21.86
2011-12-12 22:00:00,21.86,21.86,21.86,21.86,21.86,21.86,21.86,21.86,21.86,21.86,21.86,21.86
2011-12-12 23:00:00,21.86,21.86,21.86,21.86,21.86,21.86,21.86,21.86,21.86,21.86,21.86,21.86
2011-12-13 00:00:00,21.804,21.804,21.804,21.804,21.804,21.804,21.804,21.804,21.804,21.804,21.804,21.804
2011-12-13 01:00:00,21.804,21.804,21.804,21.804,21.804,21.804,21.804,21.804,21.804,21.804,21.804,21.804
2011-12-13 02:00:00,21.804,21.804,21.804,21.804,21.804,21.804,21.804,21.804,21.804,21.804,21.804,21.804
2011-12-13 03:00:00,21.804,21.804,21.804,21.804,21.804,21.804,21.804,21.804,21.804,21.804,21.804,21.804
2011-12-13 04:00:00,21.804,21.804,21.804,21.804,21.804,21.804,21.804,21.804,21.804,21.804,21.804,21.804
2011-12-13 05:00:00,21.876,21.876,21.876,21.876,21.876,21.876,21.876,21.876,21.876,21.876,21.876,21.876
2011-12-13 06:00:00,21.921,21.921,21.921,21.921,21.921,21.921,21.921,21.921,21.921,21.921,21.921,21.921
2011-12-13 07:00:00,21.815,21.815,21.815,21.815,21.815,21.815,21.815,21.815,21.815,21.815,21.815,21.815
2011-12-13 08:00:00,21.184,21.184,21.184,21.184,21.184,21.184,21.184,21.184,21.184,21.184,21.184,21.184
2011-12-13 09:00:00,20.093,20.093,20.093,20.093,20.093,20.093,20.093,20.093,20.093,20.093,20.093,20.093
2011-12-13 10:00:00,18.263,18.263,18.263,18.263,18.263,18.263,18.263,18.263,18.263,18.263,18.263,18.263
2011-12-13 11:00:00,18.263,18.263,18.263,18.263,18.263,18.263,18.263,18.263,18.263,18.263,18.263,18.263
2011-12-13 12:00:00,18.263,18.263,18.263,18.263,18.263,18.263,18.263,18.263,18.263,18.263,18.263,18.263
2011-12-13 13:00:00,19.716,19.716,19.716,19.716,19.716,19.716,19.716,19.716,19.716,19.716,19.716,19.716
2011-12-13 14:00:00,20.765,20.765,20.765,20.765,20.765,20.765,20.765,20.765,20.765,20.765,20.765,20.765
2011-12-13 15:00:00,21.815,21.815,21.815,21.815,21.815,21.815,21.815,21.815,21.815,21.815,21.815,21.815
2011-12-13 16:00:00,22.041,22.041,22.041,22.041,22.041,22.041,22.041,22.041,22.041,22.041,22.041,22.041
2011-12-13 17:00:00,22.041,22.041,22.041,22.041,22.041,22.041,22.041,22.041,22.041,22.041,22.041,22.041
2011-12-13 18:00:00,21.804,21.804,21.804,21.804,21.804,21.804,21.804,21.804,21.804,21.804,21.804,21.804
2011-12-13 19:00:00,21.804,21.804,21.804,21.804,21.804,21.804,21.804,21.804,21.804,21.804,21.804,21.804
2011-12-13 20:00:00,21.804,21.804,21.804,21.804,21.804,21.804,21.804,21.804,21.804,21.804,21.804,21.804
2011-12-13 21:00:00,21.804,21.804,21.804,21.804,21.804,21.804,21.804,21.804,21.804,21.804,21.804,21.804
2011-12-13 22:00:00,21.804,21.804,21.804,21.804,21.804,21.804,21.804,21.804,21.804,21.804,21.804,21.804
2011-12-13 23:00:00,21.804,21.804,21.804,21.804,21.804,21.804,21.804,21.804,21.804,21.804,21.804,21.804
2011-12-14 00:00:00,22.358,22.358,22.358,22.358,22.358,22.358,22.358,22.358,22.358,22.358,22.358,22.358
2011-12-14 01:00:00,22.358,22.358,22.358,22.358,22.358,22.358,22.358,22.358,22.358,22.358,22.358,22.358
2011-12-14 02:00:00,22.358,22.358,22.358,22.358,22.358,22.358,22.358,22.358,22.358,22.358,22.358,22.358
2011-12-14 03:00:00,22.358,22.358,22.358,22.358,22.358,22.358,22.358,22.358,22.358,22.358,22.358,22.358
2011-12-14 04:00:00,22.358,22.358,22.358,22.358,22.358,22.358,22.358,22.358,22.358,22.358,22.358,22.358
2011-12-14 05:00:00,22.358,22.358,22.358,22.358,22.358,22.358,22.358,22.358,22.358,22.358,22.358,22.358
2011-12-14 06:00:00,22.248,22.248,22.248,22.248,22.248,22.248,22.248,22.248,22.248,22.248,22.248,22.248
2011-12-14 07:00:00,21.922,21.922,21.922,21.922,21.922,21.922,21.922,21.922,21.922,21.922,21.922,21.922
2011-12-14 08:00:00,20.808,20.808,20.808,20.808,20.808,20.808,20.808,20.808,20.808,20.808,20.808,20.808
2011-12-14 09:00:00,19.274,19.274,19.274,19.274,19.274,19.274,19.274,19.274,19.274,19.274,19.274,19.274
2011-12-14 10:00:00,18.591,18.591,18.591,18.591,18.591,18.591,18.591,18.591,18.591,18.591,18.591,18.591
2011-12-14 11:00:00,18.591,18.591,18.591,18.591,18.591,18.591,18.591,18.591,18.591,18.591,18.591,18.591
2011-12-14 12:00:00,18.742,18.742,18.742,18.742,18.742,18.742,18.742,18.742,18.742,18.742,18.742,18.742
2011-12-14 13:00:00,19.681,19.681,19.681,19.681,19.681,19.681,19.681,19.681,19.681,19.681,19.681,19.681
2011-12-14 14:00:00,20.334,20.334,20.334,20.334,20.334,20.334,20.334,20.334,20.334,20.334,20.334,20.334
2011-12-14 15:00:00,22.028,22.028,22.028,22.028,22.028,22.028,22.028,22.028,22.028,22.028,22.028,22.028
2011-12-14 16:00:00,22.358,22.358,22.358,22.358,22.358,22.358,22.358,22.358,22.358,22.358,22.358,22.358
2011-12-14 17:00:00,22.358,22.358,22.358,22.358,22.358,22.358,22.358,22.358,22.358,22.358,22.358,22.358
2011-12-14 18:00:00,22.358,22.358,22.358,22.358,22.358,22.358,22.358,22.358,22.358,22.358,22.358,22.358
2011-12-14 19:00:00,22.358,22.358,22.358,22.358,22.358,22.358,22.358,22.358,22.358,22.358,22.358,22.358
2011-12-14 20:00:00,22.358,22.358,22.358,22.358,22.358,22.358,22.358,22.358,22.358,22.358,22.358,22.358
2011-12-14 21:00:00,22.358,22.358,22.358,22.358,22.358,22.358,22.358,22.358,22.358,22.358,22.358,22.358
2011-12-14 22:00:00,22.358,22.358,22.358,22.358,22.358,22.358,22.358,22.358,22.358,22.358,22.358,22.358
2011-12-14 23:00:00,22.358,22.358,22.358,22.358,22.358,22.358,22.358,22.358,22.358,22.358,22.358,22.358
2011-12-15 00:00:00,23.83,23.83,23.83,23.83,23.83,23.83,23.83,23.83,23.83,23.83,23.83,23.83
2011-12-15 01:00:00,23.83,23.83,23.83,23.83,23.83,23.83,23.83,23.83,23.83,23.83,23.83,23.83
2011-12-15 02:00:00,23.83,23.83,23.83,23.83,23.83,23.83,23.83,23.83,23.83,23.83,23.83,23.83
2011-12-15 03:00:00,23.83,23.83,23.83,23.83,23.83,23.83,23.83,23.83,23.83,23.83,23.83,23.83
2011-12-15 04:00:00,23.83,23.83,23.83,23.83,23.83,23.83,23.83,23.83,23.83,23.83,23.83,23.83
2011-12-15 05:00:00,23.83,23.83,23.83,23.83,23.83,23.83,23.83,23.83,23.83,23.83,23.83,23.83
2011-12-15 06:00:00,22.631,22.631,22.631,22.631,22.631,22.631,22.631,22.631,22.631,22.631,22.631,22.631
2011-12-15 07:00:00,21.384,21.384,21.384,21.384,21.384,21.384,21.384,21.384,21.384,21.384,21.384,21.384
2011-12-15 08:00:00,21.323,21.323,21.323,21.323,21.323,21.323,21.323,21.323,21.323,21.323,21.323,21.323
2011-12-15 09:00:00,18.005,18.005,18.005,18.005,18.005,18.005,18.005,18.005,18.005,18.005,18.005,18.005
2011-12-15 10:00:00,17.206,17.206,17.206,17.206,17.206,17.206,17.206,17.206,17.206,17.206,17.206,17.206
2011-12-15 11:00:00,17.206,17.206,17.206,17.206,17.206,17.206,17.206,17.206,17.206,17.206,17.206,17.206
2011-12-15 12:00:00,17.206,17.206,17.206,17.206,17.206,17.206,17.206,17.206,17.206,17.206,17.206,17.206
2011-12-15 13:00:00,18.377,18.377,18.377,18.377,18.377,18.377,18.377,18.377,18.377,18.377,18.377,18.377
2011-12-15 14:00:00,19.009,19.009,19.009,19.009,19.009,19.009,19.009,19.009,19.009,19.009,19.009,19.009
2011-12-15 15:00:00,22.505,22.505,22.505,22.505,22.505,22.505,22.505,22.505,22.505,22.505,22.505,22.505
2011-12-15 16:00:00,24.107,24.107,24.107,24.107,24.107,24.107,24.107,24.107,24.107,24.107,24.107,24.107
2011-12-15 17:00:00,24.304,24.304,24.304,24.304,24.304,24.304,24.304,24.304,24.304,24.304,24.304,24.304
2011-12-15 18:00:00,24.107,24.107,24.107,24.107,24.107,24.107,24.107,24.107,24.107,24.107,24.107,24.107
2011-12-15 19:00:00,24.107,24.107,24.107,24.107,24.107,24.107,24.107,24.107,24.107,24.107,24.107,24.107
2011-12-15 20:00:00,24.107,24.107,24.107,24.107,24.107,24.107,24.107,24.107,24.107,24.107,24.107,24.107
2011-12-15 21:00:00,24.207,24.207,24.207,24.207,24.207,24.207,24.207,24.207,24.207,24.207,24.207,24.207
2011-12-15 22:00:00,24.421,24.421,24.421,24.421,24.421,24.421,24.421,24.421,24.421,24.421,24.421,24.421
2011-12-15 23:00:00,24.421,24.421,24.421,24.421,24.421,24.421,24.421,24.421,24.421,24.421,24.421,24.421
2011-12-16 00:00:00,22.566,22.566,22.566,22.566,22.566,22.566,22.566,22.566,22.566,22.566,22.566,22.566
2011-12-16 01:00:00,22.566,22.566,22.566,22.566,22.566,22.566,22.566,22.566,22.566,22.566,22.566,22.566
2011-12-16 02:00:00,22.566,22.566,22.566,22.566,22.566,22.566,22.566,22.566,22.566,22.566,22.566,22.566
2011-12-16 03:00:00,22.566,22.566,22.566,22.566,22.566,22.566,22.566,22.566,22.566,22.566,22.566,22.566
2011-12-16 04:00:00,22.566,22.566,22.566,22.566,22.566,22.566,22.566,22.566,22.566,22.566,22.566,22.566
2011-12-16 05:00:00,22.618,22.618,22.618,22.618,22.618,22.618,22.618,22.618,22.618,22.618,22.618,22.618
2011-12-16 06:00:00,23.371,23.371,23.371,23.371,23.371,23.371,23.371,23.371,23.371,23.371,23.371,23.371
2011-12-16 07:00:00,23.455,23.455,23.455,23.455,23.455,23.455,23.455,23.455,23.455,23.455,23.455,23.455
2011-12-16 08:00:00,22.917,22.917,22.917,22.917,22.917,22.917,22.917,22.917,22.917,22.917,22.917,22.917
2011-12-16 09:00:00,21.305,21.305,21.305,21.305,21.305,21.305,21.305,21.305,21.305,21.305,21.305,21.305
2011-12-16 10:00:00,20.576,20.576,20.576,20.576,20.576,20.576,20.576,20.576,20.576,20.576,20.576,20.576
2011-12-16 11:00:00,19.928,19.928,19.928,19.928,19.928,19.928,19.928,19.928,19.928,19.928,19.928,19.928
2011-12-16 12:00:00,19.928,19.928,19.928,19.928,19.928,19.928,19.928,19.928,19.928,19.928,19.928,19.928
2011-12-16 13:00:00,20.758,20.758,20.758,20.758,20.758,20.758,20.758,20.758,20.758,20.758,20.758,20.758
2011-12-16 14:00:00,22.391,22.391,22.391,22.391,22.391,22.391,22.391,22.391,22.391,22.391,22.391,22.391
2011-12-16 15:00:00,22.566,22.566,22.566,22.566,22.566,22.566,22.566,22.566,22.566,22.566,22.566,22.566
2011-12-16 16:00:00,22.566,22.566,22.566,22.566,22.566,22.566,22.566,22.566,22.566,22.566,22.566,22.566
2011-12-16 17:00:00,22.566,22.566,22.566,22.566,22.566,22.566,22.566,22.566,22.566,22.566,22.566,22.566
2011-12-16 18:00:00,22.566,22.566,22.566,22.566,22.566,22.566,22.566,22.566,22.566,22.566,22.566,22.566
2011-12-16 19:00:00,22.566,22.566,22.566,22.566,22.566,22.566,22.566,22.566,22.566,22.566,22.566,22.566
2011-12-16 20:00:00,22.566,22.566,22.566,22.566,22.566,22.566,22.566,22.566,22.566,22.566,22.566,22.566
2011-12-16 21:00:00,22.566,22.566,22.566,22.566,22.566,22.566,22.566,22.566,22.566,22.566,22.566,22.566
2011-12-16 22:00:00,22.566,22.566,22.566,22.566,22.566,22.566,22.566,22.566,22.566,22.566,22.566,22.566
2011-12-16 23:00:00,22.566,22.566,22.566,22.566,22.566,22.566,22.566,22.566,22.566,22.566,22.566,22.566
2011-12-17 00:00:00,21.295,21.295,21.295,21.295,21.295,21.295,21.295,21.295,21.295,21.295,21.295,21.295
2011-12-17 01:00:00,21.295,21.295,21.295,21.295,21.295,21.295,21.295,21.295,21.295,21.295,21.295,21.295
2011-12-17 02:00:00,21.295,21.295,21.295,21.295,21.295,21.295,21.295,21.295,21.295,21.295,21.295,21.295
2011-12-17 03:00:00,21.295,21.295,21.295,21.295,21.295,21.295,21.295,21.295,21.295,21.295,21.295,21.295
2011-12-17 04:00:00,21.295,21.295,21.295,21.295,21.295,21.295,21.295,21.295,21.295,21.295,21.295,21.295
2011-12-17 05:00:00,21.295,21.295,21.295,21.295,21.295,21.295,21.295,21.295,21.295,21.295,21.295,21.295
2011-12-17 06:00:00,21.295,21.295,21.295,21.295,21.295,21.295,21.295,21.295,21.295,21.295,21.295,21.295
2011-12-17 07:00:00,21.295,21.295,21.295,21.295,21.295,21.295,21.295,21.295,21.295,21.295,21.295,21.295
2011-12-17 08:00:00,21.279,21.279,21.279,21.279,21.279,21.279,21.279,21.279,21.279,21.279,21.279,21.279
2011-12-17 09:00:00,17.96,17.96,17.96,17.96,17.96,17.96,17.96,17.96,17.96,17.96,17.96,17.96
2011-12-17 10:00:00,15.003,15.003,15.003,15.003,15.003,15.003,15.003,15.003,15.003,15.003,15.003,15.003
2011-12-17 11:00:00,15.003,15.003,15.003,15.003,15.003,15.003,15.003,15.003,15.003,15.003,15.003,15.003
2011-12-17 12:00:00,15.003,15.003,15.003,15.003,15.003,15.003,15.003,15.003,15.003,15.003,15.003,15.003
2011-12-17 13:00:00,15.003,15.003,15.003,15.003,15.003,15.003,15.003,15.003,15.003,15.003,15.003,15.003
2011-12-17 14:00:00,19.172,19.172,19.172,19.172,19.172,19.172,19.172,19.172,19.172,19.172,19.172,19.172
2011-12-17 15:00:00,21.295,21.295,21.295,21.295,21.295,21.295,21.295,21.295,21.295,21.295,21.295,21.295
2011-12-17 16:00:00,21.295,21.295,21.295,21.295,21.295,21.295,21.295,21.295,21.295,21.295,21.295,21.295
2011-12-17 17:00:00,21.295,21.295,21.295,21.295,21.295,21.295,21.295,21.295,21.295,21.295,21.295,21.295
2011-12-17 18:00:00,21.295,21.295,21.295,21.295,21.295,21.295,21.295,21.295,21.295,21.295,21.295,21.295
2011-12-17 19:00:00,21.295,21.295,21.295,21.295,21.295,21.295,21.295,21.295,21.295,21.295,21.295,21.295
2011-12-17 20:00:00,21.295,21.295,21.295,21.295,21.295,21.295,21.295,21.295,21.295,21.295,21.295,21.295
2011-12-17 21:00:00,21.295,21.295,21.295,21.295,21.295,21.295,21.295,21.295,21.295,21.295,21.295,21.295
2011-12-17 22:00:00,21.295,21.295,21.295,21.295,21.295,21.295,21.295,21.295,21.295,21.295,21.295,21.295
2011-12-17 23:00:00,21.295,21.295,21.295,21.295,21.295,21.295,21.295,21.295,21.295,21.295,21.295,21.295
2011-12-18 00:00:00,23.595,23.595,23.595,23.595,23.595,23.595,23.595,23.595,23.595,23.595,23.595,23.595
2011-12-18 01:00:00,23.595,23.595,23.595,23.595,23.595,23.595,23.595,23.595,23.595,23.595,23.595,23.595
2011-12-18 02:00:00,23.595,23.595,23.595,23.595,23.595,23.595,23.595,23.595,23.595,23.595,23.595,23.595
2011-12-18 03:00:00,23.595,23.595,23.595,23.595,23.595,23.595,23.595,23.595,23.595,23.595,23.595,23.595
2011-12-18 04:00:00,23.595,23.595,23.595,23.595,23.595,23.595,23.595,23.595,23.595,23.595,23.595,23.595
2011-12-18 05:00:00,23.595,23.595,23.595,23.595,23.595,23.595,23.595,23.595,23.595,23.595,23.595,23.595
2011-12-18 06:00:00,23.809,23.809,23.809,23.809,23.809,23.809,23.809,23.809,23.809,23.809,23.809,23.809
2011-12-18 07:00:00,23.809,23.809,23.809,23.809,23.809,23.809,23.809,23.809,23.809,23.809,23.809,23.809
2011-12-18 08:00:00,21.094,21.094,21.094,21.094,21.094,21.094,21.094,21.094,21.094,21.094,21.094,21.094
2011-12-18 09:00:00,8.9,8.9,8.9,8.9,8.9,8.9,8.9,8.9,8.9,8.9,8.9,8.9
2011-12-18 10:00:00,8.849,8.849,8.849,8.849,8.849,8.849,8.849,8.849,8.849,8.849,8.849,8.849
2011-12-18 11:00:00,8.849,8.849,8.849,8.849,8.849,8.849,8.849,8.849,8.849,8.849,8.849,8.849
2011-12-18 12:00:00,8.849,8.849,8.849,8.849,8.849,8.849,8.849,8.849,8.849,8.849,8.849,8.849
2011-12-18 13:00:00,8.849,8.849,8.849,8.849,8.849,8.849,8.849,8.849,8.849,8.849,8.849,8.849
2011-12-18 14:00:00,19.137,19.137,19.137,19.137,19.137,19.137,19.137,19.137,19.137,19.137,19.137,19.137
2011-12-18 15:00:00,23.595,23.595,23.595,23.595,23.595,23.595,23.595,23.595,23.595,23.595,23.595,23.595
2011-12-18 16:00:00,23.595,23.595,23.595,23.595,23.595,23.595,23.595,23.595,23.595,23.595,23.595,23.595
2011-12-18 17:00:00,23.595,23.595,23.595,23.595,23.595,23.595,23.595,23.595,23.595,23.595,23.595,23.595
2011-12-18 18:00:00,23.595,23.595,23.595,23.595,23.595,23.595,23.595,23.595,23.595,23.595,23.595,23.595
2011-12-18 19:00:00,23.595,23.595,23.595,23.595,23.595,23.595,23.595,23.595,23.595,23.595,23.595,23.595
2011-12-18 20:00:00,23.595,23.595,23.595,23.595,23.595,23.595,23.595,23.595,23.595,23.595,23.595,23.595
2011-12-18 21:00:00,23.595,23.595,23.595,23.595,23.595,23.595,23.595,23.595,23.595,23.595,23.595,23.595
2011-12-18 22:00:00,23.595,23.595,23.595,23.595,23.595,23.595,23.595,23.595,23.595,23.595,23.595,23.595
2011-12-18 23:00:00,23.595,23.595,23.595,23.595,23.595,23.595,23.595,23.595,23.595,23.595,23.595,23.595
2011-12-19 00:00:00,23.448,23.448,23.448,23.448,23.448,23.448,23.448,23.448,23.448,23.448,23.448,23.448
2011-12-19 01:00:00,23.448,23.448,23.448,23.448,23.448,23.448,23.448,23.448,23.448,23.448,23.448,23.448
2011-12-19 02:00:00,23.448,23.448,23.448,23.448,23.448,23.448,23.448,23.448,23.448,23.448,23.448,23.448
2011-12-19 03:00:00,23.448,23.448,23.448,23.448,23.448,23.448,23.448,23.448,23.448,23.448,23.448,23.448
2011-12-19 04:00:00,23.448,23.448,23.448,23.448,23.448,23.448,23.448,23.448,23.448,23.448,23.448,23.448
2011-12-19 05:00:00,23.448,23.448,23.448,23.448,23.448,23.448,23.448,23.448,23.448,23.448,23.448,23.448
2011-12-19 06:00:00,22.396,22.396,22.396,22.396,22.396,22.396,22.396,22.396,22.396,22.396,22.396,22.396
2011-12-19 07:00:00,23.541,23.541,23.541,23.541,23.541,23.541,23.541,23.541,23.541,23.541,23.541,23.541
2011-12-19 08:00:00,22.73,22.73,22.73,22.73,22.73,22.73,22.73,22.73,22.73,22.73,22.73,22.73
2011-12-19 09:00:00,20.498,20.498,20.498,20.498,20.498,20.498,20.498,20.498,20.498,20.498,20.498,20.498
2011-12-19 10:00:00,18.501,18.501,18.501,18.501,18.501,18.501,18.501,18.501,18.501,18.501,18.501,18.501
2011-12-19 11:00:00,18.501,18.501,18.501,18.501,18.501,18.501,18.501,18.501,18.501,18.501,18.501,18.501
2011-12-19 12:00:00,18.501,18.501,18.501,18.501,18.501,18.501,18.501,18.501,18.501,18.501,18.501,18.501
2011-12-19 13:00:00,19.303,19.303,19.303,19.303,19.303,19.303,19.303,19.303,19.303,19.303,19.303,19.303
2011-12-19 14:00:00,21.348,21.348,21.348,21.348,21.348,21.348,21.348,21.348,21.348,21.348,21.348,21.348
2011-12-19 15:00:00,23.448,23.448,23.448,23.448,23.448,23.448,23.448,23.448,23.448,23.448,23.448,23.448
2011-12-19 16:00:00,23.608,23.608,23.608,23.608,23.608,23.608,23.608,23.608,23.608,23.608,23.608,23.608
2011-12-19 17:00:00,23.61,23.61,23.61,23.61,23.61,23.61,23.61,23.61,23.61,23.61,23.61,23.61
2011-12-19 18:00:00,23.608,23.608,23.608,23.608,23.608,23.608,23.608,23.608,23.608,23.608,23.608,23.608
2011-12-19 19:00:00,23.448,23.448,23.448,23.448,23.448,23.448,23.448,23.448,23.448,23.448,23.448,23.448
2011-12-19 20:00:00,23.448,23.448,23.448,23.448,23.448,23.448,23.448,23.448,23.448,23.448,23.448,23.448
2011-12-19 21:00:00,23.448,23.448,23.448,23.448,23.448,23.448,23.448,23.448,23.448,23.448,23.448,23.448
2011-12-19 22:00:00,23.448,23.448,23.448,23.448,23.448,23.448,23.448,23.448,23.448,23.448,23.448,23.448
2011-12-19 23:00:00,23.448,23.448,23.448,23.448,23.448,23.448,23.448,23.448,23.448,23.448,23.448,23.448
2011-12-20 00:00:00,32.279,32.279,32.279,32.279,32.279,32.279,32.279,32.279,32.279,32.279,32.279,32.279
2011-12-20 01:00:00,32.279,32.279,32.279,32.279,32.279,32.279,32.279,32.279,32.279,32.279,32.279,32.279
2011-12-20 02:00:00,32.279,32.279,32.279,32.279,32.279,32.279,32.279,32.279,32.279,32.279,32.279,32.279
2011-12-20 03:00:00,32.279,32.279,32.279,32.279,32.279,32.279,32.279,32.279,32.279,32.279,32.279,32.279
2011-12-20 04:00:00,32.279,32.279,32.279,32.279,32.279,32.279,32.279,32.279,32.279,32.279,32.279,32.279
2011-12-20 05:00:00,32.279,32.279,32.279,32.279,32.279,32.279,32.279,32.279,32.279,32.279,32.279,32.279
2011-12-20 06:00:00,31.336,31.336,31.336,31.336,31.336,31.336,31.336,31.336,31.336,31.336,31.336,31.336
2011-12-20 07:00:00,30.837,30.837,30.837,30.837,30.837,30.837,30.837,30.837,30.837,30.837,30.837,30.837
2011-12-20 08:00:00,31.457,31.457,31.457,31.457,31.457,31.457,31.457,31.457,31.457,31.457,31.457,31.457
2011-12-20 09:00:00,27.283,27.283,27.283,27.283,27.283,27.283,27.283,27.283,27.283,27.283,27.283,27.283
2011-12-20 10:00:00,27.154,27.154,27.154,27.154,27.154,27.154,27.154,27.154,27.154,27.154,27.154,27.154
2011-12-20 11:00:00,27.175,27.175,27.175,27.175,27.175,27.175,27.175,27.175,27.175,27.175,27.175,27.175
2011-12-20 12:00:00,27.74,27.74,27.74,27.74,27.74,27.74,27.74,27.74,27.74,27.74,27.74,27.74
2011-12-20 13:00:00,30.203,30.203,30.203,30.203,30.203,30.203,30.203,30.203,30.203,30.203,30.203,30.203
2011-12-20 14:00:00,31.649,31.649,31.649,31.649,31.649,31.649,31.649,31.649,31.649,31.649,31.649,31.649
2011-12-20 15:00:00,33.226,33.226,33.226,33.226,33.226,33.226,33.226,33.226,33.226,33.226,33.226,33.226
2011-12-20 16:00:00,33.071,33.071,33.071,33.071,33.071,33.071,33.071,33.071,33.071,33.071,33.071,33.071
2011-12-20 17:00:00,33.095,33.095,33.095,33.095,33.095,33.095,33.095,33.095,33.095,33.095,33.095,33.095
2011-12-20 18:00:00,32.852,32.852,32.852,32.852,32.852,32.852,32.852,32.852,32.852,32.852,32.852,32.852
2011-12-20 19:00:00,32.655,32.655,32.655,32.655,32.655,32.655,32.655,32.655,32.655,32.655,32.655,32.655
2011-12-20 20:00:00,32.524,32.524,32.524,32.524,32.524,32.524,32.524,32.524,32.524,32.524,32.524,32.524
2011-12-20 21:00:00,32.524,32.524,32.524,32.524,32.524,32.524,32.524,32.524,32.524,32.524,32.524,32.524
2011-12-20 22:00:00,32.524,32.524,32.524,32.524,32.524,32.524,32.524,32.524,32.524,32.524,32.524,32.524
2011-12-20 23:00:00,32.333,32.333,32.333,32.333,32.333,32.333,32.333,32.333,32.333,32.333,32.333,32.333
2011-12-21 00:00:00,47.229,47.229,47.229,47.229,47.229,47.229,47.229,47.229,47.229,47.229,47.229,47.229
2011-12-21 01:00:00,47.229,47.229,47.229,47.229,47.229,47.229,47.229,47.229,47.229,47.229,47.229,47.229
2011-12-21 02:00:00,47.229,47.229,47.229,47.229,47.229,47.229,47.229,47.229,47.229,47.229,47.229,47.229
2011-12-21 03:00:00,47.229,47.229,47.229,47.229,47.229,47.229,47.229,47.229,47.229,47.229,47.229,47.229
2011-12-21 04:00:00,47.229,47.229,47.229,47.229,47.229,47.229,47.229,47.229,47.229,47.229,47.229,47.229
2011-12-21 05:00:00,47.229,47.229,47.229,47.229,47.229,47.229,47.229,47.229,47.229,47.229,47.229,47.229
2011-12-21 06:00:00,40.108,40.108,40.108,40.108,40.108,40.108,40.108,40.108,40.108,40.108,40.108,40.108
2011-12-21 07:00:00,41.533,41.533,41.533,41.533,41.533,41.533,41.533,41.533,41.533,41.533,41.533,41.533
2011-12-21 08:00:00,40.964,40.964,40.964,40.964,40.964,40.964,40.964,40.964,40.964,40.964,40.964,40.964
2011-12-21 09:00:00,38.708,38.708,38.708,38.708,38.708,38.708,38.708,38.708,38.708,38.708,38.708,38.708
2011-12-21 10:00:00,34.758,34.758,34.758,34.758,34.758,34.758,34.758,34.758,34.758,34.758,34.758,34.758
2011-12-21 11:00:00,34.758,34.758,34.758,34.758,34.758,34.758,34.758,34.758,34.758,34.758,34.758,34.758
2011-12-21 12:00:00,34.758,34.758,34.758,34.758,34.758,34.758,34.758,34.758,34.758,34.758,34.758,34.758
2011-12-21 13:00:00,39.123,39.123,39.123,39.123,39.123,39.123,39.123,39.123,39.123,39.123,39.123,39.123
2011-12-21 14:00:00,42.819,42.819,42.819,42.819,42.819,42.819,42.819,42.819,42.819,42.819,42.819,42.819
2011-12-21 15:00:00,47.334,47.334,47.334,47.334,47.334,47.334,47.334,47.334,47.334,47.334,47.334,47.334
2011-12-21 16:00:00,47.796,47.796,47.796,47.796,47.796,47.796,47.796,47.796,47.796,47.796,47.796,47.796
2011-12-21 17:00:00,48.789,48.789,48.789,48.789,48.789,48.789,48.789,48.789,48.789,48.789,48.789,48.789
2011-12-21 18:00:00,47.24,47.24,47.24,47.24,47.24,47.24,47.24,47.24,47.24,47.24,47.24,47.24
2011-12-21 19:00:00,47.24,47.24,47.24,47.24,47.24,47.24,47.24,47.24,47.24,47.24,47.24,47.24
2011-12-21 20:00:00,47.229,47.229,47.229,47.229,47.229,47.229,47.229,47.229,47.229,47.229,47.229,47.229
2011-12-21 21:00:00,47.229,47.229,47.229,47.229,47.229,47.229,47.229,47.229,47.229,47.229,47.229,47.229
2011-12-21 22:00:00,47.229,47.229,47.229,47.229,47.229,47.229,47.229,47.229,47.229,47.229,47.229,47.229
2011-12-21 23:00:00,47.229,47.229,47.229,47.229,47.229,47.229,47.229,47.229,47.229,47.229,47.229,47.229
2011-12-22 00:00:00,34.172,34.172,34.172,34.172,34.172,34.172,34.172,34.172,34.172,34.172,34.172,34.172
2011-12-22 01:00:00,34.172,34.172,34.172,34.172,34.172,34.172,34.172,34.172,34.172,34.172,34.172,34.172
2011-12-22 02:00:00,34.172,34.172,34.172,34.172,34.172,34.172,34.172,34.172,34.172,34.172,34.172,34.172
2011-12-22 03:00:00,34.172,34.172,34.172,34.172,34.172,34.172,34.172,34.172,34.172,34.172,34.172,34.172
2011-12-22 04:00:00,34.172,34.172,34.172,34.172,34.172,34.172,34.172,34.172,34.172,34.172,34.172,34.172
2011-12-22 05:00:00,34.172,34.172,34.172,34.172,34.172,34.172,34.172,34.172,34.172,34.172,34.172,34.172
2011-12-22 06:00:00,30.191,30.191,30.191,30.191,30.191,30.191,30.191,30.191,30.191,30.191,30.191,30.191
2011-12-22 07:00:00,31.284,31.284,31.284,31.284,31.284,31.284,31.284,31.284,31.284,31.284,31.284,31.284
2011-12-22 08:00:00,31.024,31.024,31.024,31.024,31.024,31.024,31.024,31.024,31.024,31.024,31.024,31.024
2011-12-22 09:00:00,29.437,29.437,29.437,29.437,29.437,29.437,29.437,29.437,29.437,29.437,29.437,29.437
2011-12-22 10:00:00,27.7,27.7,27.7,27.7,27.7,27.7,27.7,27.7,27.7,27.7,27.7,27.7
2011-12-22 11:00:00,27.7,27.7,27.7,27.7,27.7,27.7,27.7,27.7,27.7,27.7,27.7,27.7
2011-12-22 12:00:00,29.875,29.875,29.875,29.875,29.875,29.875,29.875,29.875,29.875,29.875,29.875,29.875
2011-12-22 13:00:00,30.975,30.975,30.975,30.975,30.975,30.975,30.975,30.975,30.975,30.975,30.975,30.975
2011-12-22 14:00:00,31.84,31.84,31.84,31.84,31.84,31.84,31.84,31.84,31.84,31.84,31.84,31.84
2011-12-22 15:00:00,34.172,34.172,34.172,34.172,34.172,34.172,34.172,34.172,34.172,34.172,34.172,34.172
2011-12-22 16:00:00,34.172,34.172,34.172,34.172,34.172,34.172,34.172,34.172,34.172,34.172,34.172,34.172
2011-12-22 17:00:00,34.172,34.172,34.172,34.172,34.172,34.172,34.172,34.172,34.172,34.172,34.172,34.172
2011-12-22 18:00:00,34.172,34.172,34.172,34.172,34.172,34.172,34.172,34.172,34.172,34.172,34.172,34.172
2011-12-22 19:00:00,34.172,34.172,34.172,34.172,34.172,34.172,34.172,34.172,34.172,34.172,34.172,34.172
2011-12-22 20:00:00,34.172,34.172,34.172,34.172,34.172,34.172,34.172,34.172,34.172,34.172,34.172,34.172
2011-12-22 21:00:00,34.172,34.172,34.172,34.172,34.172,34.172,34.172,34.172,34.172,34.172,34.172,34.172
2011-12-22 22:00:00,34.172,34.172,34.172,34.172,34.172,34.172,34.172,34.172,34.172,34.172,34.172,34.172
2011-12-22 23:00:00,34.172,34.172,34.172,34.172,34.172,34.172,34.172,34.172,34.172,34.172,34.172,34.172
2011-12-23 00:00:00,20.293,20.293,20.293,20.293,20.293,20.293,20.293,20.293,20.293,20.293,20.293,20.293
2011-12-23 01:00:00,20.293,20.293,20.293,20.293,20.293,20.293,20.293,20.293,20.293,20.293,20.293,20.293
2011-12-23 02:00:00,20.293,20.293,20.293,20.293,20.293,20.293,20.293,20.293,20.293,20.293,20.293,20.293
2011-12-23 03:00:00,20.293,20.293,20.293,20.293,20.293,20.293,20.293,20.293,20.293,20.293,20.293,20.293
2011-12-23 04:00:00,20.293,20.293,20.293,20.293,20.293,20.293,20.293,20.293,20.293,20.293,20.293,20.293
2011-12-23 05:00:00,20.293,20.293,20.293,20.293,20.293,20.293,20.293,20.293,20.293,20.293,20.293,20.293
2011-12-23 06:00:00,20.069,20.069,20.069,20.069,20.069,20.069,20.069,20.069,20.069,20.069,20.069,20.069
2011-12-23 07:00:00,20.322,20.322,20.322,20.322,20.322,20.322,20.322,20.322,20.322,20.322,20.322,20.322
2011-12-23 08:00:00,20.195,20.195,20.195,20.195,20.195,20.195,20.195,20.195,20.195,20.195,20.195,20.195
2011-12-23 09:00:00,19.921,19.921,19.921,19.921,19.921,19.921,19.921,19.921,19.921,19.921,19.921,19.921
2011-12-23 10:00:00,17.635,17.635,17.635,17.635,17.635,17.635,17.635,17.635,17.635,17.635,17.635,17.635
2011-12-23 11:00:00,17.259,17.259,17.259,17.259,17.259,17.259,17.259,17.259,17.259,17.259,17.259,17.259
2011-12-23 12:00:00,17.259,17.259,17.259,17.259,17.259,17.259,17.259,17.259,17.259,17.259,17.259,17.259
2011-12-23 13:00:00,17.555,17.555,17.555,17.555,17.555,17.555,17.555,17.555,17.555,17.555,17.555,17.555
2011-12-23 14:00:00,18.398,18.398,18.398,18.398,18.398,18.398,18.398,18.398,18.398,18.398,18.398,18.398
2011-12-23 15:00:00,20.293,20.293,20.293,20.293,20.293,20.293,20.293,20.293,20.293,20.293,20.293,20.293
2011-12-23 16:00:00,20.293,20.293,20.293,20.293,20.293,20.293,20.293,20.293,20.293,20.293,20.293,20.293
2011-12-23 17:00:00,20.293,20.293,20.293,20.293,20.293,20.293,20.293,20.293,20.293,20.293,20.293,20.293
2011-12-23 18:00:00,20.293,20.293,20.293,20.293,20.293,20.293,20.293,20.293,20.293,20.293,20.293,20.293
2011-12-23 19:00:00,20.296,20.296,20.296,20.296,20.296,20.296,20.296,20.296,20.296,20.296,20.296,20.296
2011-12-23 20:00:00,20.297,20.297,20.297,20.297,20.297,20.297,20.297,20.297,20.297,20.297,20.297,20.297
2011-12-23 21:00:00,20.481,20.481,20.481,20.481,20.481,20.481,20.481,20.481,20.481,20.481,20.481,20.481
2011-12-23 22:00:00,20.487,20.487,20.487,20.487,20.487,20.487,20.487,20.487,20.487,20.487,20.487,20.487
2011-12-23 23:00:00,20.297,20.297,20.297,20.297,20.297,20.297,20.297,20.297,20.297,20.297,20.297,20.297
2011-12-24 00:00:00,20.106,20.106,20.106,20.106,20.106,20.106,20.106,20.106,20.106,20.106,20.106,20.106
2011-12-24 01:00:00,20.106,20.106,20.106,20.106,20.106,20.106,20.106,20.106,20.106,20.106,20.106,20.106
2011-12-24 02:00:00,20.106,20.106,20.106,20.106,20.106,20.106,20.106,20.106,20.106,20.106,20.106,20.106
2011-12-24 03:00:00,20.106,20.106,20.106,20.106,20.106,20.106,20.106,20.106,20.106,20.106,20.106,20.106
2011-12-24 04:00:00,20.106,20.106,20.106,20.106,20.106,20.106,20.106,20.106,20.106,20.106,20.106,20.106
2011-12-24 05:00:00,20.106,20.106,20.106,20.106,20.106,20.106,20.106,20.106,20.106,20.106,20.106,20.106
2011-12-24 06:00:00,20.106,20.106,20.106,20.106,20.106,20.106,20.106,20.106,20.106,20.106,20.106,20.106
2011-12-24 07:00:00,20.106,20.106,20.106,20.106,20.106,20.106,20.106,20.106,20.106,20.106,20.106,20.106
2011-12-24 08:00:00,19.443,19.443,19.443,19.443,19.443,19.443,19.443,19.443,19.443,19.443,19.443,19.443
2011-12-24 09:00:00,13.2,13.2,13.2,13.2,13.2,13.2,13.2,13.2,13.2,13.2,13.2,13.2
2011-12-24 10:00:00,13.168,13.168,13.168,13.168,13.168,13.168,13.168,13.168,13.168,13.168,13.168,13.168
2011-12-24 11:00:00,13.168,13.168,13.168,13.168,13.168,13.168,13.168,13.168,13.168,13.168,13.168,13.168
2011-12-24 12:00:00,13.168,13.168,13.168,13.168,13.168,13.168,13.168,13.168,13.168,13.168,13.168,13.168
2011-12-24 13:00:00,13.168,13.168,13.168,13.168,13.168,13.168,13.168,13.168,13.168,13.168,13.168,13.168
2011-12-24 14:00:00,18.725,18.725,18.725,18.725,18.725,18.725,18.725,18.725,18.725,18.725,18.725,18.725
2011-12-24 15:00:00,20.196,20.196,20.196,20.196,20.196,20.196,20.196,20.196,20.196,20.196,20.196,20.196
2011-12-24 16:00:00,20.196,20.196,20.196,20.196,20.196,20.196,20.196,20.196,20.196,20.196,20.196,20.196
2011-12-24 17:00:00,20.196,20.196,20.196,20.196,20.196,20.196,20.196,20.196,20.196,20.196,20.196,20.196
2011-12-24 18:00:00,20.106,20.106,20.106,20.106,20.106,20.106,20.106,20.106,20.106,20.106,20.106,20.106
2011-12-24 19:00:00,20.106,20.106,20.106,20.106,20.106,20.106,20.106,20.106,20.106,20.106,20.106,20.106
2011-12-24 20:00:00,20.106,20.106,20.106,20.106,20.106,20.106,20.106,20.106,20.106,20.106,20.106,20.106
2011-12-24 21:00:00,20.106,20.106,20.106,20.106,20.106,20.106,20.106,20.106,20.106,20.106,20.106,20.106
2011-12-24 22:00:00,20.106,20.106,20.106,20.106,20.106,20.106,20.106,20.106,20.106,20.106,20.106,20.106
2011-12-24 23:00:00,20.106,20.106,20.106,20.106,20.106,20.106,20.106,20.106,20.106,20.106,20.106,20.106
2011-12-25 00:00:00,19.201,19.201,19.201,19.201,19.201,19.201,19.201,19.201,19.201,19.201,19.201,19.201
2011-12-25 01:00:00,19.201,19.201,19.201,19.201,19.201,19.201,19.201,19.201,19.201,19.201,19.201,19.201
2011-12-25 02:00:00,19.201,19.201,19.201,19.201,19.201,19.201,19.201,19.201,19.201,19.201,19.201,19.201
2011-12-25 03:00:00,19.201,19.201,19.201,19.201,19.201,19.201,19.201,19.201,19.201,19.201,19.201,19.201
2011-12-25 04:00:00,19.201,19.201,19.201,19.201,19.201,19.201,19.201,19.201,19.201,19.201,19.201,19.201
2011-12-25 05:00:00,19.201,19.201,19.201,19.201,19.201,19.201,19.201,19.201,19.201,19.201,19.201,19.201
2011-12-25 06:00:00,19.201,19.201,19.201,19.201,19.201,19.201,19.201,19.201,19.201,19.201,19.201,19.201
2011-12-25 07:00:00,19.201,19.201,19.201,19.201,19.201,19.201,19.201,19.201,19.201,19.201,19.201,19.201
2011-12-25 08:00:00,18.356,18.356,18.356,18.356,18.356,18.356,18.356,18.356,18.356,18.356,18.356,18.356
2011-12-25 09:00:00,7.763,7.763,7.763,7.763,7.763,7.763,7.763,7.763,7.763,7.763,7.763,7.763
2011-12-25 10:00:00,7.756,7.756,7.756,7.756,7.756,7.756,7.756,7.756,7.756,7.756,7.756,7.756
2011-12-25 11:00:00,7.756,7.756,7.756,7.756,7.756,7.756,7.756,7.756,7.756,7.756,7.756,7.756
2011-12-25 12:00:00,7.756,7.756,7.756,7.756,7.756,7.756,7.756,7.756,7.756,7.756,7.756,7.756
2011-12-25 13:00:00,7.763,7.763,7.763,7.763,7.763,7.763,7.763,7.763,7.763,7.763,7.763,7.763
2011-12-25 14:00:00,17.648,17.648,17.648,17.648,17.648,17.648,17.648,17.648,17.648,17.648,17.648,17.648
2011-12-25 15:00:00,19.201,19.201,19.201,19.201,19.201,19.201,19.201,19.201,19.201,19.201,19.201,19.201
2011-12-25 16:00:00,19.201,19.201,19.201,19.201,19.201,19.201,19.201,19.201,19.201,19.201,19.201,19.201
2011-12-25 17:00:00,19.201,19.201,19.201,19.201,19.201,19.201,19.201,19.201,19.201,19.201,19.201,19.201
2011-12-25 18:00:00,19.201,19.201,19.201,19.201,19.201,19.201,19.201,19.201,19.201,19.201,19.201,19.201
2011-12-25 19:00:00,19.201,19.201,19.201,19.201,19.201,19.201,19.201,19.201,19.201,19.201,19.201,19.201
2011-12-25 20:00:00,19.201,19.201,19.201,19.201,19.201,19.201,19.201,19.201,19.201,19.201,19.201,19.201
2011-12-25 21:00:00,19.201,19.201,19.201,19.201,19.201,19.201,19.201,19.201,19.201,19.201,19.201,19.201
2011-12-25 22:00:00,19.201,19.201,19.201,19.201,19.201,19.201,19.201,19.201,19.201,19.201,19.201,19.201
2011-12-25 23:00:00,19.201,19.201,19.201,19.201,19.201,19.201,19.201,19.201,19.201,19.201,19.201,19.201
2011-12-26 00:00:00,13.227,13.227,13.227,13.227,13.227,13.227,13.227,13.227,13.227,13.227,13.227,13.227
2011-12-26 01:00:00,13.227,13.227,13.227,13.227,13.227,13.227,13.227,13.227,13.227,13.227,13.227,13.227
2011-12-26 02:00:00,13.227,13.227,13.227,13.227,13.227,13.227,13.227,13.227,13.227,13.227,13.227,13.227
2011-12-26 03:00:00,13.227,13.227,13.227,13.227,13.227,13.227,13.227,13.227,13.227,13.227,13.227,13.227
2011-12-26 04:00:00,13.227,13.227,13.227,13.227,13.227,13.227,13.227,13.227,13.227,13.227,13.227,13.227
2011-12-26 05:00:00,13.227,13.227,13.227,13.227,13.227,13.227,13.227,13.227,13.227,13.227,13.227,13.227
2011-12-26 06:00:00,12.598,12.598,12.598,12.598,12.598,12.598,12.598,12.598,12.598,12.598,12.598,12.598
2011-12-26 07:00:00,8.164,8.164,8.164,8.164,8.164,8.164,8.164,8.164,8.164,8.164,8.164,8.164
2011-12-26 08:00:00,5.98,5.98,5.98,5.98,5.98,5.98,5.98,5.98,5.98,5.98,5.98,5.98
2011-12-26 09:00:00,5.834,5.834,5.834,5.834,5.834,5.834,5.834,5.834,5.834,5.834,5.834,5.834
2011-12-26 10:00:00,5.809,5.809,5.809,5.809,5.809,5.809,5.809,5.809,5.809,5.809,5.809,5.809
2011-12-26 11:00:00,5.809,5.809,5.809,5.809,5.809,5.809,5.809,5.809,5.809,5.809,5.809,5.809
2011-12-26 12:00:00,5.834,5.834,5.834,5.834,5.834,5.834,5.834,5.834,5.834,5.834,5.834,5.834
2011-12-26 13:00:00,6.058,6.058,6.058,6.058,6.058,6.058,6.058,6.058,6.058,6.058,6.058,6.058
2011-12-26 14:00:00,7.557,7.557,7.557,7.557,7.557,7.557,7.557,7.557,7.557,7.557,7.557,7.557
2011-12-26 15:00:00,13.227,13.227,13.227,13.227,13.227,13.227,13.227,13.227,13.227,13.227,13.227,13.227
2011-12-26 16:00:00,13.227,13.227,13.227,13.227,13.227,13.227,13.227,13.227,13.227,13.227,13.227,13.227
2011-12-26 17:00:00,13.227,13.227,13.227,13.227,13.227,13.227,13.227,13.227,13.227,13.227,13.227,13.227
2011-12-26 18:00:00,13.227,13.227,13.227,13.227,13.227,13.227,13.227,13.227,13.227,13.227,13.227,13.227
2011-12-26 19:00:00,13.227,13.227,13.227,13.227,13.227,13.227,13.227,13.227,13.227,13.227,13.227,13.227
2011-12-26 20:00:00,13.227,13.227,13.227,13.227,13.227,13.227,13.227,13.227,13.227,13.227,13.227,13.227
2011-12-26 21:00:00,13.227,13.227,13.227,13.227,13.227,13.227,13.227,13.227,13.227,13.227,13.227,13.227
2011-12-26 22:00:00,13.227,13.227,13.227,13.227,13.227,13.227,13.227,13.227,13.227,13.227,13.227,13.227
2011-12-26 23:00:00,13.227,13.227,13.227,13.227,13.227,13.227,13.227,13.227,13.227,13.227,13.227,13.227
2011-12-27 00:00:00,20.952,20.952,20.952,20.952,20.952,20.952,20.952,20.952,20.952,20.952,20.952,20.952
2011-12-27 01:00:00,20.952,20.952,20.952,20.952,20.952,20.952,20.952,20.952,20.952,20.952,20.952,20.952
2011-12-27 02:00:00,20.952,20.952,20.952,20.952,20.952,20.952,20.952,20.952,20.952,20.952,20.952,20.952
2011-12-27 03:00:00,20.952,20.952,20.952,20.952,20.952,20.952,20.952,20.952,20.952,20.952,20.952,20.952
2011-12-27 04:00:00,20.952,20.952,20.952,20.952,20.952,20.952,20.952,20.952,20.952,20.952,20.952,20.952
2011-12-27 05:00:00,20.952,20.952,20.952,20.952,20.952,20.952,20.952,20.952,20.952,20.952,20.952,20.952
2011-12-27 06:00:00,18.847,18.847,18.847,18.847,18.847,18.847,18.847,18.847,18.847,18.847,18.847,18.847
2011-12-27 07:00:00,18.847,18.847,18.847,18.847,18.847,18.847,18.847,18.847,18.847,18.847,18.847,18.847
2011-12-27 08:00:00,17.37,17.37,17.37,17.37,17.37,17.37,17.37,17.37,17.37,17.37,17.37,17.37
2011-12-27 09:00:00,12.786,12.786,12.786,12.786,12.786,12.786,12.786,12.786,12.786,12.786,12.786,12.786
2011-12-27 10:00:00,9.014,9.014,9.014,9.014,9.014,9.014,9.014,9.014,9.014,9.014,9.014,9.014
2011-12-27 11:00:00,6.543,6.543,6.543,6.543,6.543,6.543,6.543,6.543,6.543,6.543,6.543,6.543
2011-12-27 12:00:00,6.543,6.543,6.543,6.543,6.543,6.543,6.543,6.543,6.543,6.543,6.543,6.543
2011-12-27 13:00:00,6.543,6.543,6.543,6.543,6.543,6.543,6.543,6.543,6.543,6.543,6.543,6.543
2011-12-27 14:00:00,17.285,17.285,17.285,17.285,17.285,17.285,17.285,17.285,17.285,17.285,17.285,17.285
2011-12-27 15:00:00,21.658,21.658,21.658,21.658,21.658,21.658,21.658,21.658,21.658,21.658,21.658,21.658
2011-12-27 16:00:00,20.961,20.961,20.961,20.961,20.961,20.961,20.961,20.961,20.961,20.961,20.961,20.961
2011-12-27 17:00:00,20.952,20.952,20.952,20.952,20.952,20.952,20.952,20.952,20.952,20.952,20.952,20.952
2011-12-27 18:00:00,20.952,20.952,20.952,20.952,20.952,20.952,20.952,20.952,20.952,20.952,20.952,20.952
2011-12-27 19:00:00,20.952,20.952,20.952,20.952,20.952,20.952,20.952,20.952,20.952,20.952,20.952,20.952
2011-12-27 20:00:00,20.952,20.952,20.952,20.952,20.952,20.952,20.952,20.952,20.952,20.952,20.952,20.952
2011-12-27 21:00:00,20.952,20.952,20.952,20.952,20.952,20.952,20.952,20.952,20.952,20.952,20.952,20.952
2011-12-27 22:00:00,20.952,20.952,20.952,20.952,20.952,20.952,20.952,20.952,20.952,20.952,20.952,20.952
2011-12-27 23:00:00,20.952,20.952,20.952,20.952,20.952,20.952,20.952,20.952,20.952,20.952,20.952,20.952
2011-12-28 00:00:00,18.619,18.619,18.619,18.619,18.619,18.619,18.619,18.619,18.619,18.619,18.619,18.619
2011-12-28 01:00:00,18.619,18.619,18.619,18.619,18.619,18.619,18.619,18.619,18.619,18.619,18.619,18.619
2011-12-28 02:00:00,18.619,18.619,18.619,18.619,18.619,18.619,18.619,18.619,18.619,18.619,18.619,18.619
2011-12-28 03:00:00,18.619,18.619,18.619,18.619,18.619,18.619,18.619,18.619,18.619,18.619,18.619,18.619
2011-12-28 04:00:00,18.619,18.619,18.619,18.619,18.619,18.619,18.619,18.619,18.619,18.619,18.619,18.619
2011-12-28 05:00:00,19.423,19.423,19.423,19.423,19.423,19.423,19.423,19.423,19.423,19.423,19.423,19.423
2011-12-28 06:00:00,18.685,18.685,18.685,18.685,18.685,18.685,18.685,18.685,18.685,18.685,18.685,18.685
2011-12-28 07:00:00,18.685,18.685,18.685,18.685,18.685,18.685,18.685,18.685,18.685,18.685,18.685,18.685
2011-12-28 08:00:00,17.751,17.751,17.751,17.751,17.751,17.751,17.751,17.751,17.751,17.751,17.751,17.751
2011-12-28 09:00:00,13.568,13.568,13.568,13.568,13.568,13.568,13.568,13.568,13.568,13.568,13.568,13.568
2011-12-28 10:00:00,13.032,13.032,13.032,13.032,13.032,13.032,13.032,13.032,13.032,13.032,13.032,13.032
2011-12-28 11:00:00,12.679,12.679,12.679,12.679,12.679,12.679,12.679,12.679,12.679,12.679,12.679,12.679
2011-12-28 12:00:00,12.679,12.679,12.679,12.679,12.679,12.679,12.679,12.679,12.679,12.679,12.679,12.679
2011-12-28 13:00:00,12.679,12.679,12.679,12.679,12.679,12.679,12.679,12.679,12.679,12.679,12.679,12.679
2011-12-28 14:00:00,12.679,12.679,12.679,12.679,12.679,12.679,12.679,12.679,12.679,12.679,12.679,12.679
2011-12-28 15:00:00,18.345,18.345,18.345,18.345,18.345,18.345,18.345,18.345,18.345,18.345,18.345,18.345
2011-12-28 16:00:00,18.711,18.711,18.711,18.711,18.711,18.711,18.711,18.711,18.711,18.711,18.711,18.711
2011-12-28 17:00:00,18.711,18.711,18.711,18.711,18.711,18.711,18.711,18.711,18.711,18.711,18.711,18.711
2011-12-28 18:00:00,18.619,18.619,18.619,18.619,18.619,18.619,18.619,18.619,18.619,18.619,18.619,18.619
2011-12-28 19:00:00,18.619,18.619,18.619,18.619,18.619,18.619,18.619,18.619,18.619,18.619,18.619,18.619
2011-12-28 20:00:00,18.619,18.619,18.619,18.619,18.619,18.619,18.619,18.619,18.619,18.619,18.619,18.619
2011-12-28 21:00:00,18.619,18.619,18.619,18.619,18.619,18.619,18.619,18.619,18.619,18.619,18.619,18.619
2011-12-28 22:00:00,18.619,18.619,18.619,18.619,18.619,18.619,18.619,18.619,18.619,18.619,18.619,18.619
2011-12-28 23:00:00,18.619,18.619,18.619,18.619,18.619,18.619,18.619,18.619,18.619,18.619,18.619,18.619
2011-12-29 00:00:00,18.97,18.97,18.97,18.97,18.97,18.97,18.97,18.97,18.97,18.97,18.97,18.97
2011-12-29 01:00:00,18.97,18.97,18.97,18.97,18.97,18.97,18.97,18.97,18.97,18.97,18.97,18.97
2011-12-29 02:00:00,18.97,18.97,18.97,18.97,18.97,18.97,18.97,18.97,18.97,18.97,18.97,18.97
2011-12-29 03:00:00,18.97,18.97,18.97,18.97,18.97,18.97,18.97,18.97,18.97,18.97,18.97,18.97
2011-12-29 04:00:00,18.97,18.97,18.97,18.97,18.97,18.97,18.97,18.97,18.97,18.97,18.97,18.97
2011-12-29 05:00:00,18.97,18.97,18.97,18.97,18.97,18.97,18.97,18.97,18.97,18.97,18.97,18.97
2011-12-29 06:00:00,18.97,18.97,18.97,18.97,18.97,18.97,18.97,18.97,18.97,18.97,18.97,18.97
2011-12-29 07:00:00,19.045,19.045,19.045,19.045,19.045,19.045,19.045,19.045,19.045,19.045,19.045,19.045
2011-12-29 08:00:00,19.061,19.061,19.061,19.061,19.061,19.061,19.061,19.061,19.061,19.061,19.061,19.061
2011-12-29 09:00:00,18.683,18.683,18.683,18.683,18.683,18.683,18.683,18.683,18.683,18.683,18.683,18.683
2011-12-29 10:00:00,17.542,17.542,17.542,17.542,17.542,17.542,17.542,17.542,17.542,17.542,17.542,17.542
2011-12-29 11:00:00,17.542,17.542,17.542,17.542,17.542,17.542,17.542,17.542,17.542,17.542,17.542,17.542
2011-12-29 12:00:00,17.542,17.542,17.542,17.542,17.542,17.542,17.542,17.542,17.542,17.542,17.542,17.542
2011-12-29 13:00:00,17.542,17.542,17.542,17.542,17.542,17.542,17.542,17.542,17.542,17.542,17.542,17.542
2011-12-29 14:00:00,18.527,18.527,18.527,18.527,18.527,18.527,18.527,18.527,18.527,18.527,18.527,18.527
2011-12-29 15:00:00,19.045,19.045,19.045,19.045,19.045,19.045,19.045,19.045,19.045,19.045,19.045,19.045
2011-12-29 16:00:00,18.97,18.97,18.97,18.97,18.97,18.97,18.97,18.97,18.97,18.97,18.97,18.97
2011-12-29 17:00:00,18.97,18.97,18.97,18.97,18.97,18.97,18.97,18.97,18.97,18.97,18.97,18.97
2011-12-29 18:00:00,18.97,18.97,18.97,18.97,18.97,18.97,18.97,18.97,18.97,18.97,18.97,18.97
2011-12-29 19:00:00,18.97,18.97,18.97,18.97,18.97,18.97,18.97,18.97,18.97,18.97,18.97,18.97
2011-12-29 20:00:00,18.97,18.97,18.97,18.97,18.97,18.97,18.97,18.97,18.97,18.97,18.97,18.97
2011-12-29 21:00:00,18.97,18.97,18.97,18.97,18.97,18.97,18.97,18.97,18.97,18.97,18.97,18.97
2011-12-29 22:00:00,18.97,18.97,18.97,18.97,18.97,18.97,18.97,18.97,18.97,18.97,18.97,18.97
2011-12-29 23:00:00,18.97,18.97,18.97,18.97,18.97,18.97,18.97,18.97,18.97,18.97,18.97,18.97
2011-12-30 00:00:00,21.809,21.809,21.809,21.809,21.809,21.809,21.809,21.809,21.809,21.809,21.809,21.809
2011-12-30 01:00:00,21.809,21.809,21.809,21.809,21.809,21.809,21.809,21.809,21.809,21.809,21.809,21.809
2011-12-30 02:00:00,21.809,21.809,21.809,21.809,21.809,21.809,21.809,21.809,21.809,21.809,21.809,21.809
2011-12-30 03:00:00,21.809,21.809,21.809,21.809,21.809,21.809,21.809,21.809,21.809,21.809,21.809,21.809
2011-12-30 04:00:00,21.809,21.809,21.809,21.809,21.809,21.809,21.809,21.809,21.809,21.809,21.809,21.809
2011-12-30 05:00:00,21.809,21.809,21.809,21.809,21.809,21.809,21.809,21.809,21.809,21.809,21.809,21.809
2011-12-30 06:00:00,20.135,20.135,20.135,20.135,20.135,20.135,20.135,20.135,20.135,20.135,20.135,20.135
2011-12-30 07:00:00,18.554,18.554,18.554,18.554,18.554,18.554,18.554,18.554,18.554,18.554,18.554,18.554
2011-12-30 08:00:00,18.475,18.475,18.475,18.475,18.475,18.475,18.475,18.475,18.475,18.475,18.475,18.475
2011-12-30 09:00:00,13.142,13.142,13.142,13.142,13.142,13.142,13.142,13.142,13.142,13.142,13.142,13.142
2011-12-30 10:00:00,13.028,13.028,13.028,13.028,13.028,13.028,13.028,13.028,13.028,13.028,13.028,13.028
2011-12-30 11:00:00,13.028,13.028,13.028,13.028,13.028,13.028,13.028,13.028,13.028,13.028,13.028,13.028
2011-12-30 12:00:00,13.028,13.028,13.028,13.028,13.028,13.028,13.028,13.028,13.028,13.028,13.028,13.028
2011-12-30 13:00:00,17.629,17.629,17.629,17.629,17.629,17.629,17.629,17.629,17.629,17.629,17.629,17.629
2011-12-30 14:00:00,19.319,19.319,19.319,19.319,19.319,19.319,19.319,19.319,19.319,19.319,19.319,19.319
2011-12-30 15:00:00,21.809,21.809,21.809,21.809,21.809,21.809,21.809,21.809,21.809,21.809,21.809,21.809
2011-12-30 16:00:00,21.998,21.998,21.998,21.998,21.998,21.998,21.998,21.998,21.998,21.998,21.998,21.998
2011-12-30 17:00:00,21.809,21.809,21.809,21.809,21.809,21.809,21.809,21.809,21.809,21.809,21.809,21.809
2011-12-30 18:00:00,21.809,21.809,21.809,21.809,21.809,21.809,21.809,21.809,21.809,21.809,21.809,21.809
2011-12-30 19:00:00,21.809,21.809,21.809,21.809,21.809,21.809,21.809,21.809,21.809,21.809,21.809,21.809
2011-12-30 20:00:00,21.809,21.809,21.809,21.809,21.809,21.809,21.809,21.809,21.809,21.809,21.809,21.809
2011-12-30 21:00:00,21.809,21.809,21.809,21.809,21.809,21.809,21.809,21.809,21.809,21.809,21.809,21.809
2011-12-30 22:00:00,21.809,21.809,21.809,21.809,21.809,21.809,21.809,21.809,21.809,21.809,21.809,21.809
2011-12-30 23:00:00,21.809,21.809,21.809,21.809,21.809,21.809,21.809,21.809,21.809,21.809,21.809,21.809
2011-12-31 00:00:00,26.096,26.096,26.096,26.096,26.096,26.096,26.096,26.096,26.096,26.096,26.096,26.096
2011-12-31 01:00:00,26.096,26.096,26.096,26.096,26.096,26.096,26.096,26.096,26.096,26.096,26.096,26.096
2011-12-31 02:00:00,26.096,26.096,26.096,26.096,26.096,26.096,26.096,26.096,26.096,26.096,26.096,26.096
2011-12-31 03:00:00,26.096,26.096,26.096,26.096,26.096,26.096,26.096,26.096,26.096,26.096,26.096,26.096
2011-12-31 04:00:00,26.096,26.096,26.096,26.096,26.096,26.096,26.096,26.096,26.096,26.096,26.096,26.096
2011-12-31 05:00:00,26.096,26.096,26.096,26.096,26.096,26.096,26.096,26.096,26.096,26.096,26.096,26.096
2011-12-31 06:00:00,26.096,26.096,26.096,26.096,26.096,26.096,26.096,26.096,26.096,26.096,26.096,26.096
2011-12-31 07:00:00,26.096,26.096,26.096,26.096,26.096,26.096,26.096,26.096,26.096,26.096,26.096,26.096
2011-12-31 08:00:00,25.292,25.292,25.292,25.292,25.292,25.292,25.292,25.292,25.292,25.292,25.292,25.292
2011-12-31 09:00:00,23.132,23.132,23.132,23.132,23.132,23.132,23.132,23.132,23.132,23.132,23.132,23.132
2011-12-31 10:00:00,22.47,22.47,22.47,22.47,22.47,22.47,22.47,22.47,22.47,22.47,22.47,22.47
2011-12-31 11:00:00,22.47,22.47,22.47,22.47,22.47,22.47,22.47,22.47,22.47,22.47,22.47,22.47
2011-12-31 12:00:00,22.47,22.47,22.47,22.47,22.47,22.47,22.47,22.47,22.47,22.47,22.47,22.47
2011-12-31 13:00:00,24.687,24.687,24.687,24.687,24.687,24.687,24.687,24.687,24.687,24.687,24.687,24.687
2011-12-31 14:00:00,26.589,26.589,26.589,26.589,26.589,26.589,26.589,26.589,26.589,26.589,26.589,26.589
2011-12-31 15:00:00,26.79,26.79,26.79,26.79,26.79,26.79,26.79,26.79,26.79,26.79,26.79,26.79
2011-12-31 16:00:00,26.79,26.79,26.79,26.79,26.79,26.79,26.79,26.79,26.79,26.79,26.79,26.79
2011-12-31 17:00:00,26.79,26.79,26.79,26.79,26.79,26.79,26.79,26.79,26.79,26.79,26.79,26.79
2011-12-31 18:00:00,26.096,26.096,26.096,26.096,26.096,26.096,26.096,26.096,26.096,26.096,26.096,26.096
2011-12-31 19:00:00,26.096,26.096,26.096,26.096,26.096,26.096,26.096,26.096,26.096,26.096,26.096,26.096
2011-12-31 20:00:00,26.096,26.096,26.096,26.096,26.096,26.096,26.096,26.096,26.096,26.096,26.096,26.096
2011-12-31 21:00:00,26.096,26.096,26.096,26.096,26.096,26.096,26.096,26.096,26.096,26.096,26.096,26.096
2011-12-31 22:00:00,26.096,26.096,26.096,26.096,26.096,26.096,26.096,26.096,26.096,26.096,26.096,26.096
2011-12-31 23:00:00,26.096,26.096,26.096,26.096,26.096,26.096,26.096,26.096,26.096,26.096,26.096,26.096
